[-111, 107, 103, 107, -111, -110, 111, 97]
[1, -125, -80, -126, 13, 61, -79, 60]
[-75, 78, -2, 84, -72, -26, 17, -103]
[-119, 115, 119, 114, -111, -114, 104, 112]
[127, -103, -48, -101, 127, 81, -128, 86]
[111, -91, -90, -93, 111, 81, -111, 71]
[-78, 61, -69, 31, -49, 8, 37, 70]
[-3, 62, 12, 45, -27, 3, 26, 82]
[67, -23, 43, 62, 4, 2, 14, 94]
[49, -39, 49, 24, -15, -3, 28, 96]
[54, -9, -20, -28, -1, 0, -5, 119]
[44, -8, 2, -2, -47, 0, -2, 127]
[-25, -6, 5, -8, 29, -1, 4, 127]
[41, 1, 0, 0, -29, 0, 4, 127]
[75, -111, -106, -111, 108, 110, -121, -48]
[-128, 127, 127, 127, -128, -128, 103, 32]
[-128, 125, 127, 126, -128, -128, 127, 112]
[96, -109, -18, -112, 127, 85, -128, 104]
[113, -122, -125, -120, 127, 121, -128, -99]
[-128, 127, 99, 127, -128, -128, 110, -17]
[-98, 127, 126, 127, -128, -128, 127, 118]
[127, -128, -105, -128, 127, 127, -128, 78]
[127, -125, -128, -127, 125, 124, -128, 81]
[100, -78, 44, -71, 100, 40, -100, 113]
[127, -128, -122, -128, 127, 127, -128, 76]
[-48, -6, -127, -15, 7, 78, -41, -105]
[-105, 103, 110, 99, -110, -118, 123, 79]
[127, -108, -11, -100, 124, 73, -115, 88]
[127, -125, -126, -121, 127, 113, -128, 86]
[127, -128, -108, -128, 127, 120, -127, -106]
[-13, 22, 127, 38, -40, -72, 81, 127]
[127, -122, -118, -107, 127, 98, -125, 63]
[-91, 29, -98, 16, -59, 42, -21, -107]
[-7, 15, 127, 30, -34, -62, 79, 127]
[127, -111, -47, -109, 127, 85, -128, 89]
[127, -127, -107, -122, 127, 118, -128, -103]
[-85, 32, -99, 16, -57, 41, -22, -103]
[127, -107, -45, -105, 127, 83, -128, 91]
[120, -124, -114, -108, 127, 99, -128, 70]
[-83, 23, -114, 7, -25, 57, -34, -105]
[-97, 119, 120, 117, -106, -121, 108, 109]
[127, -103, -36, -100, 127, 75, -128, 90]
[127, -127, -104, -122, 127, 116, -128, -106]
[-128, 127, 90, 127, -128, -128, 121, -28]
[-21, 31, 127, 46, -47, -80, 104, 127]
[127, -123, -113, -110, 127, 101, -128, 74]
[-87, 45, -82, 29, -88, 25, -12, -108]
[-104, 118, 119, 117, -103, -116, 105, 116]
[-1, 1, 127, 10, -20, -46, 26, 127]
[127, -120, -113, -102, 127, 95, -122, 57]
[-128, 124, 52, 123, -128, -96, 99, -16]
[-124, 120, 115, 120, -112, -119, 111, 118]
[72, -22, 104, -18, 40, -11, -57, 123]
[125, -117, -110, -96, 123, 90, -112, 65]
[-117, 91, -15, 80, -107, -38, 57, -60]
[-128, 127, 121, 127, -128, -128, 127, -32]
[127, -116, -95, -123, 127, 109, -128, 73]
[94, -86, -127, -102, 115, 122, -121, -126]
[-128, 124, 127, 127, -128, -128, 127, -18]
[127, -114, -106, -122, 127, 106, -128, 74]
[114, -120, -98, -115, 112, 103, -116, -82]
[-104, 113, 126, 108, -108, -125, 125, 78]
[-60, 66, 119, 87, -86, -110, 127, 127]
[124, -107, -116, -113, 127, 101, -128, 83]
[-128, 127, 101, 127, -128, -128, 127, -25]
[-108, 113, 114, 115, -105, -113, 108, 122]
[17, -10, 123, 0, -12, -37, 4, 127]
[-118, 99, 2, 91, -111, -54, 64, -48]
[-127, 121, 123, 127, -128, -128, 127, -30]
[106, -64, 33, -59, 101, 34, -89, 90]
[112, -117, -104, -113, 109, 105, -112, -78]
[-128, 127, 68, 127, -128, -109, 118, -4]
[-45, 47, 121, 66, -69, -89, 112, 127]
[124, -103, -120, -108, 127, 99, -128, 86]
[-103, 70, -35, 58, -105, -12, 26, -91]
[-117, 118, 114, 118, -115, -114, 109, 123]
[127, -128, -91, -128, 127, 118, -128, 76]
[6, -23, -128, -35, 38, 106, -91, -110]
[-107, 109, 123, 110, -109, -128, 127, 82]
[127, -100, -13, -96, 114, 65, -111, 77]
[125, -108, -123, -116, 127, 106, -128, 87]
[-128, 127, 105, 127, -128, -128, 127, -26]
[90, -26, 90, -18, 23, -12, -68, 123]
[109, -113, -106, -113, 114, 105, -96, -109]
[-128, 126, 48, 123, -128, -99, 119, -11]
[-49, 48, 116, 65, -60, -89, 113, 127]
[99, -102, -126, -110, 127, 104, -128, 83]
[-102, 74, -30, 66, -100, -23, 35, -74]
[-111, 119, 112, 117, -116, -113, 114, 114]
[72, -128, -99, -128, 127, 123, -128, 69]
[-33, 1, -128, -8, -6, 71, -56, -109]
[-88, 111, 119, 112, -103, -124, 126, 88]
[127, -117, -33, -114, 127, 82, -122, 70]
[127, -116, -111, -127, 127, 125, -128, -125]
[-99, 110, 118, 112, -104, -123, 127, 89]
[113, -52, 57, -42, 87, 15, -82, 102]
[114, -113, -112, -112, 105, 113, -100, -91]
[-128, 127, 72, 127, -128, -116, 127, -11]
[-11, 17, 124, 31, -41, -59, 68, 127]
[127, -107, -113, -122, 127, 127, -128, -120]
[-117, 91, -11, 84, -111, -45, 52, -60]
[-109, 122, 111, 122, -119, -117, 115, 119]
[127, -127, -108, -128, 127, 121, -128, 67]
[-88, 15, -117, 7, -43, 46, -32, -107]
[-96, 109, 118, 110, -102, -119, 124, 88]
[127, -127, -48, -124, 127, 93, -128, 72]
[86, -76, -115, -97, 106, 127, -128, -115]
[-91, 112, 110, 119, -110, -116, 116, 127]
[123, -119, -114, -115, 110, 111, -108, -93]
[-128, 127, 90, 127, -128, -128, 127, -12]
[51, -2, 125, 8, -21, -40, 4, 127]
[107, -107, -118, -100, 120, 89, -106, -47]
[61, -50, -121, -70, 78, 127, -128, -113]
[-115, 112, 120, 109, -104, -111, 117, 109]
[95, -111, -112, -106, 118, 91, -97, -102]
[-128, 124, 38, 120, -128, -93, 105, -11]
[-103, 108, 120, 105, -110, -128, 127, 84]
[127, -105, -12, -99, 119, 65, -107, 72]
[-128, 127, 108, 127, -128, -128, 127, -31]
[127, -128, -93, -128, 127, 123, -128, 68]
[-55, 6, -126, -5, -10, 68, -56, -105]
[-128, 127, 58, 127, -128, -111, 127, -11]
[127, -121, -34, -118, 127, 86, -124, 69]
[90, -101, -126, -104, 127, 99, -128, 40]
[-112, 96, -4, 89, -114, -53, 56, -50]
[-103, 122, 109, 122, -119, -114, 115, 123]
[127, -128, -112, -128, 127, 125, -128, 67]
[-128, 127, 88, 127, -128, -128, 127, -12]
[-109, 108, 117, 109, -99, -114, 121, 98]
[127, -128, -71, -128, 127, 111, -128, 65]
[-37, -5, -121, -16, 5, 83, -72, -111]
[-105, 111, 117, 114, -104, -128, 127, 95]
[127, -128, -99, -128, 127, 127, -128, 59]
[51, -63, -108, -83, 91, 122, -121, -119]
[-121, 109, 122, 115, -128, -128, 127, -15]
[113, -80, 23, -71, 103, 38, -85, 96]
[126, -120, -113, -114, 109, 107, -103, -102]
[-128, 127, 95, 127, -128, -128, 127, -20]
[96, -19, 112, -9, 2, -20, -45, 127]
[94, -110, -118, -110, 113, 112, -98, -100]
[-128, 117, 111, 126, -128, -128, 127, -31]
[-42, 30, 116, 46, -45, -78, 103, 127]
[100, -110, -128, -111, 127, 106, -128, -32]
[-120, 101, 3, 94, -125, -62, 53, -30]
[111, -83, 23, -75, 106, 42, -87, 93]
[126, -119, -113, -115, 109, 108, -105, -103]
[-92, 54, -56, 44, -82, -1, 11, -74]
[-111, 112, 118, 108, -107, -109, 115, 105]
[92, -109, -115, -109, 112, 104, -95, -91]
[-112, 72, -41, 62, -96, -18, 29, -70]
[-107, 110, 118, 107, -104, -124, 127, 87]
[127, -115, -18, -110, 126, 76, -113, 69]
[120, -107, -110, -123, 124, 121, -128, -119]
[-117, 123, 113, 118, -120, -112, 115, 114]
[104, -46, 79, -35, 31, 7, -77, 103]
[105, -113, -118, -111, 111, 112, -95, -93]
[-128, 127, 63, 127, -128, -117, 127, -14]
[113, -62, 54, -51, 83, 24, -84, 98]
[110, -110, -127, -108, 127, 100, -128, -41]
[-128, 103, 4, 97, -120, -63, 59, -29]
[-102, 119, 110, 123, -115, -115, 116, 127]
[127, -128, -51, -128, 127, 103, -128, 64]
[127, -128, -114, -128, 127, 126, -128, 75]
[-91, 45, -77, 35, -83, 11, -1, -84]
[76, -17, 118, -8, -5, -24, -31, 127]
[127, -128, -71, -128, 127, 115, -128, 65]
[-35, -25, -122, -40, 44, 113, -98, -111]
[-96, 107, 120, 104, -110, -128, 127, 68]
[127, -102, 2, -96, 118, 60, -104, 76]
[127, -121, -112, -123, 123, 115, -119, -114]
[-128, 124, 104, 127, -128, -128, 127, -32]
[103, -111, -118, -110, 114, 112, -95, -97]
[80, -107, -128, -113, 127, 107, -128, 42]
[-111, 89, -18, 82, -109, -43, 44, -54]
[-111, 124, 113, 119, -123, -113, 115, 118]
[109, -114, -118, -111, 108, 112, -93, -95]
[-81, 25, -112, 16, -78, 36, -35, -104]
[-96, 111, 105, 112, -93, -117, 127, 99]
[127, -128, -41, -127, 127, 98, -128, 63]
[24, -35, -113, -54, 60, 123, -109, -114]
[-77, 109, 120, 107, -119, -128, 127, 40]
[109, -96, 12, -88, 116, 52, -95, 81]
[123, -121, -112, -121, 120, 111, -111, -111]
[-120, 116, 117, 111, -110, -109, 114, 112]
[88, -30, 108, -20, 13, -10, -49, 117]
[104, -111, -118, -110, 112, 111, -98, -97]
[69, -54, -110, -75, 80, 125, -118, -114]
[-101, 113, 109, 121, -110, -114, 116, 127]
[112, -79, 35, -70, 102, 36, -85, 97]
[-87, 33, -110, 21, -57, 32, -18, -98]
[-97, 110, 108, 108, -103, -111, 117, 110]
[127, -128, -41, -128, 127, 100, -128, 68]
[112, -109, -122, -105, 123, 97, -121, -93]
[-128, 109, 13, 103, -128, -72, 68, -15]
[-110, 112, 106, 110, -102, -114, 123, 99]
[-91, 110, 112, 123, -110, -119, 120, 127]
[127, -128, -115, -128, 127, 124, -128, 76]
[-128, 127, 89, 127, -128, -128, 127, -21]
[-111, 112, 105, 109, -106, -111, 120, 108]
[101, -111, -125, -112, 120, 109, -109, -102]
[-128, 122, 30, 118, -128, -92, 94, -13]
[127, -104, 6, -97, 119, 62, -98, 71]
[127, -111, -110, -120, 121, 115, -116, -116]
[-111, 75, -42, 65, -97, -21, 31, -65]
[104, -51, 79, -40, 41, 11, -89, 100]
[109, -111, -120, -109, 113, 113, -96, -91]
[-98, 108, 115, 109, -93, -116, 120, 95]
[127, -128, -46, -128, 127, 103, -128, 59]
[100, -110, -127, -107, 124, 98, -118, -97]
[-128, 119, 18, 113, -128, -82, 79, -9]
[-87, 96, 108, 115, -95, -118, 125, 127]
[127, -122, -112, -121, 120, 112, -111, -109]
[-128, 124, 96, 127, -128, -128, 127, -31]
[94, -25, 118, -16, 12, -13, -29, 119]
[99, -110, -122, -110, 116, 113, -103, -98]
[-128, 127, 44, 127, -128, -110, 122, -17]
[-64, 51, 114, 73, -59, -106, 122, 127]
[127, -116, -8, -110, 127, 77, -108, 63]
[111, -82, -111, -103, 110, 122, -123, -118]
[-128, 106, 110, 117, -128, -128, 127, -42]
[96, -55, 82, -42, 50, 14, -80, 101]
[-83, 19, -126, 8, -53, 49, -43, -105]
[-41, 28, 121, 47, -45, -84, 106, 127]
[118, -106, -128, -109, 127, 105, -128, 39]
[-75, 22, -123, 11, -55, 43, -38, -104]
[-97, 110, 110, 111, -99, -115, 125, 100]
[104, -62, 71, -51, 61, 21, -83, 95]
[116, -116, -117, -113, 114, 112, -96, -93]
[-89, 29, -113, 20, -60, 30, -27, -103]
[-29, 24, 123, 40, -37, -77, 94, 127]
[115, -110, -128, -110, 127, 104, -128, -38]
[-128, 103, -3, 96, -123, -61, 61, -31]
[-115, 99, 115, 109, -128, -128, 127, -45]
[101, -71, 58, -60, 88, 27, -85, 99]
[127, -128, -106, -128, 127, 127, -128, 70]
[-128, 127, 73, 127, -128, -125, 127, -18]
[-19, 15, 126, 30, -33, -70, 82, 127]
[117, -102, -128, -106, 127, 103, -128, 4]
[-127, 98, -12, 92, -122, -56, 57, -38]
[-127, 127, 114, 124, -128, -116, 121, 123]
[127, -128, -98, -128, 127, 126, -128, 64]
[-78, 31, -113, 20, -80, 29, -27, -99]
[-102, 111, 112, 113, -94, -117, 127, 102]
[127, -128, -41, -128, 127, 100, -128, 65]
[118, -108, -127, -105, 127, 96, -123, -67]
[-116, 104, 119, 110, -127, -128, 127, -16]
[-97, 110, 110, 123, -107, -118, 121, 127]
[121, -120, -117, -117, 116, 111, -106, -96]
[-110, 112, 114, 109, -105, -111, 119, 99]
[127, -128, -71, -128, 127, 119, -128, 59]
[-37, -8, -122, -23, 23, 94, -77, -110]
[-100, 104, 117, 98, -107, -124, 125, 87]
[123, -111, -125, -122, 127, 116, -128, 58]
[127, -103, -112, -119, 120, 118, -119, -119]
[-128, 115, 104, 125, -128, -128, 127, -40]
[90, -32, 120, -19, 20, -10, -28, 116]
[127, -117, -113, -123, 127, 119, -122, -118]
[-82, 76, 112, 105, -84, -124, 127, 127]
[127, -116, -123, -127, 127, 119, -128, 72]
[-128, 116, 98, 125, -128, -128, 127, -36]
[97, -31, 119, -19, 20, -9, -43, 116]
[99, -105, -123, -96, 111, 90, -98, -62]
[-128, 116, 7, 112, -128, -80, 85, -23]
[-115, 102, 116, 111, -118, -128, 127, -47]
[127, -128, -103, -128, 127, 120, -128, 73]
[-89, 30, -121, 20, -54, 35, -15, -96]
[-128, 127, 64, 127, -128, -120, 127, -16]
[127, -122, -21, -118, 127, 88, -117, 69]
[-111, 83, -39, 74, -112, -30, 40, -58]
[-128, 120, 105, 127, -128, -128, 127, -38]
[127, -128, -73, -128, 127, 118, -128, 59]
[-22, -10, -124, -27, 25, 101, -88, -112]
[-113, 117, 111, 127, -119, -125, 127, 127]
[127, -128, -113, -128, 127, 124, -128, 74]
[127, -121, -119, -119, 116, 114, -111, -98]
[-21, 35, 127, 52, -44, -96, 99, 127]
[119, -107, -128, -114, 127, 113, -128, -12]
[-124, 94, -14, 87, -122, -51, 53, -41]
[-122, 104, 109, 112, -128, -128, 127, -45]
[94, -65, 70, -52, 86, 24, -83, 101]
[124, -106, -128, -109, 127, 105, -128, 33]
[-128, 127, 56, 127, -128, -117, 127, -17]
[-58, 50, 118, 75, -64, -111, 124, 127]
[127, -117, -2, -111, 127, 80, -111, 68]
[-113, 76, -55, 66, -104, -18, 37, -66]
[-123, 120, 102, 117, -122, -115, 121, 103]
[127, -128, -60, -128, 127, 112, -128, 61]
[63, -42, -120, -67, 67, 127, -123, -116]
[-116, 102, 114, 110, -124, -128, 127, -43]
[-128, 127, 113, 127, -128, -119, 119, 127]
[112, -118, -114, -116, 114, 112, -101, -93]
[-128, 127, 55, 127, -128, -116, 123, -18]
[-64, 58, 119, 83, -67, -121, 126, 127]
[127, -113, -124, -124, 127, 118, -128, 75]
[-117, 76, -51, 66, -101, -20, 40, -62]
[68, -13, 127, 0, 7, -29, 30, 121]
[-106, 48, -105, 36, -79, 17, 3, -82]
[-117, 102, 114, 110, -122, -128, 127, -45]
[-128, 127, 112, 127, -128, -120, 120, 127]
[112, -118, -119, -117, 115, 112, -101, -94]
[-128, 127, 57, 127, -128, -117, 127, -20]
[-103, 104, 110, 95, -101, -110, 127, 101]
[127, -111, 6, -104, 125, 75, -106, 71]
[-110, 71, -63, 61, -99, -12, 31, -65]
[-120, 119, 97, 115, -119, -114, 120, 100]
[127, -128, -45, -128, 127, 108, -128, 60]
[-124, 100, -12, 94, -125, -56, 57, -46]
[-46, 51, 122, 73, -57, -114, 117, 127]
[127, -117, -3, -110, 127, 80, -109, 69]
[104, -116, -119, -114, 111, 106, -103, -99]
[-128, 123, 30, 122, -128, -98, 97, -21]
[-104, 106, 112, 125, -111, -128, 127, 127]
[127, -126, -114, -128, 127, 122, -128, 71]
[126, -123, -115, -120, 117, 114, -113, -100]
[-117, 106, 112, 115, -128, -128, 127, -41]
[-108, 113, 110, 104, -111, -109, 126, 109]
[-40, 45, 125, 69, -53, -111, 113, 127]
[127, -128, -114, -128, 127, 125, -128, -116]
[-128, 123, 95, 127, -128, -128, 127, -39]
[21, -2, 127, 12, 1, -42, 51, 127]
[127, -128, -49, -128, 127, 110, -128, 61]
[101, -73, -116, -103, 104, 127, -128, -119]
[-128, 112, 110, 121, -128, -128, 127, -41]
[88, -38, 121, -25, 28, -3, 1, 117]
[104, -116, -123, -110, 111, 98, -109, -95]
[-128, 117, 17, 114, -128, -85, 78, -20]
[-120, 99, 113, 106, -114, -128, 127, -41]
[106, -77, 58, -69, 82, 35, -89, 108]
[-86, 29, -128, 18, -50, 41, -22, -93]
[-104, 104, 111, 93, -107, -111, 127, 108]
[127, -114, 0, -107, 127, 78, -110, 72]
[-107, 69, -71, 58, -103, -8, 27, -68]
[-128, 124, 93, 127, -128, -128, 127, -39]
[127, -127, -40, -127, 127, 104, -128, 63]
[118, -94, -115, -121, 120, 127, -128, -120]
[-116, 93, -27, 86, -119, -44, 47, -57]
[-125, 124, 98, 122, -127, -117, 118, 99]
[109, -104, -128, -103, 114, 101, -115, -15]
[99, -66, -119, -95, 101, 127, -128, -119]
[-127, 102, -12, 97, -124, -60, 57, -45]
[-128, 126, 106, 124, -128, -119, 119, 114]
[108, -116, -125, -109, 113, 97, -110, -94]
[-128, 115, 12, 113, -128, -84, 76, -21]
[-128, 127, 112, 127, -128, -123, 125, 127]
[127, -128, -99, -128, 127, 123, -128, 73]
[-45, 8, -128, -5, 9, 76, -49, -95]
[-109, 90, 112, 96, -111, -119, 127, 3]
[121, -90, 42, -82, 94, 50, -98, 100]
[127, -123, -111, -121, 120, 115, -113, -96]
[-128, 126, 57, 126, -128, -114, 104, -21]
[-80, 99, 120, 122, -99, -128, 127, 127]
[122, -98, 31, -91, 114, 60, -105, 92]
[127, -126, -114, -124, 121, 117, -117, -102]
[-106, 113, 111, 104, -113, -109, 125, 107]
[127, -110, -124, -122, 127, 121, -128, 73]
[-105, 66, -79, 54, -105, -2, 19, -79]
[-115, 120, 105, 115, -116, -111, 116, 105]
[127, -121, -22, -120, 127, 96, -124, 61]
[127, -128, -114, -128, 127, 126, -128, -121]
[-128, 127, 95, 127, -128, -128, 127, -40]
[-116, 121, 102, 118, -118, -112, 116, 97]
[127, -125, -35, -124, 127, 101, -128, 60]
[127, -113, -114, -128, 127, 127, -128, -122]
[-128, 123, 101, 127, -128, -128, 127, -42]
[25, -17, 127, -4, 9, -23, 31, 122]
[111, -108, -126, -102, 116, 98, -116, -71]
[-128, 110, -2, 105, -128, -71, 65, -28]
[-128, 127, 112, 127, -128, -118, 121, 124]
[127, -128, -88, -128, 127, 122, -128, 71]
[74, -41, -128, -65, 75, 127, -118, -105]
[-128, 111, 3, 107, -125, -79, 74, -32]
[-128, 127, 113, 125, -128, -123, 126, 122]
[76, -50, -127, -74, 83, 127, -118, -104]
[-128, 108, 109, 118, -128, -128, 127, -31]
[71, -42, 123, -29, 27, -4, 9, 127]
[127, -128, -80, -128, 127, 116, -128, 73]
[79, -54, -126, -80, 86, 127, -124, -106]
[-128, 109, 107, 119, -128, -128, 127, -31]
[70, -42, 123, -28, 28, -4, 10, 127]
[127, -128, -81, -128, 127, 117, -128, 73]
[-128, 107, -7, 103, -123, -73, 68, -31]
[-128, 127, 104, 125, -128, -121, 125, 119]
[127, -128, -77, -128, 127, 115, -128, 73]
[68, -42, -127, -67, 72, 127, -118, -106]
[-126, 105, 107, 114, -128, -128, 127, -31]
[29, -33, 126, -20, 21, -15, 21, 127]
[112, -107, -128, -104, 118, 94, -112, 25]
[-120, 96, -24, 92, -119, -59, 55, -53]
[-127, 122, 95, 120, -125, -121, 122, 103]
[127, -128, -60, -128, 127, 109, -128, 64]
[123, -97, -122, -122, 125, 127, -128, -116]
[-128, 121, 100, 127, -128, -128, 127, -39]
[-8, 2, 127, 22, -11, -54, 68, 125]
[108, -104, -128, -107, 118, 108, -126, 67]
[-109, 81, -55, 74, -116, -26, 35, -71]
[-120, 122, 97, 121, -122, -116, 118, 97]
[127, -123, -33, -121, 127, 98, -123, 60]
[127, -128, -117, -128, 127, 125, -128, -122]
[-128, 127, 93, 127, -128, -128, 127, -41]
[-26, 27, 127, 47, -30, -80, 93, 127]
[127, -128, -116, -128, 127, 124, -128, -122]
[-128, 127, 89, 127, -128, -128, 127, -42]
[-116, 113, 105, 99, -117, -106, 116, 95]
[125, -110, 2, -105, 122, 83, -116, 63]
[127, -128, -114, -125, 127, 121, -128, -121]
[-80, 43, -125, 30, -74, 35, -17, -109]
[119, -93, 40, -88, 115, 62, -111, 90]
[124, -121, -105, -120, 121, 119, -120, -101]
[-128, 127, 53, 125, -128, -108, 93, -24]
[-98, 91, 121, 94, -117, -118, 124, -32]
[109, -78, 72, -70, 67, 38, -80, 106]
[115, -122, -111, -118, 121, 98, -115, -95]
[-128, 116, 29, 113, -128, -92, 83, -20]
[-117, 96, 118, 105, -116, -128, 127, -37]
[127, -128, -89, -128, 127, 124, -128, 79]
[55, -31, -127, -53, 60, 126, -102, -102]
[-123, 102, 112, 111, -123, -128, 127, -31]
[40, -44, 125, -31, 29, -5, 7, 127]
[114, -116, -128, -109, 117, 93, -113, -44]
[-124, 103, -12, 98, -120, -69, 63, -34]
[-128, 124, 93, 122, -126, -123, 125, 116]
[127, -128, -65, -128, 127, 111, -128, 72]
[122, -91, -123, -118, 122, 127, -128, -106]
[-128, 120, 98, 127, -128, -128, 127, -28]
[-7, -2, 127, 18, -7, -50, 64, 127]
[114, -103, -128, -106, 118, 106, -125, 67]
[-112, 86, -47, 79, -117, -33, 41, -63]
[-123, 122, 95, 121, -125, -115, 119, 98]
[127, -128, -117, -128, 127, 124, -128, -120]
[-128, 127, 87, 127, -128, -128, 127, -43]
[124, -110, 1, -105, 122, 83, -115, 62]
[127, -128, -114, -124, 127, 121, -126, -120]
[-102, 52, -114, 39, -79, 22, -8, -106]
[-111, 98, 116, 91, -117, -107, 115, 14]
[-82, 101, 122, 123, -94, -128, 127, 125]
[127, -123, -109, -121, 124, 121, -122, -104]
[-128, 127, 54, 124, -128, -108, 97, -27]
[127, -128, -100, -128, 127, 127, -128, 73]
[23, -7, -128, -25, 25, 106, -71, -92]
[-128, 120, 34, 116, -128, -96, 86, -20]
[115, -117, -121, -110, 120, 91, -115, -42]
[-126, 106, -4, 102, -119, -74, 66, -32]
[-128, 127, 95, 122, -127, -121, 125, 119]
[127, -128, -64, -128, 127, 110, -128, 74]
[127, -106, -121, -127, 127, 127, -128, -107]
[-128, 125, 97, 127, -128, -128, 127, -26]
[-120, 119, 95, 119, -120, -118, 122, 100]
[127, -121, -28, -118, 124, 94, -118, 60]
[127, -128, -119, -128, 127, 121, -127, -118]
[-114, 101, 113, 97, -115, -109, 115, 65]
[-73, 86, 121, 111, -82, -128, 127, 127]
[127, -123, -105, -120, 125, 119, -120, -112]
[-28, 24, -128, 6, -14, 68, -42, -103]
[-119, 119, 93, 118, -121, -119, 122, 100]
[107, -78, 77, -69, 65, 37, -80, 104]
[127, -128, -120, -128, 127, 123, -128, -112]
[-128, 114, 19, 109, -124, -86, 80, -19]
[-128, 127, 108, 127, -128, -121, 127, 127]
[120, -110, -128, -107, 120, 93, -115, 27]
[-119, 98, -22, 94, -115, -62, 57, -51]
[-116, 94, 120, 93, -118, -110, 117, -8]
[127, -128, -48, -128, 127, 104, -124, 64]
[127, -126, -120, -128, 127, 127, -128, -111]
[-119, 119, 101, 113, -119, -112, 120, 97]
[124, -111, -123, -124, 126, 126, -128, 75]
[127, -128, -115, -128, 127, 119, -124, -119]
[-128, 127, 66, 127, -128, -118, 104, -39]
[-110, 125, 120, 127, -120, -128, 127, 125]
[127, -128, -99, -128, 127, 127, -128, 60]
[-128, 122, 35, 116, -128, -98, 85, -19]
[-115, 91, 118, 99, -115, -128, 127, -39]
[122, -115, -4, -108, 121, 86, -114, 61]
[76, -38, -126, -64, 73, 127, -112, -102]
[-123, 105, -2, 101, -118, -76, 65, -33]
[11, -27, 127, -12, 18, -25, 29, 127]
[108, -107, -128, -107, 119, 98, -118, 42]
[-116, 90, -38, 83, -114, -47, 50, -57]
[-128, 121, 97, 127, -128, -128, 127, -26]
[125, -121, -21, -115, 121, 92, -116, 61]
[127, -128, -117, -128, 127, 121, -127, -117]
[-81, 50, -118, 39, -84, 20, -1, -103]
[-121, 127, 119, 127, -128, -128, 127, 123]
[127, -128, -97, -128, 127, 127, -128, 59]
[30, -13, -128, -33, 31, 114, -83, -97]
[-121, 95, 114, 105, -121, -128, 127, -43]
[32, -49, 126, -36, 36, 1, -8, 127]
[-128, 110, 3, 106, -126, -81, 70, -25]
[-128, 126, 102, 124, -128, -124, 125, 126]
[127, -128, -75, -128, 127, 117, -128, 72]
[122, -77, -126, -106, 113, 127, -128, -103]
[-128, 117, 97, 127, -128, -128, 127, -22]
[-12, 0, 127, 22, -11, -59, 69, 127]
[127, -128, -41, -125, 127, 102, -123, 63]
[127, -128, -121, -128, 127, 125, -128, -112]
[-110, 70, -82, 61, -110, -13, 27, -75]
[-61, 110, 104, 100, -118, -109, 118, 97]
[112, -109, 6, -104, 121, 80, -113, 64]
[123, -128, -109, -124, 127, 119, -123, -121]
[-47, 38, -128, 24, -44, 45, -23, -107]
[112, -83, 70, -76, 72, 46, -87, 102]
[127, -128, -99, -128, 127, 127, -128, 60]
[53, -24, -128, -48, 48, 125, -95, -95]
[-126, 99, 117, 110, -123, -128, 127, -44]
[127, -128, -58, -128, 127, 111, -125, 84]
[-108, 87, -46, 80, -114, -41, 48, -65]
[119, -106, -128, -113, 119, 120, -128, 79]
[-128, 117, 25, 114, -128, -95, 79, -21]
[-128, 124, 88, 127, -128, -128, 127, -49]
[51, -58, 120, -45, 42, 8, -15, 127]
[124, -117, -1, -112, 122, 88, -115, 59]
[127, -128, -113, -128, 127, 123, -128, -124]
[-86, 57, -112, 45, -85, 14, -1, -101]
[-114, 97, 113, 92, -104, -106, 117, 55]
[-76, 89, 121, 114, -84, -128, 127, 127]
[124, -124, -106, -121, 120, 121, -122, -113]
[-128, 127, 49, 126, -128, -106, 91, -34]
[-117, 93, 123, 95, -118, -118, 122, -34]
[-128, 127, 120, 127, -128, -128, 127, 122]
[115, -120, -119, -118, 120, 101, -121, -98]
[-128, 116, 18, 112, -126, -90, 77, -21]
[31, -45, 127, -32, 33, -4, -1, 127]
[118, -112, -128, -108, 122, 95, -115, 20]
[-128, 118, 96, 127, -128, -128, 127, -23]
[118, -109, -128, -112, 119, 115, -128, 72]
[-128, 127, 80, 127, -128, -128, 127, -40]
[-66, 67, 121, 97, -66, -126, 126, 127]
[-77, 51, -121, 37, -78, 22, -6, -96]
[-114, 96, 115, 88, -116, -105, 118, 3]
[118, -97, 48, -91, 103, 65, -95, 87]
[123, -124, -109, -123, 124, 121, -123, -103]
[-128, 126, 46, 121, -128, -104, 87, -28]
[-128, 127, 118, 127, -128, -128, 127, 127]
[127, -128, -90, -128, 127, 127, -128, 74]
[73, -36, -125, -61, 67, 127, -106, -99]
[-128, 103, 110, 115, -127, -128, 127, -37]
[8, -20, 127, -2, 9, -38, 40, 127]
[127, -128, -50, -128, 127, 108, -124, 79]
[122, -110, -128, -110, 123, 103, -123, 46]
[-114, 87, -47, 79, -116, -41, 47, -61]
[123, -125, -14, -118, 124, 93, -116, 57]
[121, -107, -128, -116, 117, 122, -128, 77]
[-128, 127, 71, 127, -128, -124, 122, -43]
[-99, 109, 119, 126, -105, -128, 127, 126]
[127, -128, -104, -128, 127, 127, -128, 60]
[120, -121, -110, -112, 122, 100, -118, -101]
[-126, 120, 20, 113, -126, -88, 82, -22]
[-125, 98, 120, 105, -123, -128, 127, -43]
[23, -38, 127, -25, 25, -14, 6, 127]
[127, -128, -62, -128, 127, 115, -128, 80]
[114, -77, -116, -109, 108, 127, -128, -104]
[-114, 95, -33, 89, -117, -56, 55, -54]
[-120, 120, 92, 116, -121, -116, 122, 103]
[-21, 13, 127, 39, -22, -77, 84, 127]
[127, -128, -116, -128, 127, 125, -128, -113]
[-128, 127, 74, 127, -128, -126, 114, -40]
[-117, 98, 116, 96, -118, -110, 119, 4]
[115, -93, 52, -86, 101, 60, -94, 91]
[121, -110, -128, -109, 124, 100, -122, 58]
[13, 10, -128, -11, 3, 89, -54, -97]
[-128, 126, 36, 121, -128, -101, 88, -26]
[-128, 127, 110, 127, -128, -126, 127, 125]
[121, -111, 10, -104, 120, 80, -111, 59]
[120, -111, -128, -112, 120, 99, -119, 21]
[117, -77, -121, -107, 112, 127, -128, -99]
[-128, 119, 97, 127, -128, -128, 127, -29]
[-33, 21, 127, 48, -30, -88, 98, 127]
[123, -111, -128, -116, 120, 120, -128, 76]
[-88, 60, -111, 48, -89, 7, 9, -90]
[-117, 97, 115, 94, -119, -108, 119, 60]
[119, -100, 42, -94, 104, 66, -108, 78]
[122, -125, -108, -121, 125, 119, -119, -112]
[-128, 127, 48, 127, -128, -109, 93, -32]
[-128, 127, 119, 127, -128, -128, 127, 124]
[127, -128, -92, -128, 127, 127, -128, 66]
[120, -115, -120, -110, 119, 97, -121, -69]
[-128, 104, 108, 117, -128, -128, 127, -40]
[13, -29, 127, -12, 18, -27, 28, 127]
[118, -109, -128, -108, 124, 98, -119, 57]
[-109, 85, -65, 76, -114, -32, 43, -65]
[-115, 117, 100, 97, -117, -115, 122, 97]
[121, -114, 6, -104, 121, 82, -112, 60]
[126, -111, -120, -125, 122, 127, -128, 80]
[-128, 127, 57, 127, -128, -116, 100, -43]
[-126, 127, 118, 127, -127, -128, 127, 126]
[127, -128, -94, -128, 127, 127, -128, 60]
[69, -33, -128, -58, 57, 127, -102, -96]
[-116, 112, -1, 104, -117, -78, 70, -20]
[5, -19, 127, 1, 8, -42, 43, 127]
[123, -111, -128, -112, 124, 103, -124, 57]
[-108, 76, -78, 67, -112, -21, 34, -74]
[-114, 107, 104, 89, -115, -111, 121, 60]
[119, -105, 29, -97, 117, 73, -108, 69]
[127, -128, -114, -122, 127, 116, -118, -112]
[-128, 127, 49, 127, -128, -110, 94, -39]
[-123, 95, 122, 94, -120, -113, 120, -22]
[14, -128, -93, -128, 127, 127, -128, 64]
[88, -24, -127, -47, 49, 125, -91, -94]
[-109, 127, 95, 126, -128, -120, 124, 124]
[127, -128, -56, -128, 127, 112, -128, 82]
[127, -102, -120, -127, 127, 127, -128, -101]
[-105, 86, -57, 79, -114, -40, 48, -63]
[-118, 117, 99, 94, -117, -112, 122, 95]
[123, -117, 6, -107, 121, 84, -112, 56]
[127, -128, -119, -127, 127, 119, -123, -118]
[-128, 127, 67, 127, -128, -121, 122, -46]
[-128, 126, 87, 119, -128, -113, 123, 119]
[127, -128, -32, -128, 127, 103, -122, 77]
[127, -121, -118, -117, 123, 106, -123, -100]
[-106, 113, 9, 107, -120, -82, 70, -21]
[6, -25, 127, -6, 14, -37, 30, 127]
[127, -110, -118, -128, 127, 127, -128, -104]
[-128, 127, 88, 127, -128, -128, 127, -24]
[-116, 107, 100, 93, -116, -109, 121, 90]
[-55, 56, 126, 91, -56, -119, 124, 127]
[127, -128, -113, -126, 127, 118, -122, -121]
[-128, 127, 53, 127, -128, -113, 96, -45]
[-128, 127, 118, 127, -128, -128, 127, 125]
[127, -128, -93, -128, 127, 127, -128, 57]
[74, -33, -127, -60, 59, 127, -103, -98]
[-128, 127, 93, 125, -128, -117, 122, 119]
[127, -128, -48, -128, 127, 110, -126, 82]
[121, -111, -128, -110, 124, 101, -123, 56]
[-128, 127, 88, 127, -128, -128, 127, -22]
[-59, 48, 125, 80, -50, -114, 116, 127]
[122, -110, -117, -125, 123, 127, -128, 78]
[127, -128, -111, -126, 127, 118, -121, -120]
[-27, 39, -128, 24, -37, 46, -22, -104]
[-121, 96, 122, 96, -122, -112, 117, -20]
[63, -75, 104, -66, 57, 34, -51, 106]
[66, -26, -127, -51, 50, 125, -95, -95]
[-118, 112, -1, 106, -120, -80, 70, -18]
[-128, 127, 90, 126, -128, -117, 123, 121]
[127, -128, -48, -128, 127, 111, -127, 83]
[127, -108, -119, -128, 127, 127, -128, -102]
[-128, 127, 89, 127, -128, -128, 127, -23]
[-77, 76, 124, 109, -75, -127, 127, 126]
[127, -128, -115, -123, 127, 116, -121, -114]
[-6, 23, -128, 6, -16, 71, -41, -101]
[-124, 95, 122, 96, -123, -118, 120, -28]
[41, -62, 125, -50, 48, 14, -31, 117]
[118, -115, -128, -109, 119, 101, -122, -50]
[-128, 110, 98, 125, -128, -128, 127, -36]
[127, -128, -121, -128, 127, 127, -128, -108]
[-90, 67, -107, 55, -95, -3, 22, -85]
[70, -80, 88, -71, 74, 44, -60, 94]
[123, -116, -120, -107, 124, 98, -118, -47]
[-109, 105, -15, 98, -110, -69, 64, -36]
[-126, 127, 96, 123, -128, -110, 124, 115]
[127, -128, -28, -124, 127, 97, -116, 77]
[127, -128, -114, -128, 127, 127, -128, -112]
[-128, 127, 72, 127, -128, -124, 115, -28]
[92, -87, 79, -80, 79, 50, -72, 93]
[118, -121, -114, -113, 125, 95, -118, -92]
[60, -22, -128, -49, 44, 124, -93, -93]
[-128, 100, 113, 109, -126, -128, 127, -45]
[2, -18, 127, 3, 8, -45, 42, 127]
[127, -128, -42, -128, 127, 106, -122, 84]
[-108, 75, -87, 64, -110, -18, 32, -72]
[-128, 127, 83, 127, -128, -128, 127, -24]
[-92, 92, 122, 121, -86, -128, 127, 125]
[127, -123, -106, -128, 127, 127, -128, 78]
[-110, 79, -73, 70, -112, -28, 40, -69]
[-126, 96, 122, 99, -122, -125, 124, -36]
[26, -43, 127, -30, 30, -11, -4, 127]
[127, -103, -117, -126, 127, 127, -128, -104]
[-109, 87, -61, 78, -113, -38, 44, -62]
[-114, 108, 100, 92, -117, -109, 118, 75]
[116, -108, 21, -102, 117, 77, -109, 65]
[127, -128, -114, -125, 127, 108, -121, -117]
[-128, 101, 126, 106, -128, -128, 124, -39]
[-89, 88, 127, 118, -89, -128, 127, 121]
[127, -128, -56, -128, 127, 111, -127, 68]
[127, -128, -115, -128, 127, 127, -128, -107]
[-128, 127, 76, 127, -128, -128, 127, -22]
[-109, 110, 123, 126, -108, -128, 127, 121]
[127, -128, -97, -128, 127, 127, -128, 71]
[51, -15, -128, -41, 35, 122, -88, -96]
[-128, 127, 93, 127, -128, -120, 127, 121]
[-1, -11, 127, 10, 4, -56, 49, 127]
[126, -114, -128, -118, 125, 111, -128, 60]
[-69, 62, -112, 49, -92, 1, 15, -91]
[-114, 87, 116, 91, -111, -114, 117, -22]
[67, -80, 96, -73, 75, 43, -60, 96]
[121, -116, -121, -107, 124, 95, -118, -73]
[-128, 105, 108, 115, -128, -128, 127, -44]
[127, -128, -115, -128, 127, 127, -128, -111]
[-47, 49, -124, 36, -63, 23, -1, -104]
[-118, 91, 119, 95, -116, -116, 119, -17]
[-42, 32, 127, 66, -36, -107, 114, 127]
[118, -105, -128, -107, 119, 102, -118, 25]
[-105, 89, -48, 83, -105, -50, 49, -60]
[-128, 121, 92, 127, -128, -128, 127, -34]
[116, -108, 21, -98, 116, 75, -106, 77]
[127, -128, -117, -124, 127, 109, -121, -114]
[-128, 127, 30, 121, -128, -94, 87, -35]
[-128, 127, 86, 127, -128, -128, 127, 118]
[127, -128, -51, -128, 127, 113, -124, 68]
[121, -109, -128, -115, 120, 109, -128, 51]
[-128, 127, 74, 127, -128, -128, 127, -25]
[-121, 126, 123, 127, -122, -128, 127, 118]
[60, -82, 87, -74, 77, 48, -69, 97]
[-108, 105, -17, 96, -110, -67, 63, -40]
[-125, 127, 98, 114, -126, -105, 124, 115]
[127, -128, -75, -128, 127, 127, -128, 68]
[127, -128, -111, -128, 127, 123, -125, -114]
[-128, 127, 43, 127, -128, -105, 94, -29]
[-84, 78, 127, 112, -79, -126, 127, 127]
[102, -101, 31, -92, 114, 70, -105, 79]
[121, -107, -128, -111, 117, 106, -124, 52]
[127, -125, -118, -128, 127, 127, -128, -98]
[-91, 71, -96, 61, -104, -18, 25, -75]
[-121, 126, 125, 127, -123, -128, 127, 116]
[127, -128, -95, -128, 127, 127, -128, 76]
[-45, 48, -125, 35, -63, 22, -2, -104]
[-128, 112, 107, 124, -128, -128, 127, -42]
[-52, 42, 127, 77, -45, -117, 122, 127]
[125, -125, -123, -128, 125, 127, -128, 73]
[2, 14, -128, -6, -9, 89, -55, -110]
[-127, 96, 125, 101, -122, -128, 123, -32]
[12, -27, 127, -10, 15, -34, 20, 127]
[121, -109, -128, -114, 121, 111, -128, 53]
[-58, 57, -113, 46, -89, 5, 10, -94]
[-115, 89, 117, 92, -111, -115, 115, -24]
[126, -122, -6, -115, 125, 88, -109, 77]
[119, -105, -128, -106, 123, 100, -117, 55]
[-101, 86, -61, 78, -101, -41, 41, -68]
[-117, 96, 104, 87, -115, -104, 117, -3]
[82, -93, 49, -84, 101, 62, -92, 89]
[127, -119, -122, -106, 127, 92, -118, -92]
[-128, 127, 68, 127, -128, -128, 127, -27]
[-115, 90, 120, 92, -111, -114, 115, -24]
[124, -122, -6, -115, 125, 88, -109, 78]
[127, -102, -125, -122, 126, 127, -128, -96]
[-128, 127, 37, 127, -128, -102, 91, -27]
[-128, 127, 86, 127, -128, -128, 127, 118]
[120, -109, -128, -114, 120, 110, -128, 54]
[-57, 57, -121, 46, -87, 5, 9, -95]
[-128, 127, 67, 127, -128, -128, 127, -26]
[45, -61, 126, -52, 55, 23, -41, 113]
[121, -104, -128, -106, 122, 100, -117, 56]
[-94, 84, -64, 77, -101, -38, 41, -69]
[-118, 90, 106, 87, -115, -107, 117, -3]
[127, -128, -104, -128, 127, 127, -128, 78]
[-111, 109, -8, 100, -116, -70, 70, -40]
[-125, 121, 94, 100, -128, -100, 127, 107]
[-51, 44, 127, 78, -46, -122, 122, 127]
[125, -126, -121, -128, 124, 127, -128, 72]
[18, 2, -128, -19, 5, 105, -70, -110]
[-128, 97, 124, 103, -125, -128, 125, -40]
[-9, -4, 127, 18, -5, -70, 59, 127]
[121, -113, -128, -122, 121, 121, -128, 65]
[-128, 127, 47, 127, -128, -113, 105, -27]
[-128, 127, 86, 127, -128, -128, 127, 115]
[17, -31, 127, -19, 21, -24, 5, 127]
[120, -109, -128, -112, 120, 109, -127, 51]
[-128, 127, 67, 127, -128, -128, 127, -27]
[-114, 89, 122, 91, -110, -114, 116, -24]
[43, -59, 127, -49, 53, 20, -38, 113]
[121, -104, -128, -106, 122, 100, -117, 57]
[-128, 127, 86, 127, -128, -128, 127, -36]
[127, -128, -99, -128, 127, 127, -128, 77]
[105, -65, -128, -99, 94, 127, -128, -98]
[-128, 127, 52, 127, -128, -118, 106, -27]
[-119, 119, 98, 99, -122, -102, 122, 69]
[90, -107, 23, -97, 116, 73, -104, 83]
[127, -128, -117, -124, 127, 98, -119, -114]
[-120, 124, 19, 117, -127, -87, 82, -30]
[-128, 127, 89, 121, -128, -108, 127, 121]
[127, -126, -10, -118, 126, 92, -109, 75]
[127, -128, -110, -128, 127, 118, -122, -109]
[-4, 18, -128, 1, -17, 74, -46, -110]
[-128, 127, 86, 127, -128, -128, 127, 118]
[121, -110, -128, -115, 120, 114, -128, 55]
[-43, 47, -125, 33, -60, 23, -5, -105]
[-115, 91, 125, 93, -112, -118, 114, -22]
[-127, 127, 107, 127, -128, -128, 127, 117]
[127, -128, -67, -128, 127, 127, -128, 68]
[127, -124, -122, -128, 127, 127, -128, -94]
[-128, 127, 78, 127, -128, -128, 127, -31]
[-128, 127, 124, 127, -128, -128, 127, 115]
[127, -128, -85, -128, 127, 127, -128, 76]
[112, -64, -127, -99, 97, 127, -128, -98]
[-128, 116, 95, 127, -128, -128, 127, -39]
[-78, 72, 127, 110, -74, -128, 127, 127]
[127, -128, -113, -128, 127, 127, -128, 72]
[26, 3, -128, -21, 8, 107, -71, -107]
[-128, 95, 120, 102, -126, -128, 127, -35]
[-15, -4, 127, 20, -4, -73, 59, 127]
[116, -116, -128, -123, 121, 121, -128, 60]
[-17, 29, -128, 14, -33, 54, -27, -112]
[-120, 93, 125, 95, -115, -123, 117, -25]
[-96, 82, 127, 117, -85, -128, 127, 125]
[18, -37, 127, -23, 24, -19, 0, 127]
[127, -127, -113, -128, 127, 127, -128, -99]
[-128, 127, 65, 127, -128, -128, 127, -25]
[-117, 90, 122, 92, -113, -115, 116, -23]
[41, -55, 127, -44, 47, 14, -33, 120]
[127, -123, -123, -127, 127, 127, -128, -94]
[-66, 71, -106, 61, -96, -18, 26, -80]
[121, -128, -88, -128, 127, 127, -128, 75]
[119, -71, -128, -106, 102, 127, -128, -95]
[-128, 119, 97, 127, -128, -128, 127, -40]
[-109, 102, 102, 90, -74, -104, 123, 29]
[90, -96, 54, -86, 91, 62, -90, 89]
[117, -108, -128, -112, 123, 109, -126, 51]
[-102, 110, -17, 99, -120, -67, 69, -34]
[-107, 122, 95, 103, -128, -102, 127, 98]
[107, -110, 24, -99, 110, 75, -102, 83]
[127, -128, -118, -125, 127, 113, -117, -109]
[-127, 127, 23, 121, -128, -93, 86, -26]
[-128, 127, 86, 127, -128, -127, 127, 120]
[127, -128, -30, -128, 127, 105, -114, 71]
[127, -128, -109, -128, 127, 127, -126, -104]
[-128, 127, 53, 127, -128, -120, 125, -27]
[-128, 127, 84, 127, -128, -128, 127, 115]
[127, -128, -50, -128, 127, 124, -128, 69]
[127, -122, -118, -128, 127, 127, -128, -93]
[-128, 127, 74, 127, -128, -128, 127, -28]
[-128, 127, 122, 127, -128, -128, 127, 114]
[127, -128, -81, -128, 127, 127, -128, 74]
[127, -102, -126, -122, 125, 127, -128, -96]
[-128, 127, 86, 127, -128, -128, 127, -41]
[-92, 82, 127, 119, -84, -128, 127, 124]
[127, -128, -104, -128, 127, 127, -128, 77]
[-111, 116, -8, 107, -119, -76, 76, -37]
[-114, 107, 111, 115, -128, -128, 127, -40]
[-58, 44, 127, 81, -44, -122, 119, 127]
[121, -126, -119, -128, 123, 127, -128, 71]
[-3, 19, -128, -1, -17, 79, -49, -106]
[-107, 91, 122, 94, -120, -125, 120, -32]
[-4, -22, 127, -2, 11, -46, 28, 127]
[127, -128, -108, -128, 127, 127, -128, -105]
[-38, 43, -127, 28, -50, 29, -10, -106]
[-120, 90, 124, 93, -113, -118, 116, -24]
[-123, 121, 99, 100, -124, -101, 125, 72]
[127, -122, -119, -128, 127, 127, -128, -94]
[-128, 127, 75, 127, -128, -128, 127, -29]
[127, -103, -128, -104, 123, 96, -117, 56]
[-128, 127, 86, 127, -128, -128, 127, -40]
[-128, 124, 118, 126, -128, -127, 127, 114]
[46, -59, 122, -43, 58, 19, -35, 107]
[126, -110, -128, -110, 127, 102, -116, 45]
[-61, 69, -111, 57, -81, -11, 25, -81]
[-113, 93, 115, 91, -113, -107, 115, -21]
[44, -62, 122, -48, 57, 25, -40, 108]
[125, -107, -128, -103, 126, 97, -113, 30]
[-94, 89, -66, 80, -100, -45, 47, -64]
[-116, 98, 105, 85, -115, -100, 117, 3]
[71, -93, 67, -83, 87, 62, -91, 91]
[99, -124, -128, -106, 127, 93, -117, -83]
[-102, 112, -20, 101, -114, -71, 70, -35]
[-119, 121, 95, 101, -118, -101, 127, 79]
[89, -110, 32, -101, 108, 74, -95, 88]
[127, -128, -121, -118, 127, 97, -118, -102]
[-108, 118, -10, 109, -121, -74, 73, -24]
[-36, 13, 127, 44, -20, -98, 91, 127]
[127, -128, -111, -128, 127, 124, -124, -110]
[-126, 127, 30, 127, -128, -102, 93, -26]
[-31, 14, 127, 43, -26, -96, 84, 127]
[118, -128, 3, -119, 127, 92, -107, 69]
[127, -128, -114, -128, 127, 117, -123, -104]
[-123, 93, 126, 96, -118, -126, 118, -37]
[-128, 127, 86, 127, -128, -128, 127, 118]
[127, -128, -34, -128, 127, 107, -118, 68]
[127, -128, -111, -128, 127, 127, -128, -105]
[-128, 127, 61, 127, -128, -127, 127, -25]
[-128, 127, 107, 127, -128, -128, 127, 113]
[127, -128, -64, -128, 127, 127, -128, 70]
[127, -121, -122, -127, 127, 127, -128, -92]
[-116, 92, 117, 89, -107, -108, 116, -26]
[-127, 127, 123, 127, -128, -128, 127, 117]
[127, -128, -82, -128, 127, 127, -128, 74]
[-104, 99, -52, 87, -108, -55, 54, -52]
[-128, 114, 90, 127, -128, -128, 127, -41]
[-79, 61, 127, 103, -65, -126, 127, 127]
[127, -128, -110, -128, 127, 127, -128, 71]
[-118, 125, 9, 116, -128, -87, 82, -34]
[-114, 86, 115, 88, -88, -109, 115, -34]
[-21, 7, 127, 38, -14, -89, 80, 127]
[119, -117, -126, -128, 120, 125, -128, 64]
[52, -21, -128, -47, 35, 120, -93, -113]
[-128, 107, 119, 114, -126, -128, 125, -44]
[-72, 58, 127, 92, -57, -122, 118, 127]
[127, -128, -117, -111, 127, 99, -121, -102]
[59, -25, -128, -54, 40, 121, -106, -109]
[-128, 103, 113, 111, -128, -128, 127, -46]
[-51, 30, 127, 65, -36, -113, 109, 127]
[124, -122, -118, -128, 124, 127, -128, 74]
[25, 5, -128, -19, 2, 103, -69, -112]
[-127, 97, 119, 104, -124, -128, 123, -40]
[-3, -24, 127, 0, 6, -51, 36, 127]
[120, -111, -128, -118, 126, 114, -128, 57]
[-30, 45, -128, 27, -45, 34, -11, -101]
[-121, 92, 125, 97, -114, -122, 116, -21]
[13, -28, 127, -13, 19, -29, 13, 127]
[119, -111, -128, -110, 119, 109, -127, 50]
[127, -128, -109, -128, 127, 127, -128, -97]
[-52, 64, -121, 50, -72, -5, 16, -94]
[-128, 127, 110, 127, -128, -128, 127, 114]
[41, -59, 127, -46, 52, 19, -35, 114]
[120, -110, -128, -107, 122, 101, -117, 54]
[-70, 79, -103, 68, -92, -26, 32, -73]
[53, -73, 122, -61, 63, 36, -51, 100]
[125, -116, -128, -105, 127, 98, -117, 22]
[-128, 122, 87, 127, -128, -128, 127, -41]
[-120, 102, 106, 89, -118, -103, 118, 6]
[127, -128, -100, -128, 127, 127, -128, 73]
[127, -124, -127, -102, 127, 93, -117, -55]
[-128, 111, 99, 126, -128, -128, 127, -42]
[-122, 106, 99, 93, -124, -103, 127, 34]
[73, -95, 67, -86, 89, 61, -86, 96]
[127, -125, -126, -108, 127, 98, -115, -70]
[-128, 103, 102, 117, -128, -128, 127, -44]
[-123, 125, 95, 95, -128, -102, 127, 80]
[81, -105, 46, -93, 107, 70, -98, 89]
[54, -15, -128, -43, 26, 122, -93, -108]
[-128, 98, 110, 107, -128, -128, 127, -44]
[-128, 127, 109, 127, -128, -128, 127, 114]
[101, -124, 10, -112, 124, 86, -106, 76]
[127, -128, -116, -110, 127, 97, -120, -89]
[-128, 110, 114, 118, -128, -128, 127, -43]
[-126, 124, 100, 99, -128, -107, 127, 79]
[81, -111, 49, -96, 105, 68, -97, 83]
[127, -128, -119, -106, 127, 99, -117, -28]
[-128, 112, 103, 125, -128, -128, 127, -43]
[-122, 110, 101, 99, -128, -106, 127, 63]
[74, -99, 58, -85, 85, 63, -84, 83]
[104, -53, -128, -93, 80, 127, -127, -103]
[-95, 109, -42, 91, -109, -56, 63, -48]
[-119, 109, 102, 96, -126, -104, 127, 40]
[73, -94, 69, -82, 86, 60, -84, 88]
[103, -53, -128, -90, 77, 127, -126, -100]
[-120, 108, 100, 95, -126, -103, 127, 50]
[74, -96, 64, -85, 87, 62, -93, 91]
[88, -38, -128, -74, 60, 127, -118, -103]
[-101, 114, -30, 98, -111, -65, 68, -33]
[-122, 108, 97, 95, -128, -101, 127, 78]
[76, -97, 66, -86, 89, 62, -85, 90]
[127, -128, -108, -128, 127, 127, -128, -100]
[-106, 114, -29, 100, -113, -66, 68, -31]
[-123, 125, 94, 96, -128, -101, 127, 79]
[80, -104, 53, -90, 105, 67, -96, 87]
[127, -128, -126, -107, 127, 98, -114, -57]
[-102, 113, -33, 100, -115, -63, 67, -36]
[-123, 125, 96, 97, -128, -104, 127, 76]
[80, -107, 46, -92, 105, 70, -96, 82]
[127, -128, -122, -107, 127, 95, -114, -86]
[-108, 116, -24, 103, -117, -68, 71, -32]
[-124, 124, 97, 105, -128, -103, 127, 79]
[83, -110, 41, -95, 107, 71, -98, 85]
[127, -128, -121, -108, 127, 97, -115, -91]
[-109, 117, -22, 104, -119, -69, 72, -27]
[-126, 124, 94, 105, -128, -103, 127, 117]
[84, -111, 40, -97, 107, 71, -98, 82]
[127, -128, -121, -108, 127, 98, -116, -97]
[-109, 117, -22, 105, -119, -69, 71, -27]
[-125, 125, 95, 105, -128, -104, 127, 98]
[84, -111, 41, -97, 107, 72, -98, 80]
[85, -38, -128, -75, 58, 127, -120, -111]
[-103, 113, -29, 100, -116, -64, 69, -32]
[-124, 109, 100, 99, -128, -104, 127, 78]
[127, -128, -106, -128, 127, 127, -128, 75]
[127, -122, -123, -108, 127, 97, -114, -58]
[-100, 111, -36, 97, -114, -60, 67, -37]
[-123, 108, 99, 98, -128, -104, 127, 19]
[127, -128, -100, -128, 127, 127, -128, 75]
[127, -110, -128, -105, 127, 97, -112, 21]
[-87, 98, -62, 86, -106, -47, 57, -48]
[-121, 99, 102, 96, -124, -105, 127, -14]
[127, -128, -89, -128, 127, 127, -128, 76]
[127, -109, -128, -107, 127, 97, -112, 30]
[-81, 91, -76, 78, -101, -41, 49, -57]
[-128, 116, 127, 123, -127, -127, 127, 114]
[53, -71, 116, -57, 64, 35, -55, 105]
[127, -105, -128, -106, 127, 99, -111, 51]
[-68, 82, -103, 68, -95, -26, 38, -68]
[-128, 120, 116, 125, -128, -128, 127, 109]
[43, -57, 124, -42, 55, 21, -35, 109]
[127, -123, -120, -124, 126, 127, -128, -95]
[-55, 69, -123, 56, -82, -10, 23, -83]
[-128, 123, 99, 125, -128, -128, 127, 107]
[31, -43, 127, -30, 44, 6, -18, 121]
[119, -108, -128, -106, 124, 102, -114, 45]
[-42, 57, -124, 44, -61, 4, 11, -97]
[-128, 125, 90, 127, -128, -128, 127, 106]
[20, -31, 127, -17, 31, -13, 0, 127]
[116, -108, -128, -106, 121, 106, -119, 46]
[-22, 39, -124, 25, -39, 33, -11, -110]
[-115, 93, 127, 94, -109, -116, 115, -20]
[-3, -9, 127, 11, 8, -50, 37, 127]
[116, -107, -128, -111, 118, 115, -127, 57]
[10, 15, -127, -4, -10, 79, -45, -115]
[-119, 96, 127, 100, -114, -128, 119, -35]
[-37, 23, 127, 54, -23, -100, 92, 127]
[120, -113, -123, -125, 120, 127, -128, 69]
[-117, 126, -12, 114, -128, -78, 75, -24]
[-127, 99, 117, 108, -124, -128, 124, -47]
[-79, 63, 127, 97, -59, -121, 118, 127]
[127, -128, -110, -128, 127, 127, -128, 73]
[99, -50, -128, -88, 75, 122, -127, -109]
[-128, 109, 101, 121, -128, -128, 127, -46]
[-122, 109, 127, 115, -110, -124, 124, 123]
[127, -128, -91, -128, 127, 127, -128, 76]
[124, -105, -128, -123, 121, 122, -128, -95]
[-128, 124, 77, 127, -128, -128, 127, -47]
[-119, 99, 109, 96, -118, -106, 121, -17]
[127, -128, -57, -128, 127, 127, -128, 79]
[124, -123, -119, -125, 125, 127, -128, -98]
[-128, 127, 58, 127, -128, -128, 127, -33]
[-128, 127, 36, 127, -128, -120, 108, -26]
[-128, 125, 89, 119, -128, -119, 127, 108]
[127, -128, -74, -128, 127, 127, -128, 80]
[127, -128, -113, -128, 127, 109, -128, -99]
[-122, 127, -9, 119, -128, -83, 77, -25]
[-128, 109, 94, 103, -128, -111, 127, 59]
[81, -108, 64, -94, 92, 60, -95, 86]
[107, -59, -128, -97, 86, 121, -128, -107]
[-126, 103, 100, 100, -128, -106, 127, -11]
[127, -128, -85, -128, 127, 127, -128, 78]
[127, -109, -128, -110, 127, 100, -111, 52]
[-61, 75, -113, 62, -84, -15, 31, -68]
[-118, 99, 114, 96, -116, -107, 118, -15]
[127, -128, -45, -128, 127, 127, -128, 77]
[120, -111, -128, -109, 126, 103, -113, 42]
[-23, 42, -123, 28, -41, 30, -6, -108]
[-114, 94, 127, 94, -108, -112, 116, -14]
[115, -128, -1, -128, 127, 110, -123, 69]
[127, -109, -128, -111, 127, 102, -113, 55]
[27, 2, -128, -20, 6, 97, -60, -119]
[-118, 95, 127, 102, -115, -128, 120, -38]
[88, -118, 52, -103, 110, 69, -99, 81]
[124, -122, -115, -128, 124, 127, -128, 70]
[103, -57, -128, -93, 83, 121, -128, -113]
[-127, 103, 100, 103, -128, -109, 127, -12]
[-19, 11, 123, 34, -9, -75, 66, 127]
[127, -128, -84, -128, 127, 127, -128, 78]
[122, -119, -125, -121, 124, 121, -128, -96]
[-118, 100, 116, 97, -116, -108, 117, -15]
[-127, 116, 96, 119, -128, -128, 127, 102]
[127, -128, -35, -128, 127, 127, -128, 78]
[125, -122, -109, -128, 125, 127, -128, -98]
[-114, 95, 127, 96, -107, -117, 116, -16]
[-128, 122, 91, 118, -128, -120, 127, 104]
[104, -128, 19, -128, 127, 97, -115, 68]
[127, -128, -113, -128, 127, 104, -128, -95]
[-124, 100, 119, 109, -122, -128, 125, -48]
[-128, 111, 97, 105, -128, -111, 127, 21]
[73, -102, 83, -86, 86, 52, -82, 94]
[120, -89, -128, -116, 112, 119, -128, -101]
[-79, 93, -83, 78, -102, -34, 46, -47]
[-123, 102, 105, 100, -126, -107, 126, -15]
[36, -52, 121, -31, 46, 9, -21, 118]
[125, -113, -128, -113, 127, 103, -111, 42]
[-109, 120, -35, 106, -125, -67, 65, -34]
[-115, 98, 124, 95, -111, -110, 115, -12]
[-8, 2, 121, 22, 0, -59, 51, 127]
[115, -110, -128, -109, 118, 115, -124, 54]
[122, -116, -128, -122, 124, 118, -126, -95]
[33, -2, -126, -26, 11, 101, -65, -117]
[-118, 96, 127, 102, -115, -128, 119, -43]
[-82, 76, 127, 105, -65, -121, 119, 127]
[125, -125, -111, -128, 125, 127, -128, 72]
[117, -82, -128, -113, 105, 119, -128, -110]
[-128, 114, 94, 125, -128, -128, 127, -47]
[-127, 114, 107, 115, -127, -119, 122, 112]
[127, -128, -62, -128, 127, 127, -128, 83]
[121, -119, -114, -120, 122, 124, -128, -101]
[117, -128, 2, -128, 127, 115, -126, 72]
[-127, 127, -8, 127, -128, -92, 85, -25]
[-128, 106, 96, 104, -128, -113, 127, 41]
[81, -109, 79, -97, 93, 59, -95, 90]
[127, -111, -121, -111, 127, 107, -119, 30]
[-80, 94, -91, 78, -104, -31, 44, -49]
[-126, 114, 108, 114, -128, -121, 121, 108]
[30, -44, 122, -24, 40, 0, -12, 116]
[126, -116, -128, -115, 127, 104, -110, 43]
[-18, 40, -121, 25, -38, 36, -11, -106]
[-115, 98, 126, 96, -111, -112, 115, -11]
[-27, 21, 119, 47, -17, -89, 83, 127]
[116, -109, -128, -113, 117, 124, -128, 62]
[73, -32, -128, -61, 48, 121, -103, -122]
[-125, 103, 119, 111, -123, -128, 124, -47]
[68, -95, 106, -79, 75, 43, -64, 100]
[127, -128, -97, -128, 127, 127, -128, 74]
[123, -118, -128, -120, 124, 116, -125, -99]
[-128, 125, 70, 127, -128, -128, 127, -50]
[-89, 82, 127, 111, -71, -122, 120, 127]
[127, -128, -31, -128, 127, 127, -128, 82]
[125, -120, -111, -128, 122, 127, -128, -99]
[-128, 127, 26, 127, -128, -121, 109, -29]
[-128, 122, 93, 99, -128, -121, 127, 99]
[100, -128, 39, -119, 125, 88, -112, 70]
[127, -128, -117, -111, 127, 106, -128, -50]
[-128, 108, 110, 118, -128, -128, 127, -47]
[-128, 105, 101, 106, -128, -113, 127, -11]
[49, -71, 122, -48, 57, 17, -35, 103]
[127, -115, -128, -117, 127, 109, -115, 52]
[-128, 127, 53, 127, -128, -128, 127, -45]
[-128, 102, 98, 105, -128, -113, 127, -8]
[-13, 6, 120, 30, -3, -67, 60, 127]
[116, -113, -128, -112, 121, 120, -125, 50]
[35, -3, -124, -29, 11, 104, -68, -115]
[-117, 96, 126, 101, -114, -128, 119, -39]
[-99, 94, 127, 113, -82, -121, 119, 127]
[127, -111, -125, -112, 127, 108, -120, 57]
[124, -112, -128, -123, 123, 116, -128, -104]
[-128, 121, 81, 127, -128, -128, 127, -49]
[-124, 113, 101, 114, -127, -121, 120, 100]
[123, -118, -128, -115, 127, 112, -118, 40]
[124, -120, -116, -127, 120, 121, -128, -101]
[-128, 127, 1, 127, -128, -107, 95, -30]
[-128, 96, 98, 96, -111, -115, 127, 37]
[86, -111, 86, -101, 90, 65, -94, 89]
[127, -110, -123, -111, 127, 108, -123, 55]
[-80, 95, -105, 79, -109, -28, 40, -56]
[-126, 106, 110, 107, -128, -115, 127, -22]
[18, -32, 123, -10, 26, -19, 6, 121]
[124, -119, -128, -116, 127, 108, -117, 37]
[7, 20, -118, 0, -15, 74, -36, -112]
[-116, 98, 127, 99, -112, -120, 117, -19]
[-60, 54, 121, 90, -47, -120, 117, 127]
[119, -117, -119, -126, 119, 127, -128, 67]
[118, -79, -128, -110, 103, 120, -128, -120]
[-128, 115, 102, 124, -128, -128, 127, -46]
[35, -58, 123, -33, 46, 2, -19, 107]
[127, -117, -128, -118, 127, 108, -115, 41]
[116, -116, -123, -123, 119, 127, -128, 61]
[-15, 39, -122, 20, -36, 43, -14, -99]
[-105, 115, -62, 104, -124, -59, 61, -49]
[-128, 102, 104, 107, -128, -115, 127, -19]
[40, -65, 124, -38, 50, 8, -25, 109]
[118, -118, -113, -118, 121, 122, -126, -105]
[-18, 41, -123, 23, -38, 41, -11, -100]
[-119, 104, 124, 101, -116, -115, 116, -12]
[-43, 41, 117, 77, -36, -112, 107, 127]
[121, -80, -128, -114, 105, 123, -128, -121]
[-128, 115, 103, 125, -128, -128, 127, -45]
[-128, 118, 105, 115, -128, -116, 119, 117]
[127, -120, -128, -120, 127, 110, -119, 41]
[117, -118, -114, -118, 120, 122, -127, -101]
[-128, 127, 30, 127, -128, -128, 114, -38]
[-128, 116, 99, 110, -128, -117, 127, 101]
[118, -115, -122, -123, 120, 127, -128, 63]
[127, -126, -119, -116, 127, 106, -128, -48]
[-109, 120, -53, 106, -126, -64, 65, -41]
[-128, 104, 102, 105, -128, -114, 127, -13]
[47, -70, 123, -47, 55, 13, -32, 109]
[127, -116, -128, -119, 127, 112, -117, 50]
[-32, 52, -125, 35, -52, 22, 1, -87]
[-126, 114, 98, 104, -126, -111, 127, 102]
[53, -75, 124, -53, 59, 17, -39, 106]
[118, -116, -128, -119, 119, 127, -128, 58]
[98, -50, -127, -86, 73, 125, -120, -121]
[-128, 102, 103, 105, -128, -116, 127, -16]
[48, -70, 124, -47, 56, 12, -33, 109]
[127, -128, -68, -128, 127, 127, -128, 77]
[118, -120, -112, -117, 122, 119, -125, -104]
[-120, 106, 121, 103, -118, -117, 117, -11]
[-127, 114, 100, 106, -125, -114, 127, 104]
[106, -128, 35, -128, 127, 100, -120, 74]
[127, -113, -118, -111, 126, 105, -128, 20]
[-104, 113, -72, 101, -121, -58, 61, -56]
[-128, 102, 109, 106, -128, -117, 127, -25]
[33, -55, 126, -31, 42, -4, -13, 111]
[127, -121, -128, -122, 127, 112, -119, 41]
[-128, 127, 7, 127, -128, -114, 101, -34]
[-121, 107, 121, 109, -117, -128, 121, -28]
[-88, 84, 120, 118, -75, -128, 127, 127]
[127, -108, -124, -109, 127, 107, -124, 55]
[126, -121, -128, -126, 127, 118, -128, -110]
[-128, 126, 80, 127, -128, -128, 127, -44]
[-125, 108, 117, 110, -127, -119, 127, -23]
[-125, 118, 100, 114, -124, -119, 119, 104]
[110, -128, -5, -128, 127, 125, -128, 88]
[124, -111, -121, -108, 120, 100, -128, -75]
[-122, 127, -36, 119, -128, -83, 81, -39]
[-128, 96, 106, 99, -128, -113, 127, -17]
[54, -74, 127, -55, 61, 20, -39, 114]
[127, -116, -128, -121, 127, 118, -121, 57]
[-22, 46, -126, 25, -42, 40, -11, -90]
[-126, 101, 100, 85, -124, -107, 127, 89]
[39, -58, 124, -35, 47, -1, -18, 116]
[121, -122, -119, -128, 122, 127, -128, 64]
[127, -103, -128, -128, 124, 125, -128, -114]
[79, -33, -120, -70, 58, 127, -107, -119]
[-124, 127, -36, 118, -128, -83, 79, -42]
[-128, 94, 106, 97, -104, -112, 127, -16]
[52, -72, 127, -53, 50, 19, -38, 114]
[127, -110, -126, -108, 127, 103, -128, 18]
[-11, 36, -125, 14, -35, 57, -22, -92]
[-122, 108, 121, 106, -120, -120, 119, -11]
[-127, 100, 109, 103, -128, -118, 127, -27]
[-128, 125, 88, 127, -128, -128, 127, -42]
[-128, 119, 99, 114, -128, -116, 117, 106]
[127, -128, -97, -128, 127, 127, -128, 67]
[122, -112, -122, -108, 117, 99, -128, -78]
[-123, 127, -39, 118, -128, -83, 79, -42]
[-128, 124, 100, 120, -128, -122, 126, 127]
[53, -73, 127, -55, 60, 21, -41, 113]
[122, -123, -111, -119, 125, 117, -123, -106]
[-122, 108, 121, 105, -120, -119, 119, -10]
[-61, 56, 116, 95, -50, -123, 122, 127]
[127, -107, -123, -108, 127, 105, -125, 34]
[124, -91, -128, -124, 114, 124, -128, -113]
[-128, 119, 94, 127, -128, -128, 127, -43]
[-128, 117, 98, 116, -128, -116, 119, 110]
[127, -122, -128, -120, 127, 113, -120, 38]
[118, -118, -116, -121, 118, 118, -128, -102]
[-128, 127, -6, 127, -128, -107, 96, -32]
[-127, 85, 102, 95, -122, -113, 127, -15]
[127, -111, -128, -116, 127, 118, -121, 61]
[-26, 49, -128, 29, -40, 40, -11, -86]
[-122, 78, 102, 74, -107, -106, 127, 50]
[93, -118, 84, -108, 103, 79, -100, 91]
[127, -111, -127, -128, 126, 123, -128, -108]
[-127, 118, 99, 116, -127, -116, 119, 106]
[115, -128, -8, -128, 127, 127, -128, 85]
[123, -121, -121, -115, 120, 101, -128, -98]
[-124, 127, -34, 122, -128, -86, 84, -34]
[-128, 94, 105, 99, -127, -112, 127, -15]
[59, -82, 127, -62, 65, 27, -50, 111]
[127, -112, -128, -120, 127, 117, -121, 61]
[-128, 127, 34, 127, -128, -128, 115, -44]
[-122, 110, 121, 106, -121, -118, 119, -7]
[-69, 71, 116, 109, -60, -128, 127, 127]
[124, -125, -113, -128, 125, 127, -128, 63]
[127, -103, -128, -128, 124, 124, -128, -111]
[-128, 120, 87, 126, -128, -128, 127, -44]
[-128, 118, 98, 116, -128, -116, 118, 108]
[11, -26, 124, 3, 20, -41, 25, 121]
[124, -128, -18, -128, 127, 127, -128, 83]
[119, -120, -117, -125, 118, 121, -128, -103]
[-128, 127, -6, 127, -128, -106, 95, -33]
[-128, 85, 98, 94, -127, -112, 127, -17]
[75, -97, 126, -81, 80, 47, -71, 103]
[127, -109, -128, -115, 127, 115, -122, 64]
[103, -128, 48, -123, 121, 99, -120, 79]
[-94, 104, -107, 93, -115, -44, 51, -69]
[-128, 124, 93, 127, -128, -128, 127, -40]
[-128, 121, 98, 118, -128, -116, 119, 107]
[127, -128, -105, -128, 125, 127, -128, 67]
[119, -118, -117, -116, 117, 104, -128, -102]
[-128, 127, -15, 127, -128, -98, 92, -34]
[-103, 98, 126, 120, -83, -127, 125, 127]
[127, -128, -17, -128, 127, 127, -128, 83]
[127, -109, -128, -112, 127, 109, -124, 59]
[-48, 68, -128, 47, -68, 11, 13, -75]
[-122, 114, 102, 99, -123, -107, 122, 103]
[-35, 33, 117, 71, -28, -108, 103, 127]
[119, -121, -120, -126, 126, 127, -128, 62]
[123, -65, -125, -106, 93, 127, -128, -116]
[-128, 113, 102, 122, -128, -128, 126, -40]
[-128, 119, 96, 117, -128, -117, 122, 117]
[125, -128, -40, -128, 127, 127, -128, 79]
[114, -119, -114, -120, 120, 114, -127, -104]
[-119, 105, 118, 107, -117, -128, 120, -27]
[-128, 81, 103, 92, -128, -111, 127, -17]
[75, -100, 127, -86, 83, 50, -75, 107]
[126, -128, -117, -125, 127, 116, -125, -110]
[-45, 63, -128, 44, -60, 17, 8, -79]
[-120, 112, 101, 99, -122, -107, 123, 103]
[-47, 39, 116, 80, -32, -115, 111, 127]
[127, -95, -127, -127, 119, 127, -128, -114]
[-121, 108, 121, 107, -120, -124, 120, -16]
[-128, 120, 98, 119, -128, -115, 119, 108]
[113, -128, -13, -128, 127, 127, -128, 84]
[120, -119, -121, -104, 118, 98, -128, -91]
[-127, 109, 112, 118, -122, -128, 126, -38]
[-128, 95, 108, 98, -128, -112, 127, -17]
[56, -77, 127, -59, 64, 25, -45, 114]
[124, -125, -112, -118, 125, 85, -123, -108]
[29, 4, -123, -27, 13, 113, -65, -90]
[-126, 117, 114, 118, -125, -128, 125, -25]
[-128, 127, 109, 127, -128, -128, 127, 127]
[127, -128, -80, -128, 127, 127, -128, 75]
[127, -127, -113, -122, 127, 114, -123, -103]
[-128, 127, 24, 127, -128, -128, 106, -39]
[-125, 82, 101, 79, -124, -109, 127, 45]
[127, -128, -106, -128, 127, 127, -128, 67]
[127, -105, -128, -107, 127, 107, -124, 63]
[-73, 89, -128, 72, -99, -20, 36, -66]
[-125, 105, 116, 109, -124, -120, 127, -22]
[-24, 19, 120, 58, -15, -101, 90, 127]
[124, -124, -121, -128, 127, 127, -128, 55]
[127, -111, -123, -128, 127, 127, -128, -116]
[-128, 127, 91, 127, -128, -128, 127, -38]
[-128, 124, 99, 120, -128, -118, 120, 107]
[120, -128, -27, -128, 127, 127, -128, 81]
[121, -116, -115, -112, 120, 101, -128, -100]
[-128, 127, -22, 127, -128, -97, 94, -31]
[-128, 91, 108, 98, -128, -110, 127, -14]
[68, -91, 127, -74, 75, 39, -62, 110]
[124, -127, -113, -121, 127, 114, -123, -108]
[-124, 116, 123, 112, -121, -121, 120, -5]
[127, -125, -123, -128, 127, 122, -128, -111]
[-128, 127, 74, 127, -128, -128, 124, -41]
[-13, 0, 122, 38, -2, -80, 68, 120]
[105, -128, 19, -128, 127, 118, -127, 88]
[125, -102, -126, -105, 115, 100, -128, -17]
[-111, 120, -76, 107, -126, -66, 70, -54]
[-128, 121, 96, 120, -128, -120, 124, 110]
[127, -123, -128, -126, 127, 123, -126, 45]
[48, -7, -121, -42, 23, 124, -78, -107]
[-128, 88, 105, 96, -128, -111, 127, -15]
[-128, 127, 98, 121, -125, -124, 126, 127]
[127, -128, -60, -128, 127, 127, -128, 72]
[9, 22, -124, -4, -11, 86, -43, -92]
[-125, 111, 117, 111, -121, -128, 122, -20]
[-128, 85, 105, 85, -125, -109, 127, 29]
[87, -113, 113, -101, 96, 67, -92, 96]
[127, -108, -128, -110, 124, 109, -124, 58]
[-50, 66, -128, 48, -62, 10, 13, -84]
[-123, 113, 123, 115, -121, -123, 125, -12]
[-39, 35, 116, 77, -28, -115, 108, 127]
[127, -108, -128, -107, 126, 103, -128, 22]
[117, -69, -126, -110, 100, 127, -128, -114]
[-128, 117, 96, 118, -128, -117, 122, 111]
[127, -123, -128, -124, 127, 120, -124, 39]
[50, -11, -120, -44, 25, 126, -82, -110]
[-128, 127, -25, 127, -128, -98, 91, -34]
[-128, 88, 106, 96, -128, -111, 127, -17]
[53, -73, 127, -52, 62, 16, -40, 122]
[123, -126, -114, -120, 127, 106, -123, -110]
[-127, 113, 114, 115, -123, -128, 123, -28]
[-128, 127, 84, 127, -128, -128, 127, 127]
[127, -128, -58, -128, 127, 126, -128, 76]
[124, -128, -113, -123, 127, 110, -124, -106]
[-126, 127, -1, 127, -128, -113, 96, -33]
[-127, 126, 109, 127, -123, -128, 127, 127]
[127, -128, -81, -128, 127, 127, -128, 72]
[127, -111, -128, -116, 127, 116, -122, 63]
[-21, 45, -128, 22, -37, 45, -11, -87]
[-123, 69, 102, 76, -113, -107, 127, 0]
[-112, 115, 114, 127, -103, -128, 127, 127]
[127, -128, -96, -128, 127, 127, -128, 66]
[127, -128, -113, -128, 127, 120, -128, -106]
[-128, 127, 38, 127, -128, -128, 107, -43]
[-121, 79, 101, 70, -111, -101, 124, 56]
[90, -113, 104, -105, 95, 77, -98, 92]
[127, -103, -128, -105, 127, 109, -122, 59]
[-55, 73, -128, 54, -74, 1, 18, -84]
[-124, 109, 119, 113, -124, -122, 126, -20]
[-48, 47, 117, 92, -40, -125, 119, 127]
[123, -127, -114, -128, 126, 127, -128, 60]
[127, -124, -121, -128, 127, 126, -128, -115]
[-128, 127, 75, 127, -128, -128, 127, -42]
[-127, 122, 100, 102, -128, -108, 117, 106]
[102, -126, 32, -126, 122, 115, -125, 82]
[-101, 109, -107, 96, -122, -48, 57, -69]
[126, -121, -126, -123, 127, 121, -127, 40]
[-128, 116, 108, 126, -128, -128, 127, -37]
[-128, 125, 95, 122, -128, -122, 127, 118]
[127, -120, -128, -122, 127, 121, -125, 48]
[52, -10, -119, -47, 28, 127, -85, -101]
[-127, 127, -29, 125, -128, -99, 93, -33]
[-128, 89, 111, 96, -127, -111, 127, -16]
[127, -128, -53, -128, 127, 127, -128, 76]
[127, -103, -128, -102, 125, 103, -125, 47]
[25, 12, -121, -19, 1, 105, -57, -93]
[-125, 111, 113, 113, -123, -128, 123, -23]
[61, -77, 127, -59, 66, 21, -49, 120]
[127, -128, -65, -128, 127, 127, -128, 74]
[125, -128, -113, -123, 127, 107, -123, -106]
[-127, 127, 7, 127, -128, -119, 99, -38]
[-128, 127, 107, 127, -124, -128, 127, 127]
[71, -90, 127, -72, 77, 35, -63, 114]
[127, -110, -128, -117, 127, 118, -121, 64]
[-8, 36, -128, 14, -26, 62, -24, -90]
[-125, 73, 103, 80, -110, -107, 127, -11]
[-124, 124, 104, 127, -114, -128, 127, 127]
[127, -128, -86, -128, 127, 127, -128, 67]
[127, -128, -113, -128, 127, 117, -127, -103]
[-124, 114, 119, 114, -122, -125, 122, -10]
[-112, 113, 114, 127, -103, -128, 127, 127]
[84, -106, 124, -94, 89, 60, -85, 103]
[127, -104, -128, -110, 127, 114, -122, 67]
[-128, 127, 27, 127, -128, -126, 104, -43]
[-124, 114, 119, 114, -122, -124, 123, -11]
[-103, 104, 113, 127, -93, -128, 127, 127]
[127, -103, -128, -109, 127, 111, -122, 66]
[127, -128, -112, -128, 127, 121, -128, -109]
[-128, 127, 32, 127, -128, -125, 105, -43]
[-122, 80, 102, 72, -107, -102, 124, 17]
[88, -110, 111, -101, 90, 73, -95, 101]
[127, -128, -102, -128, 127, 127, -128, 63]
[-42, 61, -128, 40, -61, 18, 4, -89]
[-124, 113, 119, 115, -123, -123, 125, -11]
[87, -109, 111, -101, 87, 73, -96, 100]
[127, -128, -101, -128, 127, 127, -128, 62]
[127, -128, -111, -128, 127, 122, -128, -109]
[-128, 127, 37, 127, -128, -125, 105, -44]
[-93, 96, 115, 126, -83, -128, 127, 127]
[90, -111, 109, -104, 97, 76, -98, 98]
[127, -103, -128, -105, 126, 111, -122, 65]
[-42, 62, -128, 41, -62, 19, 6, -90]
[-126, 94, 116, 97, -128, -115, 127, -21]
[-100, 102, 114, 127, -89, -128, 127, 127]
[127, -128, -100, -128, 127, 127, -128, 62]
[127, -128, -111, -128, 127, 121, -128, -109]
[-128, 127, 32, 127, -128, -123, 104, -44]
[-122, 71, 103, 73, -111, -102, 124, 10]
[86, -105, 120, -97, 87, 66, -90, 102]
[127, -102, -128, -109, 125, 114, -121, 66]
[-28, 52, -128, 30, -49, 35, -8, -91]
[-125, 115, 118, 115, -123, -123, 124, -12]
[-128, 127, 21, 127, -128, -122, 102, -44]
[-123, 72, 103, 76, -111, -104, 127, -8]
[127, -128, -92, -128, 127, 127, -128, 65]
[127, -104, -128, -110, 126, 115, -122, 70]
[-16, 44, -128, 22, -40, 47, -16, -89]
[-125, 116, 117, 115, -123, -125, 123, -11]
[-9, -12, 127, 22, 4, -67, 56, 122]
[127, -128, -85, -128, 127, 127, -128, 66]
[127, -128, -113, -128, 127, 118, -128, -102]
[-124, 127, 6, 127, -128, -119, 98, -44]
[-128, 127, 86, 127, -125, -128, 127, 127]
[70, -88, 127, -69, 75, 33, -62, 115]
[127, -110, -128, -119, 127, 120, -123, 65]
[17, 20, -128, -7, -7, 89, -46, -90]
[-126, 113, 110, 114, -123, -128, 123, -23]
[-128, 127, 82, 127, -128, -128, 127, 127]
[127, -128, -58, -128, 127, 127, -128, 73]
[125, -126, -113, -114, 127, 93, -125, -102]
[-118, 125, -26, 121, -121, -101, 88, -34]
[-126, 88, 113, 92, -126, -107, 127, -12]
[90, -114, 88, -110, 107, 93, -111, 83]
[127, -121, -128, -125, 127, 124, -125, 55]
[-117, 122, -45, 116, -123, -93, 84, -37]
[-128, 116, 103, 124, -125, -128, 127, -31]
[-128, 127, 93, 124, -128, -126, 127, 125]
[116, -128, -23, -128, 127, 117, -123, 81]
[121, -114, -120, -104, 120, 92, -126, -53]
[-112, 118, -70, 110, -120, -79, 79, -45]
[-124, 94, 118, 97, -126, -115, 127, -21]
[8, -25, 127, 5, 20, -48, 34, 127]
[127, -125, -125, -127, 127, 127, -128, 52]
[124, -78, -122, -120, 106, 127, -128, -103]
[-128, 126, 94, 127, -128, -128, 127, -35]
[-18, 0, 127, 36, -2, -81, 73, 124]
[100, -126, 33, -119, 123, 109, -115, 85]
[124, -101, -128, -104, 117, 97, -123, 42]
[-95, 101, -123, 89, -113, -38, 53, -73]
[-128, 122, 99, 104, -128, -95, 121, 99]
[-44, 27, 126, 72, -29, -112, 108, 114]
[126, -128, -106, -128, 127, 127, -128, 56]
[127, -128, -109, -128, 127, 127, -128, -125]
[-126, 107, 127, 113, -127, -128, 127, -26]
[-125, 73, 101, 69, -100, -93, 118, 10]
[81, -98, 119, -95, 81, 77, -96, 102]
[127, -128, -108, -128, 127, 126, -128, -115]
[-27, 53, -128, 30, -51, 39, -11, -100]
[-128, 118, 120, 118, -126, -127, 125, -14]
[-127, 127, 102, 127, -124, -128, 127, 125]
[127, -128, -79, -128, 127, 127, -128, 65]
[127, -128, -113, -126, 127, 107, -128, -105]
[-121, 127, -8, 126, -125, -110, 94, -45]
[-126, 81, 109, 88, -120, -105, 127, -9]
[56, -69, 127, -52, 58, 12, -42, 125]
[127, -117, -128, -122, 127, 126, -124, 57]
[62, -14, -124, -48, 33, 123, -89, -94]
[-128, 116, 102, 122, -126, -128, 127, -33]
[-125, 89, 114, 92, -125, -107, 127, -12]
[-128, 127, 91, 127, -128, -128, 127, 127]
[118, -128, -32, -128, 127, 118, -126, 79]
[-124, 93, 116, 96, -117, -114, 127, -21]
[127, -124, -127, -127, 127, 127, -128, 51]
[125, -79, -122, -116, 107, 127, -128, -102]
[-123, 96, 124, 101, -123, -120, 127, -31]
[-128, 124, 98, 106, -128, -110, 126, 109]
[97, -125, 44, -115, 119, 105, -112, 86]
[127, -125, -117, -128, 127, 127, -128, -117]
[-118, 127, -19, 125, -123, -107, 90, -40]
[-125, 103, 127, 110, -125, -127, 127, -29]
[-64, 55, 124, 102, -50, -123, 127, 115]
[123, -101, -128, -101, 120, 101, -122, 48]
[127, -128, -106, -128, 127, 127, -128, -126]
[-128, 127, 50, 127, -128, -121, 111, -41]
[-59, 72, 103, 70, -112, -98, 120, 12]
[127, -128, -92, -128, 127, 127, -128, 60]
[116, -99, -128, -106, 123, 110, -121, 63]
[-28, 51, -128, 26, -46, 43, -12, -97]
[-128, 117, 118, 118, -125, -126, 126, -13]
[75, -94, 127, -79, 73, 46, -73, 107]
[99, -128, -79, -128, 127, 127, -128, 65]
[127, -128, -113, -126, 127, 107, -128, -105]
[-125, 118, 109, 119, -125, -128, 125, -26]
[-124, 83, 112, 90, -120, -105, 127, -8]
[53, -63, 127, -43, 52, 3, -32, 127]
[127, -118, -128, -124, 127, 126, -125, 55]
[-112, 121, -53, 113, -120, -91, 82, -38]
[-128, 126, 95, 126, -128, -127, 127, 125]
[117, -128, -21, -128, 127, 118, -124, 81]
[113, -57, -120, -103, 87, 127, -124, -95]
[-100, 114, -85, 107, -118, -75, 77, -50]
[-122, 93, 120, 97, -124, -116, 127, -26]
[0, -18, 127, 16, 11, -62, 49, 127]
[127, -102, -128, -112, 125, 116, -120, 70]
[127, -95, -123, -128, 121, 127, -128, -107]
[-128, 127, 89, 127, -128, -128, 127, -36]
[-124, 122, 98, 105, -128, -94, 123, 103]
[127, -128, -106, -128, 127, 127, -128, 56]
[-72, 86, -128, 70, -96, -15, 34, -87]
[-127, 106, 127, 113, -128, -128, 127, -27]
[97, -122, 77, -115, 120, 102, -115, 81]
[122, -126, -104, -128, 124, 127, -128, 58]
[127, -128, -111, -128, 127, 126, -128, -124]
[-128, 127, 56, 127, -128, -125, 114, -40]
[-125, 85, 103, 71, -114, -97, 119, 68]
[93, -108, 106, -107, 94, 87, -105, 89]
[113, -98, -128, -100, 124, 103, -121, 54]
[-40, 67, -128, 44, -68, 19, 6, -98]
[-128, 115, 123, 119, -126, -127, 127, -18]
[-123, 120, 102, 127, -106, -128, 127, 118]
[127, -128, -83, -128, 127, 127, -128, 60]
[127, -128, -112, -128, 127, 120, -128, -107]
[-124, 127, -1, 125, -127, -114, 96, -47]
[-125, 76, 109, 84, -113, -106, 127, -10]
[61, -75, 127, -55, 64, 18, -47, 121]
[127, -113, -128, -121, 127, 125, -124, 59]
[69, -15, -125, -52, 35, 122, -93, -95]
[115, -128, -12, -128, 127, 115, -122, 80]
[-109, 114, -87, 106, -118, -77, 75, -50]
[-123, 92, 118, 96, -123, -116, 127, -25]
[106, -128, 21, -123, 127, 113, -117, 86]
[127, -127, -120, -128, 127, 127, -128, 51]
[127, -94, -123, -128, 119, 127, -128, -103]
[-125, 95, 125, 103, -122, -121, 127, -33]
[96, -124, 58, -115, 118, 105, -114, 85]
[125, -102, -128, -102, 116, 99, -123, 41]
[-128, 127, 55, 127, -128, -124, 115, -37]
[-127, 108, 127, 116, -125, -128, 127, -22]
[-104, 87, 118, 122, -81, -128, 127, 117]
[127, -128, -88, -128, 127, 127, -128, 61]
[127, -128, -110, -128, 127, 124, -128, -117]
[-128, 127, 18, 127, -128, -118, 102, -43]
[-123, 72, 108, 77, -98, -105, 125, -10]
[127, -128, -67, -128, 127, 127, -128, 64]
[127, -128, -112, -126, 127, 108, -128, -106]
[35, 12, -128, -21, 1, 103, -61, -96]
[-127, 117, 105, 118, -126, -128, 125, -24]
[36, -45, 127, -20, 39, -25, 1, 127]
[119, -128, -16, -128, 127, 118, -124, 74]
[114, -103, -124, -102, 114, 94, -126, -17]
[-98, 109, -100, 99, -115, -71, 67, -56]
[-128, 126, 95, 108, -128, -110, 127, 115]
[-20, 0, 127, 42, -4, -90, 81, 127]
[127, -128, -112, -128, 127, 127, -128, 56]
[127, -127, -108, -128, 127, 127, -128, -116]
[-128, 127, 66, 127, -128, -128, 116, -37]
[-126, 108, 100, 80, -128, -98, 120, 101]
[93, -116, 88, -111, 111, 97, -111, 84]
[127, -101, -128, -101, 122, 101, -123, 45]
[-110, 119, -71, 111, -118, -88, 81, -44]
[-126, 114, 126, 120, -124, -128, 127, -19]
[-123, 121, 104, 127, -113, -128, 127, 113]
[122, -99, -128, -109, 122, 114, -119, 70]
[127, -128, -111, -128, 127, 109, -128, -108]
[-121, 127, -10, 126, -127, -109, 94, -47]
[-125, 78, 112, 87, -124, -106, 127, -10]
[54, -68, 127, -48, 63, 12, -36, 124]
[125, -102, -128, -99, 121, 97, -120, 45]
[76, -20, -123, -60, 42, 126, -100, -95]
[-128, 117, 97, 124, -128, -128, 127, -35]
[1, -17, 127, 19, 8, -68, 52, 127]
[108, -128, 27, -123, 127, 105, -114, 81]
[124, -103, -128, -107, 111, 97, -123, 39]
[-83, 89, -128, 77, -99, -34, 47, -76]
[-122, 99, 127, 106, -121, -125, 127, -32]
[-68, 49, 125, 99, -44, -123, 127, 119]
[127, -128, -97, -128, 127, 127, -128, 55]
[127, -128, -111, -128, 127, 127, -128, -125]
[-128, 127, 46, 127, -128, -124, 111, -41]
[-122, 71, 104, 68, -108, -96, 119, 5]
[80, -100, 127, -95, 83, 70, -92, 102]
[124, -99, -128, -106, 122, 111, -119, 63]
[-11, 46, -128, 18, -38, 55, -22, -97]
[-128, 118, 114, 117, -126, -128, 125, -14]
[-60, 74, -128, 60, -79, 0, 20, -94]
[-123, 91, 117, 94, -124, -106, 127, -11]
[113, -128, 6, -127, 127, 112, -118, 79]
[127, -94, -121, -125, 122, 127, -128, -94]
[-128, 127, 81, 127, -128, -128, 127, -33]
[-37, 13, 127, 62, -19, -103, 103, 122]
[127, -128, -104, -128, 127, 127, -128, 55]
[125, -101, -128, -102, 121, 97, -122, 42]
[-73, 87, -128, 70, -100, -14, 33, -84]
[-125, 73, 102, 69, -115, -93, 119, 10]
[22, -39, 127, -11, 34, -37, 14, 127]
[127, -128, -83, -128, 127, 127, -128, 58]
[127, -128, -111, -128, 127, 124, -128, -114]
[-128, 119, 113, 120, -126, -128, 126, -16]
[-124, 75, 110, 80, -110, -106, 127, -12]
[39, -51, 125, -33, 42, -7, -16, 127]
[124, -118, -128, -123, 125, 127, -126, 55]
[-100, 109, -100, 99, -114, -70, 68, -57]
[-128, 125, 84, 127, -128, -128, 127, -35]
[-128, 126, 95, 124, -128, -113, 127, 114]
[101, -127, 48, -119, 121, 104, -114, 83]
[127, -115, -116, -128, 127, 127, -128, -111]
[-88, 96, -128, 83, -111, -35, 49, -75]
[-125, 101, 126, 107, -125, -125, 127, -32]
[95, -121, 84, -115, 112, 101, -113, 84]
[125, -128, -103, -128, 127, 127, -128, 54]
[127, -128, -106, -128, 127, 127, -128, -128]
[-128, 127, 31, 127, -128, -119, 106, -37]
[-122, 115, 105, 127, -110, -128, 127, 114]
[125, -99, -128, -106, 123, 113, -120, 71]
[5, 35, -128, 6, -26, 73, -33, -93]
[-125, 76, 111, 84, -124, -108, 127, -9]
[-128, 127, 83, 127, -128, -128, 127, 127]
[123, -128, -44, -128, 127, 127, -128, 68]
[76, -17, -124, -57, 38, 122, -96, -95]
[-111, 123, -61, 115, -120, -91, 82, -36]
[-124, 90, 117, 94, -124, -106, 127, -10]
[3, -21, 127, 13, 16, -63, 44, 127]
[123, -101, -128, -106, 119, 96, -123, 40]
[-90, 98, -126, 87, -108, -48, 56, -69]
[-128, 127, 76, 127, -128, -128, 127, -34]
[-128, 109, 99, 70, -121, -86, 122, 66]
[86, -109, 120, -96, 92, 83, -101, 100]
[127, -128, -108, -128, 127, 127, -128, -125]
[-39, 62, -128, 43, -65, 23, 2, -101]
[-128, 125, 74, 127, -125, -128, 127, 109]
[126, -128, -29, -128, 127, 127, -128, 65]
[127, -109, -117, -104, 127, 94, -128, -45]
[-101, 109, -96, 100, -116, -69, 68, -56]
[-121, 92, 125, 94, -122, -111, 127, -23]
[-5, -19, 127, 21, 12, -68, 56, 127]
[127, -128, -113, -128, 127, 127, -128, 50]
[127, -126, -106, -128, 127, 127, -128, -112]
[-128, 127, 66, 127, -128, -128, 126, -36]
[-128, 87, 101, 72, -115, -92, 120, 12]
[-128, 127, 78, 127, -128, -128, 127, -35]
[-128, 127, 82, 127, -128, -128, 127, 123]
[125, -113, -128, -122, 127, 127, -124, 59]
[127, -103, -116, -93, 109, 84, -126, -19]
[-100, 108, -104, 101, -109, -72, 71, -59]
[-119, 92, 127, 94, -117, -111, 126, -22]
[100, -127, 48, -117, 122, 102, -112, 85]
[125, -105, -128, -114, 126, 119, -122, 69]
[127, -128, -106, -128, 127, 127, -128, -114]
[-128, 127, 59, 127, -128, -128, 117, -36]
[-124, 76, 103, 71, -90, -93, 120, -10]
[70, -89, 127, -81, 71, 59, -81, 113]
[122, -97, -128, -103, 114, 110, -117, 66]
[-123, 127, -10, 125, -126, -112, 95, -46]
[-124, 74, 111, 83, -123, -107, 127, -15]
[-128, 127, 82, 127, -128, -128, 127, 126]
[124, -128, -41, -128, 127, 127, -128, 69]
[126, -116, -117, -99, 127, 85, -125, -80]
[-128, 122, 93, 127, -128, -128, 127, -34]
[-122, 92, 121, 93, -125, -107, 127, -13]
[4, -23, 127, 12, 15, -60, 45, 127]
[127, -125, -117, -128, 127, 127, -128, 55]
[-87, 100, -127, 89, -111, -49, 59, -71]
[-128, 127, 76, 127, -128, -128, 126, -34]
[-128, 109, 101, 70, -124, -86, 123, 67]
[127, -128, -90, -128, 127, 127, -128, 55]
[123, -103, -128, -98, 120, 101, -118, 48]
[-36, 57, -128, 37, -60, 33, -3, -102]
[-127, 114, 117, 121, -125, -128, 127, -17]
[53, -66, 126, -53, 50, 22, -46, 120]
[125, -128, -40, -128, 127, 127, -128, 66]
[127, -128, -115, -119, 127, 88, -128, -105]
[-112, 123, -68, 115, -121, -87, 80, -41]
[-128, 127, 94, 125, -128, -117, 127, 124]
[-5, -9, 127, 32, 7, -79, 65, 127]
[127, -126, -113, -128, 127, 127, -128, 60]
[127, -125, -109, -128, 127, 127, -128, -108]
[-128, 124, 97, 127, -128, -128, 127, -31]
[-127, 77, 102, 73, -95, -94, 120, 1]
[76, -92, 127, -85, 74, 64, -84, 111]
[127, -128, -111, -128, 127, 111, -128, -112]
[20, 25, -128, -10, -14, 98, -50, -92]
[-128, 122, 104, 126, -128, -128, 127, -26]
[-128, 127, 87, 127, -128, -128, 127, 125]
[127, -122, -128, -127, 127, 127, -128, 52]
[127, -87, -124, -122, 117, 127, -128, -93]
[-94, 102, -125, 90, -107, -56, 60, -66]
[-121, 94, 127, 100, -119, -120, 127, -33]
[-37, 17, 127, 67, -21, -107, 104, 122]
[127, -128, -100, -128, 127, 127, -128, 57]
[127, -128, -104, -128, 127, 127, -128, -126]
[-128, 127, 33, 127, -128, -120, 108, -37]
[-123, 75, 107, 74, -104, -100, 120, -11]
[73, -93, 127, -86, 76, 61, -82, 105]
[125, -99, -128, -107, 122, 113, -120, 68]
[7, 32, -128, 1, -22, 80, -37, -92]
[-128, 120, 108, 120, -127, -128, 125, -18]
[-128, 127, 87, 127, -127, -128, 127, 125]
[122, -62, -124, -108, 96, 127, -126, -93]
[-43, 25, 127, 76, -25, -118, 112, 124]
[127, -128, -97, -128, 127, 127, -128, 57]
[-64, 76, -128, 60, -84, -2, 23, -94]
[-128, 127, 39, 127, -128, -122, 108, -38]
[-123, 73, 104, 68, -102, -95, 119, -13]
[67, -84, 127, -74, 68, 49, -72, 111]
[124, -104, -128, -107, 123, 96, -121, 39]
[49, 3, -128, -37, 16, 119, -78, -96]
[-128, 123, 97, 127, -128, -128, 127, -31]
[11, -26, 127, 8, 17, -57, 36, 127]
[111, -128, 32, -124, 127, 109, -115, 78]
[123, -100, -128, -105, 121, 95, -123, 40]
[-82, 91, -128, 76, -101, -35, 47, -77]
[-128, 88, 102, 73, -120, -90, 122, 14]
[-94, 86, 120, 121, -77, -127, 127, 116]
[127, -128, -82, -128, 127, 127, -128, 55]
[127, -128, -111, -128, 127, 127, -128, -114]
[-128, 119, 110, 123, -125, -128, 127, -16]
[-124, 75, 114, 81, -120, -105, 127, -13]
[43, -55, 126, -38, 47, -1, -26, 127]
[124, -117, -128, -123, 127, 127, -126, 54]
[127, -90, -119, -121, 116, 126, -128, -96]
[-128, 127, 70, 127, -128, -128, 127, -34]
[-123, 89, 99, 78, -128, -93, 127, 64]
[80, -101, 123, -92, 87, 77, -96, 101]
[119, -97, -128, -95, 118, 100, -115, 50]
[-20, 47, -128, 20, -41, 60, -21, -101]
[-128, 120, 108, 125, -126, -128, 127, -21]
[52, -66, 127, -52, 52, 16, -42, 122]
[127, -115, -128, -124, 127, 127, -126, 59]
[-106, 115, -106, 104, -114, -76, 75, -57]
[-128, 127, 98, 111, -128, -100, 127, 116]
[-25, 6, 127, 54, -8, -101, 93, 127]
[127, -128, -102, -128, 127, 127, -128, 59]
[127, -128, -104, -128, 127, 127, -128, -119]
[-124, 110, 123, 117, -124, -128, 127, -20]
[-128, 125, 85, 125, -124, -128, 127, 113]
[64, -80, 127, -64, 68, 42, -65, 114]
[123, -101, -128, -113, 121, 120, -120, 67]
[-121, 125, -32, 126, -125, -107, 92, -45]
[-128, 117, 103, 116, -127, -128, 123, -24]
[-128, 127, 89, 126, -125, -128, 127, 122]
[118, -128, 18, -128, 127, 116, -121, 75]
[127, -114, -120, -127, 127, 127, -128, -100]
[-79, 90, -128, 74, -94, -35, 45, -77]
[-120, 98, 127, 104, -120, -124, 126, -34]
[-93, 84, 122, 120, -76, -126, 127, 116]
[127, -128, -79, -128, 127, 127, -128, 55]
[127, -128, -110, -128, 127, 127, -128, -117]
[-123, 127, -13, 121, -128, -109, 95, -40]
[-124, 74, 114, 82, -115, -105, 126, -13]
[52, -65, 127, -47, 56, 11, -37, 125]
[126, -117, -128, -124, 127, 127, -126, 57]
[116, -60, -123, -106, 92, 127, -126, -95]
[-128, 127, 79, 127, -128, -128, 127, -32]
[-128, 110, 99, 88, -121, -92, 127, 93]
[127, -128, -105, -128, 127, 127, -128, -117]
[-128, 126, 80, 127, -128, -128, 127, 116]
[124, -128, -46, -128, 127, 127, -128, 65]
[127, -128, -116, -116, 127, 89, -126, -104]
[-114, 122, -71, 117, -118, -92, 85, -44]
[-123, 88, 120, 93, -126, -107, 127, -10]
[-2, -17, 127, 25, 12, -75, 55, 127]
[122, -100, -128, -109, 119, 116, -118, 66]
[127, -127, -105, -128, 127, 127, -128, -107]
[-128, 127, 45, 127, -128, -127, 114, -34]
[-127, 78, 103, 73, -113, -94, 121, -8]
[127, -128, -36, -128, 127, 127, -128, 59]
[120, -102, -128, -111, 118, 120, -116, 59]
[113, -55, -128, -100, 87, 123, -120, -93]
[-128, 127, 76, 127, -128, -128, 127, -32]
[-128, 121, 82, 125, -124, -128, 127, 114]
[87, -111, 108, -96, 95, 83, -100, 91]
[120, -99, -128, -94, 119, 96, -114, 46]
[-128, 127, 29, 127, -128, -118, 106, -39]
[-128, 127, 74, 127, -126, -128, 127, 111]
[126, -128, -45, -128, 127, 127, -128, 62]
[127, -124, -115, -105, 127, 87, -128, -87]
[-128, 125, 87, 127, -128, -128, 127, -33]
[-121, 89, 126, 92, -117, -106, 127, -14]
[-24, 10, 127, 59, -12, -104, 95, 127]
[123, -106, -128, -103, 121, 94, -116, 40]
[127, -128, -105, -128, 127, 127, -128, -115]
[-128, 127, 35, 127, -128, -121, 108, -36]
[-124, 73, 105, 69, -103, -93, 119, -9]
[58, -69, 127, -56, 50, 32, -56, 122]
[121, -104, -128, -114, 124, 124, -118, 63]
[86, -25, -128, -73, 52, 126, -106, -96]
[-128, 127, 85, 127, -128, -128, 127, -34]
[-23, 2, 127, 50, -8, -98, 89, 127]
[97, -123, 86, -110, 113, 92, -107, 82]
[122, -104, -128, -102, 121, 94, -117, 40]
[-58, 68, -128, 52, -69, 2, 19, -99]
[-120, 89, 127, 91, -121, -107, 127, -14]
[-124, 75, 107, 72, -98, -97, 120, -9]
[127, -128, -56, -128, 127, 127, -128, 61]
[127, -128, -114, -105, 127, 82, -128, -97]
[-128, 127, 90, 127, -128, -128, 127, -29]
[-120, 91, 127, 90, -124, -105, 126, -10]
[-11, -5, 127, 36, 5, -89, 74, 127]
[124, -104, -128, -102, 121, 94, -118, 42]
[127, -128, -104, -128, 127, 127, -128, -111]
[-128, 127, 30, 127, -128, -120, 111, -35]
[-125, 77, 106, 73, -109, -97, 120, -7]
[61, -73, 127, -60, 64, 36, -59, 119]
[121, -103, -128, -113, 119, 123, -119, 67]
[90, -29, -128, -78, 55, 126, -110, -92]
[-128, 127, 24, 127, -128, -118, 107, -34]
[-128, 127, 84, 127, -128, -128, 127, -30]
[-128, 127, 95, 112, -128, -103, 127, 120]
[127, -128, -95, -128, 127, 127, -128, 60]
[121, -104, -128, -101, 118, 94, -116, 43]
[-38, 54, -128, 35, -55, 28, 1, -105]
[-127, 114, 115, 120, -126, -128, 127, -19]
[123, -111, -128, -121, 126, 127, -124, 62]
[-128, 127, 76, 127, -128, -128, 127, -32]
[-99, 87, 115, 118, -80, -124, 127, 113]
[74, -92, 127, -77, 67, 61, -83, 112]
[127, -128, -105, -128, 127, 121, -128, -112]
[-118, 125, -30, 119, -120, -100, 90, -43]
[-123, 76, 119, 83, -122, -103, 127, -13]
[34, -48, 127, -24, 42, -21, -6, 127]
[122, -98, -128, -100, 120, 92, -124, 38]
[-82, 92, -128, 78, -99, -39, 50, -76]
[-128, 127, 59, 127, -128, -128, 123, -33]
[-128, 91, 103, 77, -125, -93, 125, 15]
[127, -128, -71, -128, 127, 127, -128, 55]
[123, -98, -128, -102, 120, 92, -125, 39]
[24, 22, -128, -14, -9, 102, -54, -95]
[-128, 124, 99, 127, -128, -128, 127, -27]
[17, -33, 127, -3, 24, -45, 20, 127]
[127, -123, -115, -128, 127, 127, -128, 56]
[123, -101, -128, -104, 117, 94, -124, 40]
[-74, 84, -128, 66, -89, -25, 39, -82]
[-121, 100, 127, 110, -120, -128, 127, -30]
[63, -75, 127, -65, 62, 41, -65, 121]
[127, -128, -46, -128, 127, 127, -128, 59]
[127, -127, -111, -110, 127, 91, -128, -85]
[-105, 111, -91, 104, -108, -79, 77, -50]
[-118, 87, 127, 90, -120, -105, 125, -15]
[-22, 1, 127, 52, -4, -98, 92, 127]
[127, -128, -96, -128, 127, 127, -128, 62]
[-48, 60, -128, 42, -65, 14, 10, -104]
[-128, 127, 18, 127, -128, -117, 104, -36]
[-124, 76, 111, 74, -117, -99, 121, -8]
[46, -55, 127, -41, 48, 12, -37, 127]
[125, -83, -121, -118, 112, 126, -127, -95]
[-128, 127, 64, 127, -128, -128, 127, -32]
[-88, 71, 127, 116, -68, -123, 127, 113]
[78, -96, 127, -85, 78, 70, -90, 107]
[118, -95, -128, -95, 114, 101, -112, 56]
[12, 28, -128, -4, -20, 93, -46, -98]
[-128, 123, 99, 127, -128, -128, 127, -27]
[-128, 127, 88, 127, -128, -128, 127, 118]
[113, -128, 30, -125, 127, 111, -116, 77]
[123, -101, -128, -103, 119, 93, -124, 38]
[-128, 127, 41, 127, -128, -127, 117, -30]
[-120, 103, 127, 112, -120, -128, 126, -26]
[-125, 120, 87, 123, -118, -126, 127, 115]
[127, -128, -46, -128, 127, 127, -128, 61]
[127, -127, -112, -109, 127, 88, -128, -79]
[-103, 110, -98, 102, -108, -78, 76, -53]
[-117, 88, 127, 90, -120, -105, 125, -15]
[-33, 14, 127, 67, -15, -109, 104, 127]
[127, -128, -91, -128, 127, 127, -128, 64]
[127, -128, -104, -128, 127, 127, -128, -112]
[-128, 127, 1, 127, -128, -112, 100, -37]
[-124, 77, 116, 78, -120, -100, 122, -9]
[45, -54, 127, -38, 45, 7, -32, 127]
[124, -112, -127, -123, 127, 127, -126, 60]
[127, -89, -120, -120, 118, 127, -128, -96]
[119, -96, -128, -95, 117, 102, -113, 54]
[3, 34, -128, 4, -27, 84, -37, -99]
[-124, 79, 120, 84, -123, -102, 124, -12]
[-128, 127, 88, 127, -128, -128, 127, 115]
[116, -128, 25, -127, 127, 113, -118, 77]
[124, -101, -128, -104, 109, 93, -125, 38]
[-113, 123, -55, 114, -119, -91, 86, -40]
[-120, 99, 127, 108, -119, -128, 126, -34]
[-121, 115, 87, 123, -106, -126, 127, 112]
[119, -95, -128, -104, 117, 110, -114, 65]
[127, -128, -110, -126, 127, 88, -128, -99]
[-106, 115, -83, 108, -111, -82, 80, -46]
[-118, 87, 127, 90, -122, -103, 124, -13]
[98, -123, 97, -108, 114, 88, -104, 82]
[127, -128, -94, -128, 127, 127, -128, 64]
[127, -128, -104, -128, 127, 127, -128, -110]
[-128, 127, 5, 127, -128, -113, 102, -35]
[-128, 122, 81, 126, -125, -128, 127, 109]
[42, -50, 127, -36, 40, 4, -27, 127]
[122, -111, -127, -119, 127, 127, -126, 60]
[-86, 95, -126, 82, -104, -44, 54, -75]
[-118, 92, 127, 100, -115, -121, 125, -35]
[-128, 81, 101, 79, -99, -94, 127, 15]
[74, -90, 127, -79, 71, 64, -83, 115]
[117, -94, -128, -97, 112, 103, -112, 60]
[65, -10, -128, -54, 28, 118, -93, -93]
[-128, 127, 85, 127, -128, -128, 127, -30]
[-128, 127, 93, 117, -128, -110, 127, 119]
[127, -128, -90, -128, 127, 127, -128, 64]
[121, -105, -128, -99, 120, 90, -113, 41]
[-29, 48, -128, 26, -49, 37, -7, -107]
[-128, 115, 108, 123, -127, -128, 127, -19]
[36, -50, 127, -34, 41, -2, -24, 127]
[122, -128, 0, -128, 127, 119, -125, 68]
[127, -102, -128, -104, 116, 91, -128, 26]
[-88, 94, -128, 82, -102, -45, 54, -74]
[-119, 93, 127, 100, -116, -122, 126, -34]
[-101, 87, 110, 119, -79, -126, 127, 111]
[127, -128, -65, -128, 127, 127, -128, 54]
[31, 17, -128, -20, -5, 105, -59, -96]
[-128, 126, 95, 127, -128, -128, 127, -30]
[-121, 82, 124, 88, -124, -101, 124, -13]
[-3, -11, 127, 28, 5, -78, 61, 127]
[123, -107, -128, -105, 121, 93, -119, 37]
[-50, 64, -128, 43, -66, 6, 14, -102]
[-128, 127, 16, 127, -128, -118, 108, -34]
[-125, 78, 108, 76, -122, -98, 121, -7]
[52, -64, 127, -50, 57, 23, -48, 126]
[122, -104, -128, -115, 123, 127, -121, 63]
[120, -62, -128, -106, 95, 125, -125, -92]
[-128, 127, 70, 127, -128, -128, 127, -31]
[-128, 127, 98, 114, -128, -103, 127, 109]
[90, -117, 119, -104, 107, 90, -104, 87]
[-29, 49, -128, 25, -51, 48, -10, -105]
[-128, 117, 108, 124, -126, -128, 127, -19]
[-128, 122, 84, 126, -128, -128, 127, 110]
[122, -128, -10, -128, 127, 125, -128, 69]
[-117, 105, 92, 121, -98, -123, 127, 111]
[127, -128, -50, -128, 127, 127, -128, 57]
[127, -128, -107, -127, 127, 99, -128, -112]
[-108, 116, -77, 107, -111, -85, 82, -43]
[-119, 84, 127, 88, -122, -103, 124, -11]
[96, -122, 105, -108, 113, 84, -103, 82]
[127, -128, -90, -128, 127, 127, -128, 65]
[127, -128, -103, -128, 127, 127, -128, -111]
[-128, 127, 8, 127, -128, -116, 102, -35]
[-128, 122, 79, 126, -126, -128, 127, 112]
[124, -128, -19, -128, 127, 126, -128, 62]
[123, -108, -128, -118, 126, 127, -123, 64]
[101, -32, -127, -87, 65, 126, -118, -94]
[-120, 91, 127, 94, -121, -110, 127, -18]
[-128, 111, 97, 84, -127, -99, 127, 108]
[91, -115, 126, -100, 100, 83, -103, 86]
[121, -103, -128, -98, 123, 96, -114, 42]
[-93, 102, -125, 91, -104, -55, 61, -71]
[-128, 117, 105, 123, -126, -128, 127, -22]
[-128, 123, 85, 127, -127, -128, 127, 108]
[124, -116, -119, -124, 125, 127, -128, 59]
[127, -105, -128, -108, 125, 95, -127, 33]
[-69, 78, -128, 61, -84, -20, 35, -87]
[-118, 99, 127, 109, -119, -127, 126, -31]
[60, -73, 125, -60, 63, 37, -61, 123]
[127, -128, -34, -128, 127, 127, -128, 57]
[127, -112, -112, -104, 117, 91, -128, -28]
[-128, 127, 71, 127, -128, -128, 127, -29]
[-128, 117, 97, 82, -128, -99, 127, 79]
[39, -48, 127, -33, 44, 1, -26, 127]
[127, -128, -73, -128, 127, 127, -128, 58]
[127, -128, -104, -128, 127, 123, -128, -114]
[-118, 127, -38, 116, -125, -99, 90, -39]
[-123, 78, 122, 83, -123, -99, 123, -10]
[16, -31, 127, -3, 17, -42, 19, 127]
[127, -120, -111, -128, 127, 127, -128, 58]
[-58, 70, -128, 50, -76, -4, 22, -98]
[-128, 82, 107, 77, -127, -100, 121, -6]
[127, -128, -21, -128, 127, 127, -128, 62]
[120, -102, -128, -112, 123, 123, -118, 64]
[119, -65, -128, -111, 98, 123, -125, -90]
[-115, 89, 127, 93, -111, -113, 124, -29]
[-128, 121, 85, 127, -128, -128, 127, 109]
[78, -99, 127, -84, 82, 71, -90, 103]
[118, -95, -128, -93, 116, 98, -111, 53]
[9, 29, -128, -2, -17, 90, -45, -100]
[-128, 122, 96, 127, -128, -128, 127, -27]
[-128, 127, 90, 127, -128, -127, 127, 117]
[108, -128, 71, -119, 126, 100, -110, 77]
[124, -107, -128, -106, 121, 91, -120, 36]
[-43, 56, -128, 36, -58, 15, 8, -106]
[-122, 110, 117, 118, -123, -128, 127, -20]
[-128, 120, 82, 121, -122, -128, 127, 109]
[125, -128, -3, -128, 127, 125, -128, 63]
[127, -105, -124, -106, 127, 92, -128, 32]
[-86, 94, -124, 83, -104, -47, 55, -75]
[-116, 90, 127, 97, -115, -118, 125, -34]
[127, -128, -76, -128, 127, 127, -128, 52]
[-124, 82, 124, 86, -121, -101, 123, -11]
[17, -32, 127, -5, 25, -40, 18, 127]
[127, -120, -111, -128, 127, 127, -128, 57]
[-128, 127, 20, 127, -128, -123, 114, -31]
[-128, 84, 109, 79, -127, -101, 122, -4]
[127, -128, 9, -128, 127, 126, -128, 64]
[118, -103, -128, -93, 116, 93, -110, 48]
[124, -96, -118, -119, 118, 124, -125, -97]
[-128, 127, 49, 127, -128, -128, 123, -32]
[-8, -2, 127, 33, 2, -84, 67, 127]
[127, -128, -24, -128, 127, 127, -128, 55]
[114, -94, -128, -103, 110, 114, -109, 62]
[96, -31, -128, -82, 58, 118, -113, -93]
[-115, 87, 127, 89, -114, -106, 124, -22]
[-128, 118, 96, 93, -128, -97, 127, 99]
[85, -110, 126, -92, 92, 75, -95, 91]
[118, -100, -128, -94, 117, 93, -110, 44]
[-121, 127, -31, 121, -128, -103, 92, -36]
[-128, 118, 100, 127, -126, -128, 127, -26]
[-128, 126, 87, 127, -128, -128, 127, 112]
[117, -128, 33, -128, 127, 113, -118, 73]
[125, -102, -128, -105, 113, 92, -125, 35]
[-62, 73, -128, 54, -72, -12, 29, -94]
[-119, 101, 127, 112, -118, -128, 126, -28]
[64, -77, 127, -66, 66, 41, -64, 118]
[127, -109, -115, -101, 111, 86, -128, -24]
[-96, 99, -119, 91, -98, -65, 67, -66]
[-128, 117, 98, 94, -128, -100, 127, 104]
[-48, 27, 127, 85, -27, -114, 118, 122]
[127, -128, -78, -128, 127, 127, -128, 59]
[127, -128, -104, -128, 127, 122, -128, -117]
[-128, 124, 96, 127, -128, -128, 127, -30]
[-124, 85, 127, 87, -126, -99, 120, -8]
[-16, 2, 127, 39, 0, -87, 74, 127]
[124, -112, -128, -104, 124, 92, -117, 35]
[-128, 127, -4, 127, -128, -114, 103, -33]
[-126, 78, 114, 77, -121, -99, 121, -6]
[35, -44, 127, -28, 37, -4, -22, 127]
[127, -107, -128, -109, 125, 94, -128, 31]
[126, -104, -114, -121, 124, 126, -128, -100]
[-128, 127, 44, 127, -128, -128, 120, -32]
[-121, 112, 87, 120, -112, -123, 127, 107]
[62, -74, 127, -61, 57, 41, -65, 123]
[116, -95, -128, -101, 111, 112, -111, 65]
[97, -33, -128, -84, 61, 120, -114, -90]
[-128, 127, 73, 127, -128, -128, 127, -29]
[-128, 117, 96, 94, -128, -99, 127, 102]
[83, -108, 127, -91, 91, 71, -92, 93]
[127, -128, -72, -128, 127, 127, -128, 60]
[117, -101, -128, -94, 117, 94, -110, 47]
[6, 26, -128, -2, -21, 86, -42, -104]
[-128, 120, 94, 127, -127, -128, 127, -31]
