[1, 0, 8, -6, 3, 0, 0, 11]
[0, 23, -6, 4, -1, -2, 0, 5]
[0, 26, 3, 0, 0, 1, -1, 7]
[-1, 39, -15, -9, -7, -3, -1, 1]
[1, 13, -5, -2, -2, 0, 0, 13]
[-1, 13, -6, -1, 5, 3, 2, 10]
[-1, -18, -5, -4, -5, -3, -3, 10]
[-2, 18, -3, -3, -4, -3, 0, 9]
[-3, 4, 10, 0, -2, 0, -2, 10]
[0, 27, -38, -10, -4, 0, -1, 9]
[0, -6, 21, 13, 4, -4, 0, 8]
[-1, 35, 2, 0, -7, -2, -1, 7]
[-1, 31, 5, 7, -2, -2, -1, 9]
[4, -2, -4, 11, 9, 1, -1, 13]
[-2, 21, -3, -10, -6, -2, -3, 10]
[1, 16, 2, -11, -5, -4, -1, 10]
[-1, 16, 9, -6, -1, 0, -1, 10]
[-4, 19, 8, -8, -7, -4, 1, 10]
[0, 8, 14, -6, 4, -3, -1, 11]
[0, -10, 1, -7, -7, -2, -2, 12]
[-2, 12, -24, 4, 1, 0, 2, 10]
[0, 11, -22, -18, -7, -5, -2, 11]
[-2, -18, -14, -2, 4, 3, -2, 11]
[-1, 21, 10, -2, -3, -2, -2, 8]
[1, 10, -4, -20, -1, 3, -4, 11]
[1, -5, 23, -3, 2, 1, 3, 11]
[-2, 20, 27, -24, -5, -4, -1, 10]
[-3, 2, -3, -29, -13, -7, -4, 10]
[2, -5, 69, 24, 4, -2, 0, 11]
[-2, 6, -5, 7, -2, -2, -1, 11]
[0, -17, -9, 4, 1, -1, 1, 11]
[-4, 13, -38, -6, -6, -2, -1, 11]
[1, 30, -15, 45, 1, -2, 0, 7]
[9, 2, -1, 39, 13, 5, 0, 9]
[0, 32, 69, 3, 5, 4, 3, 11]
[1, 56, 64, -36, 9, 8, 6, 10]
[1, -9, -15, -4, -1, 4, 0, 11]
[3, 43, 30, 0, 8, 3, 4, 10]
[2, 31, -15, 6, 1, -2, -3, 10]
[-4, -48, -13, 22, 0, 3, 1, 13]
[18, 32, 55, 76, 13, 8, 5, 8]
[3, 7, -102, 21, 9, 5, -2, 9]
[0, 19, -34, -65, -8, 1, 1, 10]
[-4, 25, 51, -64, 5, 0, -1, 11]
[-1, 11, 105, 49, -12, -6, -1, 10]
[-42, -38, 37, -51, 7, 1, 1, 10]
[4, 65, -30, -13, 9, 6, -4, 12]
[-6, -10, -26, 8, -7, -4, -1, 8]
[-9, -18, -15, -6, 5, 2, 1, 10]
[1, 12, -39, -22, 0, 0, -3, 9]
[9, -6, 24, 44, 8, 1, -2, 10]
[-7, -67, -3, -36, 3, -5, -7, 11]
[-20, 79, 60, 17, -3, -1, -13, 12]
[42, 38, -7, 12, -2, 14, 34, 11]
[14, 7, -19, 25, -6, -23, -45, 13]
[-7, -25, 6, 2, 5, 3, 24, 12]
[11, 32, -54, 20, 2, 10, 42, 13]
[-32, -67, 29, 57, 1, -13, -19, 6]
[1, 33, 2, 2, -6, 2, -11, 9]
[-17, 14, 11, -25, -10, 2, -31, 15]
[6, -28, 16, 36, 6, -3, -38, 9]
[-3, 26, 36, -4, 1, 1, 11, 11]
[2, -39, -95, 6, -9, -2, 34, 10]
[4, -5, -39, -17, -2, 7, 16, 13]
[1, 62, -19, 40, 1, 16, 95, 12]
[-27, 1, -40, -53, -21, -17, -32, 11]
[-28, -28, -16, -21, -16, -9, -41, 8]
[15, 36, -63, -33, 1, 3, 18, 10]
[2, 55, -14, -34, -6, -14, -32, 14]
[-39, -68, 28, -67, 6, -6, -44, 13]
[34, 43, -68, -1, 2, 1, 60, 13]
[16, -5, -15, -19, 3, 5, 1, 14]
[9, 17, 18, 17, -5, -3, 13, 11]
[16, -9, -55, -23, -4, -5, -36, 15]
[-13, 76, 15, 19, 7, 3, 13, 11]
[2, -42, -15, 6, 3, 0, -7, 11]
[-2, 63, 56, 49, -14, -6, 15, 12]
[3, -5, 28, -7, 3, 10, -6, 9]
[-6, -21, 44, 16, 4, -5, -19, 11]
[-38, 25, 84, 15, -5, 0, 10, 16]
[0, 34, -24, -8, -1, 6, 12, 12]
[-11, 16, -77, 16, 7, 7, 1, 5]
[18, -28, 31, 4, -2, -2, -15, 12]
[1, -52, -7, -14, 6, 5, 30, 11]
[14, 26, 66, 10, -3, -7, 26, 11]
[-12, -4, -10, -7, -3, -1, -11, 10]
[-2, 47, -59, 20, 5, -1, -26, 9]
[15, -38, 62, -12, 8, -2, 6, 12]
[-6, 24, 16, 0, -9, -3, 2, 12]
[-1, 18, -25, 20, -7, -3, -88, 6]
[-5, -28, 12, -2, 4, -1, -14, 13]
[-5, -44, -15, -35, 1, 6, 13, 11]
[-19, -64, -26, 10, 6, 6, -2, 9]
[-6, -40, -14, -17, 8, 2, 25, 11]
[1, 21, -53, 46, 2, 0, -3, 5]
[2, 24, 38, 70, 44, 4, 1, 11]
[12, 15, -44, -20, -30, -13, 35, 11]
[4, 42, 62, 7, -12, -4, -10, 10]
[17, 49, -57, -20, -6, -3, -24, 11]
[15, 21, 34, 15, -13, -8, -19, 10]
[-6, 29, 64, 6, 0, 1, 0, 10]
[6, 15, -9, 14, -1, 2, 24, 10]
[-14, -52, 37, 35, -5, -4, -37, 12]
[5, -31, -12, 32, 12, 12, 7, 7]
[-10, -44, 18, -8, 0, 0, -10, 7]
[-10, 20, 31, 27, 14, 11, -13, 7]
[3, 10, -1, 20, -2, 2, 7, 10]
[8, 0, -55, 6, -6, -1, -1, 12]
[-9, -17, -20, -20, -4, -7, -45, 11]
[11, 52, -31, 33, 0, 0, 27, 12]
[9, -1, 3, -10, -16, -6, 26, 13]
[-20, 36, 14, 15, -3, 2, 27, 11]
[-1, 31, 5, 30, 7, 4, -13, 10]
[-5, -43, 10, -28, 12, 6, -16, 9]
[-4, 12, 34, 5, 8, 1, 10, 9]
[0, 18, -52, -5, -10, -5, 16, 10]
[-2, -13, 25, 33, -1, -1, 1, 8]
[6, -23, -34, -37, -11, -8, -12, 10]
[1, 23, 3, 16, -7, -3, 9, 7]
[-5, 60, -62, -40, -10, -7, 26, 10]
[-14, -8, 6, -5, -3, -5, 13, 13]
[-3, -44, -17, -2, -6, -3, 3, 5]
[-7, 23, 31, 18, 4, 5, 38, 9]
[10, 14, 44, 17, 3, 1, 12, 11]
[-6, -15, 57, -3, 7, 3, -6, 10]
[-30, 3, -36, 20, -10, -10, 7, 6]
[7, 12, -92, -26, 0, 0, -4, 11]
[-7, -11, -17, -14, 7, 2, -4, 12]
[4, 14, -46, -14, -5, -2, 7, 13]
[-6, 64, -37, 3, -7, -3, -45, 9]
[5, -17, 36, -4, -9, 3, -3, 10]
[3, 18, -35, -22, -9, -7, -3, 8]
[7, -15, -20, 13, 5, 6, 16, 10]
[-2, -13, 61, -5, -8, -5, 9, 12]
[-1, 56, 85, 0, -4, -10, 4, 12]
[-4, 24, -18, 3, 2, -1, 17, 9]
[-6, 33, -31, -42, -10, -11, -14, 8]
[-2, 12, -34, 47, -1, 5, 68, 7]
[-5, -3, -70, -29, 0, -1, 16, 9]
[-5, -55, 23, -6, 13, 4, -39, 17]
[0, 38, 0, 15, 12, 1, 35, 9]
[-3, -5, -47, -43, -5, -2, -1, 7]
[-1, -11, -45, -12, 0, -4, -26, 11]
[1, 10, 42, -35, -5, 0, -2, 9]
[-2, -32, 10, -3, 1, 0, -43, 9]
[13, -32, -45, -32, -1, 1, 41, 12]
[-5, 96, 23, 4, 3, -4, -74, 12]
[1, -13, 17, -6, -4, -2, -37, 11]
[-3, 15, -64, -36, 0, 4, 55, 11]
[17, 43, 1, 28, -13, -8, 15, 9]
[-3, -21, -5, 44, -8, 0, -38, 7]
[-12, -20, -32, 1, -5, -4, 4, 8]
[6, 13, -40, -13, -9, -6, 13, 11]
[-3, 11, 69, 13, -8, -8, 18, 9]
[-3, 27, -28, -6, -6, -2, -46, 9]
[-10, -30, -7, -6, 4, -4, 13, 9]
[-3, -9, -24, -2, -7, -1, 2, 10]
[5, 28, -26, 20, -9, -3, 5, 8]
[8, -1, 11, -59, -13, -2, 30, 10]
[-2, 29, 104, 18, 1, -3, -36, 7]
[-19, -26, -20, -25, -23, -5, 2, 9]
[-8, 2, -61, -6, 0, -5, 57, 12]
[-14, -22, -54, -4, -1, -1, -37, 10]
[1, -17, 13, -6, 10, 7, -7, 9]
[14, 1, -7, 24, 0, 7, -25, 10]
[0, 51, 5, -20, 4, 0, 0, 11]
[9, -7, 20, 1, -6, -5, 1, 13]
[0, -19, 16, 12, 2, -1, -1, 9]
[-22, -33, 61, 14, 0, -3, -23, 10]
[18, -21, 60, -17, 6, 5, -1, 12]
[0, 21, -62, -15, -9, -5, 37, 8]
[-4, 48, -20, 14, -3, -5, 27, 9]
[6, 1, -29, 12, 6, 4, 21, 10]
[1, -21, 4, 7, -2, -4, 2, 8]
[0, -27, 1, 7, -4, -5, -2, 8]
[-1, 23, -45, 33, 4, -4, 2, 10]
[5, 27, -54, 9, -4, -3, -6, 7]
[9, -58, 47, -11, 1, -4, -21, 10]
[-2, 6, 31, 22, -5, -6, -8, 8]
[-7, 18, 17, -20, -4, -1, -30, 8]
[2, -10, 25, -1, 13, 4, -87, 12]
[-2, 38, -8, 2, -4, -4, 3, 8]
[-6, -2, 18, -10, -1, 3, -22, 7]
[-9, -35, 20, 8, 5, -2, 5, 9]
[-14, -16, -38, 10, 4, 4, -13, 7]
[-4, -48, 11, -51, -1, 0, -14, 10]
[-16, -34, 14, -23, 5, 3, -8, 8]
[5, 40, 76, 37, 7, 4, -5, 10]
[10, -16, -12, -11, 2, -2, -50, 10]
[2, -5, 53, 39, 20, 0, 13, 8]
[2, -8, -9, -44, -9, -7, -2, 8]
[-1, -16, -48, -2, 9, -1, -3, 9]
[2, 0, 36, 3, -6, -1, -1, 9]
[-8, -11, 3, -38, -2, -7, 10, 7]
[3, 17, 30, 20, 6, 0, 15, 9]
[-1, 9, -28, 24, 6, 4, 13, 13]
[-4, -67, 61, 36, -1, -2, 6, 11]
[3, -10, 29, 13, -1, -2, 60, 9]
[-14, -5, -7, -14, -11, -9, 15, 10]
[0, 11, -19, 17, 9, -1, -38, 10]
[-2, 37, -20, -7, 2, 2, -12, 7]
[16, 48, 33, -9, 6, 0, -11, 11]
[-6, -38, -22, 3, -4, -1, -12, 8]
[-4, 16, 7, 34, -11, -6, -12, 9]
[0, -25, -67, 5, -6, 3, -2, 10]
[-3, -2, 35, -31, -8, -6, 1, 9]
[2, 65, -43, 36, 4, 2, -12, 9]
[-4, 7, 55, 3, 3, 6, 31, 11]
[-6, 74, -20, -2, -4, -5, 6, 9]
[-11, -56, 10, -10, 10, -4, -10, 8]
[31, -16, 87, 16, 6, 5, 5, 8]
[-5, 16, -4, -7, -2, 1, 21, 8]
[-6, 7, -18, 13, 8, 1, 11, 9]
[-9, 46, -21, -27, -9, 0, 20, 9]
[-4, -22, 33, 2, 8, -3, -9, 8]
[-4, -25, 32, 7, -7, -8, -24, 10]
[-5, -52, -25, 8, 6, 2, 63, 7]
[6, 14, 117, -1, 1, -7, 6, 9]
[3, 28, -21, 5, 0, 0, 52, 10]
[-5, -28, -71, -16, 1, 0, -31, 10]
[10, 5, -25, 5, 1, 3, -6, 8]
[-1, 36, 2, 32, 8, 8, -3, 9]
[2, -23, 24, 11, 2, 3, 22, 9]
[-30, -4, 31, -18, -5, 2, -4, 7]
[-6, -56, 4, -22, -3, -2, -5, 9]
[7, -15, 61, 12, -2, 0, 21, 11]
[-7, -18, 35, 23, 3, -4, 4, 8]
[10, 16, 39, 1, 7, -1, -12, 11]
[4, -34, 8, -37, 2, 0, -14, 12]
[-1, 26, 4, 44, 16, 10, 7, 10]
[-3, 29, -16, -21, -5, -6, -20, 7]
[4, 61, 31, -57, 9, 4, -18, 5]
[8, 26, 36, -3, 7, 2, 13, 10]
[3, -7, -49, -19, 1, 2, 3, 10]
[0, -22, -17, -8, -3, -7, 2, 9]
[0, 19, 40, -5, -11, -2, -6, 8]
[-7, 8, -41, 7, -1, -1, 0, 7]
[-15, -27, 3, 7, -3, 0, -2, 9]
[-7, -23, -20, 12, -7, -3, 19, 10]
[0, 39, -3, 21, 12, 6, 4, 6]
[10, 37, 35, -26, -3, -1, -16, 8]
[-4, -21, 11, -58, -2, -3, 3, 7]
[-7, -43, 0, 28, -2, -2, -2, 10]
[7, -18, -49, -15, 1, -4, 7, 9]
[-4, -21, 15, 31, 4, 1, -2, 8]
[6, 2, -25, 11, 2, -1, 8, 10]
[5, -8, 43, -2, 0, 4, -10, 11]
[-2, -43, -54, -6, -6, -1, 7, 9]
[-4, -11, 5, -20, -4, -1, -12, 10]
[2, 13, 28, 18, 5, 6, -4, 10]
[0, 8, 60, 19, -4, -3, 3, 9]
[-1, -2, -11, -2, 6, 2, -16, 10]
[-1, -38, 40, -11, 11, 4, 3, 7]
[5, 97, -42, 1, -17, 1, 18, 11]
[6, -8, 43, 15, -1, -2, -10, 10]
[-11, 26, 34, -2, -3, -4, 22, 10]
[-2, -48, -33, -23, 7, 1, 11, 9]
[1, 12, -13, 1, 3, 1, -2, 7]
[1, -20, 51, -8, 1, 1, 6, 8]
[-4, 6, -46, 9, -1, -5, 5, 7]
[-1, 1, 10, 22, -16, -12, -6, 8]
[1, 1, 14, -20, -5, -3, -1, 9]
[2, -10, -40, -15, -9, 3, 53, 8]
[2, -20, -40, -5, 2, -3, 5, 9]
[0, 39, 52, -24, 7, 2, 43, 9]
[3, -1, -4, 13, 16, 9, 14, 9]
[-1, -10, -7, 5, -3, -1, -9, 7]
[-29, 126, -20, -19, -17, -7, 28, 9]
[7, -44, 9, 25, 5, 2, -17, 8]
[3, -50, -11, -2, 0, -4, -37, 7]
[0, -7, 34, 3, -3, -3, -20, 10]
[-2, 14, -2, 6, -1, -5, -8, 7]
[2, 12, -9, 0, 0, 2, -4, 9]
[4, -9, -53, -16, -4, -5, 6, 6]
[-4, -6, -97, -50, 5, 4, -34, 9]
[-10, -21, -19, -18, 2, -1, 4, 9]
[3, -20, 3, 22, 7, 0, -32, 9]
[1, 18, -16, -13, -10, -1, 11, 7]
[1, -56, 13, 9, 5, 9, 12, 6]
[13, -7, 14, 21, -15, -8, 14, 9]
[3, 83, 10, 0, -7, 6, -14, 7]
[-14, 14, -10, 11, 2, 3, 2, 10]
[-2, -32, -25, 13, 1, -3, -8, 9]
[-15, -15, 70, -14, -7, -10, -17, 8]
[-15, -52, 15, -18, 11, 8, -30, 9]
[7, -21, -87, -2, -1, 2, 1, 9]
[4, -16, -3, -27, 9, 0, -22, 10]
[7, 53, 8, -1, 1, -1, 13, 8]
[-4, 8, -22, 3, -6, -5, -15, 10]
[14, -5, -61, -10, 4, 2, 69, 7]
[-10, -19, -82, -9, -9, -1, 13, 7]
[3, 12, 35, 0, -4, -1, -24, 9]
[-12, 33, 5, 19, -3, -2, 4, 7]
[-2, -27, 9, 10, -12, -3, -17, 9]
[4, 2, 19, -38, -7, -3, -24, 10]
[1, -7, 26, -13, 11, 0, -3, 9]
[-9, -1, 31, 10, 8, -4, -13, 8]
[-10, -63, -15, 19, 7, -1, -84, 7]
[2, -2, 30, -15, -2, -3, 6, 7]
[1, -3, 10, -20, 0, 0, 6, 10]
[-5, 59, 25, 65, -15, -7, 25, 8]
[2, 4, 31, -33, -7, 4, 5, 8]
[6, -2, -35, -6, -1, 5, 20, 9]
[-20, 15, 28, 13, -2, 4, 8, 6]
[1, 6, -4, 8, -4, 6, 14, 7]
[0, -28, -17, -12, 0, -1, -11, 11]
[0, 5, -33, -51, 3, 0, -19, 11]
[-1, -5, 48, -6, 0, -6, -29, 8]
[2, 39, 2, 22, 5, 2, 26, 8]
[-14, -18, -6, 5, 0, -2, -77, 9]
[4, 0, -43, -8, -1, 6, 19, 8]
[-1, 29, 5, 48, -3, -1, 10, 7]
[2, -1, 19, -19, -7, 0, -27, 9]
[0, -8, -12, 1, 3, 8, 26, 9]
[4, -17, 17, -18, -11, -2, 4, 10]
[1, 9, -2, -18, -5, -2, 4, 7]
[-2, -18, 44, 11, 7, 9, 0, 9]
[4, 22, 45, -4, -4, -4, 0, 9]
[-18, 19, -50, 2, 1, 6, -46, 6]
[6, -55, -54, -29, 4, 3, 1, 8]
[9, 46, -33, 6, 8, 0, 4, 8]
[-7, 12, 28, 22, -5, -1, 6, 7]
[-3, 24, -33, -30, -1, -1, -2, 7]
[-6, 11, 21, 17, -14, -8, 8, 8]
[-7, -17, 53, 35, 1, -2, 5, 8]
[5, 8, -4, -52, -7, -1, -1, 7]
[-2, -3, -4, 11, 8, 4, 12, 9]
[-2, 22, 10, 2, 1, 0, 13, 7]
[-5, 10, -75, 29, -2, -8, -1, 7]
[10, -29, 17, -7, 6, 5, 32, 9]
[7, 56, -10, -13, 13, 11, 1, 10]
[6, -67, 41, -15, -1, 1, -12, 7]
[-11, 2, 15, 20, 10, 13, -6, 9]
[1, 18, -47, -23, -16, -3, 24, 8]
[-10, 19, 2, -23, 7, 5, -2, 8]
[-13, -14, -23, -1, 1, 6, -6, 9]
[-2, 0, -66, 12, -1, 1, -33, 9]
[7, 3, 23, 6, -6, -9, -16, 9]
[10, 8, -31, -11, -11, -7, -19, 8]
[10, 39, 30, 10, 1, 4, 59, 8]
[-12, 9, -36, -23, 1, 0, 25, 6]
[4, -32, -32, 35, 9, 1, -17, 9]
[2, -28, -27, 45, -4, -2, 1, 11]
[3, 20, -67, -2, 0, 3, -15, 8]
[-8, 56, -27, -16, -17, -7, -90, 8]
[-4, -47, -55, -15, 3, 1, 37, 9]
[-18, 32, 38, 5, -6, 3, 10, 8]
[3, -8, 43, -19, -6, -4, -2, 8]
[1, 28, 68, 9, 5, 1, 8, 9]
[-1, -11, 21, -11, 4, 3, 12, 9]
[0, -14, -75, 6, -10, -4, -20, 9]
[5, -73, 43, -17, 4, 1, 18, 9]
[4, 20, 18, 3, 11, 3, -10, 9]
[-6, 11, 47, 26, -6, -4, 5, 7]
[10, 5, -41, 8, -9, -5, -13, 8]
[5, -7, 24, -9, -3, 0, -14, 9]
[9, 22, -17, 13, -11, 5, 5, 6]
[-3, 5, 6, 1, -1, -5, -11, 9]
[-2, -4, -58, 13, -2, -2, -7, 8]
[0, -9, 2, -35, 6, -4, -12, 8]
[-15, 17, -3, -36, -4, -9, -1, 8]
[11, -46, 89, -44, 11, -1, -8, 8]
[6, 6, 7, -14, -11, -5, 3, 10]
[1, -20, -19, -1, -10, -4, 12, 7]
[-6, 24, -62, -18, -7, -2, -2, 9]
[7, 13, -15, 26, 6, 1, -44, 7]
[5, -15, -30, 5, 13, 5, 9, 8]
[7, 49, 19, 12, -2, -1, -11, 6]
[-6, -7, -6, -12, -3, 2, 19, 5]
[-5, -3, 3, -12, -9, 1, 3, 8]
[-3, 24, -51, 14, -7, -5, 21, 10]
[-4, -61, 23, 10, -4, -2, 1, 6]
[-4, 33, 41, 0, -4, -6, -44, 8]
[1, 9, 6, -38, -6, -11, -1, 7]
[-1, 28, -35, 22, 2, -1, -7, 7]
[-18, 59, -11, 20, 3, -7, 17, 7]
[1, 43, 16, 16, 1, -2, 2, 6]
[-2, -5, -9, 19, 0, 6, -10, 10]
[6, 13, 4, -5, 0, -4, 9, 8]
[0, 12, -25, 0, 8, 13, -3, 7]
[-2, -42, 36, 9, -18, -15, -61, 7]
[0, -7, -53, 19, 2, -1, 3, 9]
[3, 8, 44, 25, -1, -6, -2, 8]
[4, -35, -30, -15, 3, -1, -3, 9]
[3, 5, 25, 1, -7, -2, -1, 8]
[0, -9, -52, -15, -3, 0, -1, 6]
[-2, 16, 8, -3, -6, -4, 2, 7]
[-5, 29, -6, -3, 3, 3, 1, 5]
[-8, 79, -60, -32, -6, -6, 13, 7]
[7, 9, -33, -11, -10, -2, -9, 9]
[-4, -13, -16, -13, 7, 10, 11, 7]
[2, -9, 17, -2, -8, 7, 5, 8]
[-3, -13, -2, 6, -1, -1, 4, 7]
[1, -26, 5, 11, 1, 0, -4, 8]
[-5, 29, -37, 19, -2, 1, -3, 7]
[6, -33, 6, 3, -10, -11, -5, 7]
[1, -15, 53, -12, -6, -5, 0, 9]
[5, 0, -29, 4, 2, 2, 7, 6]
[-3, -19, -6, 8, -8, -1, -3, 9]
[1, -3, 40, 9, 6, 3, 2, 8]
[-2, -9, 1, -4, 6, 3, 0, 8]
[3, -26, 13, -3, -1, 4, 10, 7]
[1, 13, -5, -2, 1, 0, 2, 7]
[5, 9, 28, 6, 12, 2, -9, 8]
[-28, -31, 30, -32, -10, -3, -7, 7]
[9, 17, 10, 5, 2, 7, 1, 7]
[2, 22, -3, 5, -1, 3, -3, 7]
[7, 2, -40, 15, 4, -3, -5, 7]
[-1, 20, 14, -25, -2, 1, -5, 6]
[-1, 25, -3, 10, -1, -1, -7, 8]
[1, 3, -24, -11, -6, -2, 0, 7]
[2, 22, 37, 31, 9, 1, -1, 7]
[3, 12, 35, 25, -5, 0, -4, 7]
[0, 15, 33, 4, -1, 7, -3, 7]
[1, 5, 0, 0, -2, 0, 2, 7]
[-1, 24, 38, 15, 8, 3, 2, 6]
[0, -19, -27, 0, -5, 0, -2, 8]
[-1, 14, 44, -15, -4, 9, 1, 6]
[0, -3, 20, 11, 0, 2, 2, 7]
[-6, -28, -41, -1, -4, -5, -2, 7]
[0, -17, 32, -1, 2, 0, -16, 5]
[-1, 32, 41, 24, -4, -2, -7, 8]
[1, 2, -1, 10, 1, -5, -2, 7]
[0, -36, 17, 1, 1, 1, 3, 9]
[-1, 54, 3, -7, -5, -2, -5, 10]
[2, 13, 40, 12, 0, -7, 3, 7]
[-1, -10, -22, 10, -2, 0, -2, 8]
[-8, -2, -2, -23, -1, 0, -1, 8]
[-4, 4, -7, 1, -6, -4, 2, 8]
[-3, -13, -11, 14, -5, -2, 0, 7]
[-4, -19, 72, 35, 3, -1, 0, 6]
[5, 3, -2, 1, 2, -1, 0, 8]
[-3, 26, 40, -12, 9, 5, 3, 7]
[-2, -19, 78, -23, 6, 0, -2, 8]
[5, -10, -8, -15, 1, 3, -1, 7]
[-1, 10, -33, 6, -1, 0, -2, 9]
[-8, -4, -47, -2, 2, -2, -4, 8]
[-4, 34, 3, 5, -6, -4, -1, 8]
[1, -14, -5, -25, -5, -1, -1, 7]
[0, -12, 21, 2, 4, -1, -2, 8]
[-4, -11, 31, 5, 5, 2, -1, 7]
[-1, 32, -10, -54, -7, -3, 3, 7]
[-7, -30, -35, -31, 1, -2, -9, 7]
[1, 16, -54, 38, 4, 3, 0, 5]
[-4, 10, -27, -21, -1, -4, 2, 8]
[1, -26, 86, -23, 6, -1, -1, 11]
[-3, -13, 9, -17, -7, 2, 10, 6]
[-5, -60, -23, 2, -9, -3, 1, 7]
[0, 2, 4, -10, 0, -2, -3, 5]
[-7, -9, -28, 2, 1, -4, -7, 8]
[-2, 28, 13, -12, 2, 5, 1, 8]
[2, -31, -4, -8, -8, -9, -10, 6]
[2, -81, 2, -18, -5, -3, -2, 7]
[4, 0, 4, -19, -8, -7, 3, 7]
[-4, 23, 1, 10, -1, -7, 0, 6]
[-2, -25, -1, -13, -2, -1, 0, 3]
[-2, 6, -86, 19, 3, 6, -8, 7]
[3, 41, -53, 21, 7, -1, 0, 7]
[-2, -7, -32, -7, -1, -3, -1, 6]
[6, 19, 49, 18, 0, -2, 11, 6]
[-11, 27, -24, -36, -5, -4, -25, 7]
[15, 39, -39, -41, -12, -4, -1, 6]
[-29, 14, 63, 11, 17, 2, -8, 8]
[-6, -17, -3, -22, 0, -3, 2, 7]
[4, -20, 92, -5, 2, 2, 2, 8]
[1, 10, -27, -14, -6, -5, -3, 6]
[7, -95, 17, 33, 2, -4, 0, 6]
[-3, -19, 42, -43, -9, -1, -1, 9]
[-1, -33, 11, -22, 4, 4, 0, 8]
[-6, 78, -84, 36, -5, -2, -1, 7]
[0, -39, 33, 20, -2, 1, -3, 7]
[-11, -37, -11, -1, 4, 1, 1, 8]
[23, -26, 26, 14, 1, 2, -1, 5]
[-2, -3, 14, 34, 12, 1, -2, 8]
[-1, -29, -30, -28, -2, 0, -5, 9]
[-3, -24, 9, -12, -5, -3, 6, 6]
[0, 15, -2, 0, -3, -7, -3, 6]
[-33, -87, 24, 11, -4, -7, -10, 6]
[-4, 14, 97, 9, -1, -2, 0, 6]
[-8, -7, 26, -14, 0, -2, -1, 8]
[-2, -12, -23, 36, 2, 3, 5, 7]
[2, -18, -14, -3, 0, 2, 0, 6]
[-12, 21, 0, -16, -7, -9, -5, 8]
[4, 18, 10, -1, -1, -2, -2, 7]
[5, -18, -98, 1, -1, 1, -20, 6]
[-3, -34, 1, 12, 1, 0, 9, 6]
[-11, -16, 20, -16, -6, 0, -6, 6]
[2, -23, -16, 4, 7, -2, -30, 6]
[5, 26, -42, 12, -4, 0, -1, 5]
[3, 57, -30, -14, 5, 5, 3, 8]
[0, -34, -23, -18, -7, -3, -9, 6]
[-1, 35, 29, 12, -1, -1, 5, 6]
[3, 29, 35, 14, -2, -2, -2, 6]
[21, 22, 57, -56, 6, 4, 11, 8]
[-22, 28, 4, -6, -5, -1, -1, 7]
[12, -32, 38, -29, 7, 1, -4, 7]
[0, 6, 16, 2, -3, -2, 1, 5]
[0, -12, 5, 3, -12, -6, -1, 6]
[-2, -26, -48, -13, -3, -4, -11, 5]
[-5, -2, 14, -7, 4, 1, -4, 7]
[1, -19, -2, 30, -1, 0, 10, 6]
[-12, 41, 23, -42, 4, -1, -5, 8]
[8, 14, -43, -13, 1, -2, 3, 9]
[4, -29, -65, 1, 1, -1, -8, 7]
[8, 15, 21, 3, -2, 1, -1, 6]
[9, -40, 15, 1, 1, 2, -1, 8]
[6, -3, 49, 18, -2, 0, -2, 8]
[2, 36, 9, 17, 2, -2, 16, 7]
[-2, -13, -8, -7, -3, -4, -6, 5]
[-5, -4, -2, 16, -8, -6, -1, 7]
[6, 5, 64, 24, -2, -1, -6, 5]
[2, 64, 67, -8, -4, -4, 2, 6]
[-5, -3, -55, -13, 4, 0, 2, 5]
[3, -62, 19, -1, 4, -4, -3, 6]
[5, -5, -15, -46, 3, 0, -4, 6]
[0, 0, 7, 1, -2, -1, 1, 8]
[1, 25, -46, -17, 0, 0, -15, 6]
[11, -9, 14, 7, -1, -4, -3, 6]
[4, 3, -9, 22, -10, -4, 0, 8]
[1, -9, -1, -21, 8, 1, 5, 6]
[5, -22, 58, 17, -2, -5, 2, 5]
[1, 7, -6, -19, -1, 0, 0, 5]
[-6, 44, -5, 46, -2, 5, 3, 6]
[-14, 18, -45, -1, -1, 5, 0, 5]
[0, 44, -30, -27, 1, -2, -1, 7]
[-1, -13, -19, -94, -3, -1, -2, 5]
[2, -17, 34, 16, -4, 8, -2, 6]
[-1, 2, 14, -28, 14, 5, 1, 6]
[-12, 72, 25, 22, 5, -3, 18, 9]
[0, 40, -13, -14, 0, -1, 6, 5]
[4, 17, 6, -8, -1, -7, -54, 6]
[-1, 40, -3, 25, -9, -5, 28, 8]
[1, -60, 32, -6, 1, 6, -79, 5]
[0, -25, 24, 38, 30, 11, 37, 7]
[4, -2, -36, -39, -23, -3, 4, 6]
[14, -33, 50, -24, 0, -8, 8, 8]
[4, 44, 30, 9, 25, 17, 57, 6]
[-3, -41, 72, 8, 5, -6, 1, 5]
[-6, 35, -32, -27, 0, -4, -21, 9]
[5, 4, -30, -3, -3, -3, 20, 6]
[-1, 10, -34, 5, -13, -2, 14, 7]
[-5, -28, -25, -7, 8, 7, 68, 5]
[-2, 17, 54, 22, -4, -4, 1, 6]
[-16, -44, -65, -48, -1, 12, -20, 8]
[-8, -77, -43, -31, -5, -11, -21, 2]
[1, -30, 80, 18, 26, 15, 1, 6]
[-22, 71, -7, 12, -11, -4, 7, 7]
[11, 20, 37, 41, -3, -2, 17, 5]
[-2, -2, 41, 27, 4, 1, -4, 6]
[-3, 26, -1, -8, 19, 21, 36, 7]
[-5, 1, 6, 12, 8, 8, -12, 6]
[11, 49, -65, -37, -3, -3, -15, 5]
[25, -23, 73, 9, 1, -6, -18, 10]
[3, -42, -20, -14, 17, 3, -17, 4]
[-1, -16, 17, -6, -11, -6, -18, 6]
[0, 8, 33, -19, -10, 1, -2, 5]
[-6, -22, -24, -21, -11, -11, -13, 6]
[3, 72, -20, 26, -6, -1, -51, 6]
[-5, 6, 4, 25, 8, 0, 6, 5]
[-11, -6, -46, -28, -2, -6, -13, 7]
[1, -9, -50, 34, 5, 8, 19, 6]
[2, 42, -30, -2, -11, 3, 11, 6]
[3, -11, 17, 10, -11, -10, -12, 7]
[-8, -46, 20, 8, -2, -5, -14, 6]
[2, -3, -55, -3, 2, -3, 12, 5]
[3, -28, -27, -26, -2, -2, 14, 7]
[4, 31, 8, 28, -4, -1, 15, 7]
[-1, 15, -67, 18, -5, -5, 22, 6]
[1, 4, 14, -3, 5, 1, -1, 7]
[5, 2, -77, 9, -1, -2, 24, 7]
[3, 30, -2, 9, -1, -1, 0, 7]
[6, 11, 24, 35, -5, 5, -14, 6]
[0, 14, 11, -6, 1, -4, 1, 6]
[-9, 2, -58, 23, -3, -6, 3, 6]
[0, -40, 11, -30, 6, 7, -9, 6]
[3, -19, -32, -16, 19, 4, -3, 6]
[-4, -9, -6, -34, -11, -9, -20, 5]
[12, -59, 86, -16, 1, -1, -35, 6]
[-8, 26, -35, -10, -4, -5, 11, 6]
[-4, 25, 2, 29, -6, -3, 38, 5]
[-6, -3, -101, 1, 5, -4, -24, 4]
[-7, -16, -43, -40, -3, -3, -14, 5]
[1, 1, 21, 32, -3, 1, 13, 5]
[-29, 16, 3, -7, -10, -6, -9, 4]
[5, -13, -61, -19, -1, 6, 5, 5]
[11, -2, -2, -7, -3, -6, 3, 5]
[0, 8, 39, -14, -10, 2, -11, 6]
[-2, -38, -48, -1, -4, 0, -15, 5]
[9, -4, -6, 2, -7, -1, -3, 6]
[-6, -18, -17, -10, -4, -4, -2, 6]
[-3, -14, -117, 0, 1, -1, -27, 8]
[1, -42, 82, -11, -10, -8, -79, 5]
[-1, -2, 4, 17, -3, 1, 20, 4]
[6, 28, -17, -24, -8, -5, 28, 6]
[0, 8, 10, -5, 5, -1, -7, 8]
[-4, -18, -8, 19, -10, 3, 10, 7]
[7, -15, -4, -19, -1, 4, 26, 5]
[0, 15, -26, 53, -2, -6, 24, 5]
[-3, -5, 111, 6, -12, -7, -2, 5]
[1, 20, 21, 24, -2, -6, -5, 8]
[-2, -22, 21, -12, -5, -2, -7, 7]
[3, 32, -9, 1, -4, -1, 10, 6]
[7, -2, 39, 19, 10, -6, -47, 7]
[-4, -4, -40, -4, -6, 0, 17, 6]
[-3, -24, -55, 12, 0, -7, -13, 6]
[2, -9, 19, 12, 1, 4, 12, 6]
[10, 27, -14, -22, -7, 1, 17, 8]
[5, 56, 2, 17, 0, -7, -2, 7]
[-9, 12, -40, -38, -5, -3, 0, 3]
[-23, -66, -39, -1, 3, 2, -35, 6]
[-4, 69, -68, 28, -5, 0, 8, 6]
[1, 1, 12, 2, -2, 0, -10, 4]
[8, -21, 26, -13, -4, -2, 0, 4]
[-4, 3, -59, -8, 9, 5, -3, 4]
[7, 16, -86, -38, -1, 4, 7, 3]
[-2, 9, 21, 13, -1, 0, 23, 5]
[-16, -34, 9, -21, 3, 2, -1, 5]
[4, -16, 26, 6, 4, 1, -11, 6]
[-5, 26, 52, 16, 0, 0, -25, 6]
[9, -12, 48, -10, 3, -3, 10, 6]
[1, 10, 20, 5, -6, 1, -3, 6]
[7, 28, -39, 20, -6, -2, 0, 6]
[-2, -5, -43, -1, -3, 0, -4, 7]
[8, -2, -3, 30, 4, -3, -25, 6]
[-6, 44, 42, 10, -1, 4, -4, 7]
[3, -27, -60, 2, -3, -5, 4, 4]
[-2, -11, 12, -23, 2, 0, 5, 6]
[-10, -9, 63, 9, 4, 1, -2, 6]
[-3, -66, 12, -10, 5, 3, 10, 7]
[-5, 11, 36, 6, 2, 2, 3, 4]
[-1, 72, 60, -25, 9, 3, 0, 7]
[-6, 27, 45, -7, -4, -2, -9, 6]
[5, -6, 9, 8, -1, -4, 5, 3]
[9, 26, -60, 2, -3, -3, -10, 5]
[3, 21, 23, 22, 3, 8, 3, 5]
[2, -29, -7, -37, 5, -3, -3, 5]
[-14, 32, -21, 11, 2, 2, 18, 6]
[0, 67, 4, 15, 1, 2, 8, 6]
[-2, -39, -27, 2, 2, 0, 1, 5]
[-14, -8, 107, 21, -1, 2, 10, 5]
[0, 54, 105, -8, 3, -2, -8, 5]
[-8, 1, 56, 32, 11, 10, 24, 5]
[-11, 53, 20, 29, -8, -7, 25, 4]
[-17, 8, -22, -18, -4, -2, -6, 6]
[0, 37, -63, -6, -1, 0, 36, 5]
[-25, 9, -13, 4, -4, -5, -4, 6]
[0, -26, -47, 13, -8, -4, -24, 5]
[-3, -1, -11, 14, 0, 5, 25, 4]
[4, -20, 0, -26, -4, -6, -10, 4]
[2, 12, 16, 14, 0, -2, -57, 4]
[4, 16, 5, -19, -3, -3, -5, 4]
[5, 0, -12, 13, -1, 2, -9, 6]
[-7, 20, 6, -16, 1, -2, -6, 7]
[14, 15, 23, 5, -4, -2, -7, 7]
[3, -38, -20, -34, 3, 0, -13, 5]
[-3, -3, 19, 12, 1, 5, 42, 4]
[-8, 30, -53, 20, -8, -2, 39, 6]
[-5, 7, 15, -8, -3, -3, -12, 5]
[1, -7, -33, -37, 2, 0, -21, 7]
[2, -20, 0, 26, -8, -4, 12, 5]
[-7, 41, 14, 4, -2, -1, 7, 4]
[10, -1, -57, -11, -3, 1, -82, 6]
[5, -60, -29, 5, 12, 0, -34, 7]
[-10, 11, 24, 6, -13, -9, 21, 3]
[3, 101, 4, 5, 10, 4, -12, 6]
[-6, -57, -29, -6, -8, 2, -4, 1]
[16, -23, -45, 17, -4, 1, 26, 5]
[4, -1, -62, 16, -1, -1, 25, 3]
[-9, -5, 45, -8, 5, 5, -18, 7]
[-9, -26, -127, -20, -18, -13, -3, 6]
[10, -13, -23, 20, 7, 0, -1, 4]
[-5, 1, 33, -7, 13, 0, 0, 4]
[3, 31, 37, -6, 0, -5, -3, 6]
[0, 83, 1, -9, -5, -4, 9, 5]
[14, -6, 35, 4, 2, -5, 9, 6]
[-19, -15, -39, -28, -10, -5, 15, 4]
[3, -54, -19, 21, -3, 4, 4, 6]
[1, 38, -11, -19, 0, 0, 0, 7]
[6, 5, 39, 35, -1, -1, 11, 5]
[-11, 42, 87, 21, -3, -6, -3, 6]
[-18, -59, 1, -7, -5, -3, -3, 3]
[-7, -33, 5, 39, 7, 1, -7, 8]
[-5, 5, 37, -22, 9, 3, -7, 3]
[6, 40, -45, 5, -4, 5, -7, 7]
[1, 9, 79, 9, -1, -3, -5, 5]
[10, -17, -14, 15, 7, 1, -5, 4]
[0, 14, 54, 13, -16, -10, -10, 5]
[1, 23, -13, -6, 1, 0, -2, 7]
[8, 4, 29, 3, 3, 0, 4, 5]
[10, 55, -14, -5, 6, 3, 0, 5]
[-4, -6, -4, 13, 0, 1, 3, 4]
[4, -2, 4, 0, -2, -1, 1, 7]
[-4, -36, -37, -40, -3, -2, 2, 6]
[-4, -8, -13, 1, 0, 1, 13, 4]
[-5, 38, 22, -29, 3, 1, 1, 5]
[4, 6, 21, 37, -3, -4, -1, 6]
[0, -18, -19, 7, -6, -3, -12, 6]
[-14, -47, 69, 2, 3, -1, 1, 5]
[6, 0, -20, 3, -1, -3, -1, 5]
[14, 4, -10, -16, 1, -3, -6, 4]
[-4, 33, 63, 6, -8, -2, 4, 2]
[1, -7, 1, -2, -4, -5, -6, 4]
[4, 20, 20, 27, 15, 0, 5, 4]
[-12, -20, -29, -21, -2, -13, -4, 7]
[-14, -30, -9, -19, -10, -4, 5, 5]
[-5, 32, -58, -7, -11, -4, 1, 7]
[2, -25, 32, 2, -7, 0, 0, 3]
[4, -20, 38, -13, -3, 2, -30, 5]
[-4, -27, 16, 22, -4, -4, 7, 5]
[4, -4, 36, 7, 1, -1, 42, 5]
[-5, -25, -10, -6, 3, 1, 4, 4]
[3, -11, 13, 10, -2, -1, 43, 6]
[-5, 45, -24, 41, -7, -8, 11, 6]
[3, 44, 15, -6, 0, -5, 1, 3]
[-5, -4, -16, -9, 4, 10, 21, 3]
[-2, -67, 44, 17, 10, -2, 17, 4]
[-3, 10, -22, -11, -2, 3, 17, 5]
[4, 6, -11, -10, 3, 4, -34, 6]
[1, 71, -29, 22, -3, 4, 21, 5]
[10, 1, 26, 29, 1, 4, -2, 5]
[6, -51, 75, -15, 1, 6, 1, 6]
[2, 29, 7, -3, 2, -1, -1, 5]
[-13, -20, 24, -12, 5, 4, -30, 5]
[-3, 14, -38, -3, -3, -3, 23, 5]
[4, -26, -26, -36, -4, -7, -11, 4]
[6, 68, 12, 42, -12, 3, 35, 6]
[4, 2, 22, -15, -3, 1, 4, 5]
[-7, 0, 9, -13, -9, -3, 6, 4]
[-2, -8, -10, 5, 1, -2, -21, 4]
[5, -44, -82, 8, 9, 3, -9, 4]
[-11, -41, -70, 16, 14, 4, 10, 5]
[-5, 97, 26, 14, -6, -4, -23, 6]
[-3, -1, 45, 58, -1, 1, 2, 6]
[9, 0, -37, 1, -1, 3, 7, 3]
[3, -30, 30, -30, -3, -1, -1, 5]
[-1, 31, 10, -30, 7, 3, 6, 6]
[-3, 28, 4, 22, -9, -4, 3, 6]
[2, -18, 35, -2, 13, 1, 3, 5]
[-11, -17, -58, -9, -1, -1, 19, 4]
[-4, 3, -3, -21, -5, -3, 3, 4]
[-17, -10, -28, -12, 0, 1, 3, 5]
[3, 2, 4, -8, 4, -1, -46, 5]
[3, 30, 0, 22, 8, 5, 18, 6]
[6, -18, -38, -35, 5, 10, -20, 3]
[16, 14, 48, 5, 2, -3, 9, 5]
[-6, 10, 25, -28, -14, -7, -33, 5]
[0, 25, 65, 13, -7, -3, 17, 3]
[3, 57, 1, -33, 6, -5, -24, 6]
[-8, -36, -2, 27, -4, -5, 21, 4]
[5, -69, 49, 10, 12, 8, 13, 3]
[-6, 0, -62, 13, 4, 1, 1, 6]
[15, 53, 32, 2, -4, -5, -42, 6]
[10, 9, -15, -16, 6, 0, 8, 4]
[-6, -4, -28, -1, -6, -5, -8, 4]
[-21, -61, -30, -20, -10, -8, -25, 4]
[-6, -2, -66, -5, -6, 1, 22, 3]
[2, 39, -6, 45, 8, 9, 5, 5]
[-15, -5, -44, 10, 4, 1, 15, 3]
[-3, -25, -3, -43, -2, -4, -5, 5]
[5, -16, -5, 21, -9, -2, -3, 5]
[-3, -14, -9, -37, -3, -6, -5, 4]
[-9, -1, 14, -19, -9, -1, -7, 4]
[2, -25, -2, 8, -3, -1, -2, 5]
[3, 36, 45, 1, 4, -3, 15, 5]
[8, 52, 37, 39, 6, 0, 7, 4]
[11, -15, -29, -6, -3, -4, 11, 4]
[-2, 66, 49, 13, -6, -3, 3, 5]
[-6, 8, -97, 9, -6, -2, 3, 4]
[-2, 26, 104, 31, 9, 2, 42, 4]
[-1, 59, 41, -6, 9, 4, 0, 4]
[-4, -4, -61, 2, 8, 2, -5, 6]
[-2, 9, -19, -3, -5, -2, -9, 2]
[-13, 1, 71, -13, 6, 3, -2, 6]
[1, -12, -12, -1, 1, -3, -10, 4]
[-4, -1, -9, 13, 2, -2, -1, 3]
[-4, 26, 74, 11, -2, 0, -2, 4]
[7, 15, -19, 7, -1, 3, -9, 5]
[-4, 56, -25, 33, -8, -5, 8, 1]
[7, -17, 7, -12, 6, 0, -9, 7]
[0, -9, 22, 0, 6, 3, -4, 5]
[-4, -6, -32, 9, 0, -4, -1, 6]
[-5, 54, -57, -13, -9, -6, 21, 5]
[2, 7, -9, 19, 4, 4, 1, 6]
[4, -29, -12, 0, 5, -3, -4, 6]
[-5, -18, 15, -23, 10, -2, -2, 3]
[-12, 8, 60, 12, -10, -1, -10, 5]
[-1, -12, -22, -14, -11, -4, 0, 4]
[4, -79, 17, 17, -5, -3, -35, 4]
[2, 29, -31, -6, 1, 4, 8, 4]
[3, -2, 27, -25, 4, 0, 16, 5]
[-6, 0, -32, -21, -6, -6, 11, 6]
[0, 15, 68, 26, 7, -2, -11, 5]
[-4, 53, 47, -10, -3, -1, 10, 5]
[-2, 28, -20, -9, -1, 5, -11, 5]
[-14, 43, -22, -6, -15, -8, 2, 7]
[8, 96, 33, -5, 11, 2, -7, 4]
[0, 23, 5, 18, -1, -4, -2, 4]
[4, -20, -58, 11, 8, 3, -45, 3]
[-9, -49, 127, 35, 5, 4, 8, 4]
[3, 20, -35, -27, -1, -1, 14, 4]
[7, 24, -15, 5, 1, -1, 5, 4]
[1, 11, 1, -5, 3, 9, 20, 4]
[-12, -2, 46, 5, -8, -1, 4, 3]
[-9, -14, 0, -9, -6, -8, -15, 5]
[4, -45, -83, 0, -14, -6, 4, 4]
[3, 53, -22, -34, -6, -6, 3, 5]
[2, -9, 8, 17, -1, -1, -7, 4]
[0, -16, -50, -11, 3, 1, -2, 3]
[-3, -11, -4, 3, 8, 3, -55, 4]
[7, 2, 64, 1, -1, 2, -53, 5]
[0, 7, 6, -9, 5, 5, 3, 5]
[5, 0, -24, -27, -2, -3, 13, 4]
[-6, -49, -32, -21, -1, -5, 2, 3]
[-10, 10, 41, 30, 6, 1, 3, 4]
[-6, 23, 11, -13, -6, -2, 4, 3]
[-1, 59, -45, -16, -1, -3, -4, 5]
[-1, -18, -93, 7, 0, 1, 6, 5]
[0, -20, -50, -4, 0, 2, 24, 4]
[-4, -11, 31, 11, 7, -2, 7, 5]
[-4, 9, 48, -2, -8, 1, 9, 4]
[0, 8, 21, -30, 3, 1, -6, 5]
[-4, -18, 45, -20, -1, -1, -25, 7]
[-1, -25, 35, -7, -2, -5, -2, 3]
[1, 6, 16, 11, 0, 1, 9, 2]
[2, 12, 14, 13, -4, -1, 7, 5]
[5, -15, -14, -1, -1, -4, -5, 1]
[-14, -17, 39, 3, 4, 3, -13, 4]
[-7, 25, -31, -6, 1, -1, 5, 3]
[0, 12, -44, 3, 3, 3, 1, 4]
[-2, -5, 5, 9, -5, -7, 7, 4]
[10, 7, 20, 25, 5, 2, -6, 4]
[-12, -79, 37, -2, -11, -5, 43, 3]
[-1, 68, 72, 22, -5, -2, 0, 4]
[-2, -1, -65, -36, -4, -2, -17, 6]
[-14, -28, -39, 8, 2, 4, 1, 4]
[17, -9, 5, 7, -5, -7, -36, 2]
[2, 31, -61, 0, -1, -4, -6, 4]
[-4, 25, -13, -20, 8, 12, 10, 3]
[-4, 50, -1, -2, 4, 3, 2, 6]
[-2, -12, 55, 29, -8, -4, -1, 3]
[0, 26, -41, 17, 9, -2, 1, 4]
[-7, 10, -44, -19, -3, -7, 2, 1]
[12, 14, -12, 12, -10, -1, 13, 3]
[-10, -24, -69, 1, -8, -4, 4, 4]
[-4, -2, 76, 8, -1, 6, -12, 4]
[-5, -18, 71, -19, -8, -1, 8, 4]
[9, -39, 25, 9, 3, -1, -3, 4]
[-7, -15, 3, -4, -3, 1, -16, 4]
[-3, 23, 4, 3, 2, -4, -11, 2]
[-9, 5, -39, -12, -6, -6, -6, 5]
[-1, -55, 25, -16, -2, 0, -11, 3]
[5, -7, 65, 2, -4, -2, 1, 3]
[-1, 25, -7, -3, -5, 2, 2, 4]
[5, -4, -6, 28, -5, -1, -3, 3]
[-7, -53, 2, -5, 4, -6, -3, 5]
[1, -15, 54, -36, -4, 0, -12, 4]
[-1, 59, -43, 13, -2, -4, 5, 3]
[-4, 68, 20, 22, -1, -2, -4, 4]
[10, -4, -3, -9, 5, -2, 0, 4]
[0, 17, -25, -32, -1, 7, 0, 4]
[5, -22, 63, -19, 1, -5, 3, 5]
[-4, 3, -28, -4, -7, 1, 0, 4]
[-2, 4, -71, -31, -5, 0, -1, 4]
[4, 39, -25, 11, 0, 7, 10, 5]
[2, 2, 38, 17, -3, -6, 11, 3]
[1, 30, 28, -3, -4, 0, -1, 4]
[-2, 74, 3, 2, -4, -4, 1, 3]
[11, 6, 43, -3, 0, 1, -24, 2]
[9, 11, 5, 13, 9, 6, 18, 3]
[12, -90, 11, -2, 0, -1, -9, 3]
[-4, 16, -4, 17, -1, 2, -19, 2]
[-10, 41, -42, -30, -7, -1, 3, 3]
[-4, -5, -1, 8, 5, -2, 4, 4]
[-11, -68, -6, -27, 0, -1, 8, 1]
[0, -7, 13, -23, -5, -6, 4, 5]
[-14, 34, 23, 29, -1, 13, 18, 7]
[7, 31, 1, -6, 0, -1, 12, 3]
[5, 17, -1, -16, -8, -5, -1, 5]
[3, 2, -34, -24, -2, 4, 14, 2]
[10, -16, 57, 10, 7, -1, -3, 4]
[0, -75, 37, 1, 2, -2, -16, 5]
[2, 56, 1, 7, 11, -8, -17, 4]
[1, 6, -25, -36, -2, -1, -3, 2]
[-2, 74, 19, 39, -4, 2, 38, 2]
[-10, -52, -30, 21, -2, 11, 10, 3]
[-3, -7, 12, 11, 0, -3, -28, 4]
[3, 28, -7, -4, 2, 0, -2, 5]
[-3, 16, -5, 8, -2, -4, 14, 2]
[1, -33, 18, -17, -8, -4, -5, 4]
[12, -25, -14, 4, -6, 2, 37, 2]
[-6, -9, 4, 8, 2, -3, -5, 2]
[6, 39, 12, 13, -1, 8, 5, 3]
[-12, 22, -32, -3, 3, 2, -25, 4]
[16, -22, -21, -31, 2, 2, -60, 0]
[18, -75, -8, -14, 6, 6, -2, 4]
[-3, -52, -21, -14, -7, -4, -64, 4]
[-4, -17, -11, 22, -4, -5, 13, 3]
[3, 61, 9, 15, -3, 2, 8, 4]
[9, 23, -24, -26, -1, 0, -29, 3]
[-8, -61, -43, -4, -6, 1, 13, 3]
[7, -13, 2, 5, 4, -1, 8, 3]
[-24, -23, 49, -19, 2, -1, 9, 4]
[15, -53, 15, 11, 8, 11, -32, 4]
[1, 30, 28, 17, 0, 2, 7, 4]
[-2, 33, 27, 9, -5, -3, -12, 3]
[-9, -3, 21, -3, 2, -1, 8, 3]
[-2, 16, 28, 24, -9, -10, -8, 2]
[3, -18, 37, 23, 2, -3, 21, 3]
[7, 12, 10, 8, -2, 0, -16, 3]
[20, 47, 10, -51, 21, 6, 0, 7]
[-3, 0, -75, 26, -8, -5, 22, 3]
[1, -9, 19, 16, 3, 10, 21, 3]
[-2, 27, -91, -47, 11, 7, 3, 3]
[-9, -43, 38, 13, -6, -5, -18, 5]
[-1, -6, -21, 2, -8, -4, -2, 4]
[17, -8, 10, 26, 5, 3, 0, 4]
[5, 14, 25, 37, -1, 1, 11, 3]
[-15, 23, -21, -20, 0, -1, -15, 4]
[0, -16, 12, 10, 1, 8, 20, 4]
[5, 60, -41, -11, 5, 0, 14, 4]
[-1, 10, -10, 25, 2, 1, 6, 2]
[-4, -11, 5, 15, -8, -9, 1, 2]
[1, 1, 45, 6, -5, -6, -8, 2]
[-6, -14, 7, -2, 2, 1, 0, 3]
[2, -2, 25, 3, -5, 1, 3, 3]
[-4, -27, 3, -18, 0, -8, 8, 4]
[-5, 1, -36, -12, 7, 7, 3, 2]
[7, -27, -4, -13, 7, 10, -5, 2]
[2, 38, 41, 12, -15, -10, -7, 4]
[-16, 30, 27, 16, 1, 2, 8, 5]
[4, 40, 16, -7, -6, -5, 4, 3]
[-11, -27, -67, 7, 1, 3, -5, 3]
[18, 32, 8, 17, -5, 1, 25, 4]
[-19, -37, -47, 7, -1, 5, -2, 2]
[-5, -22, -5, -6, -11, 0, -2, 4]
[-4, 16, 28, 30, 2, -3, -5, 3]
[2, -15, 53, 22, 3, 0, 1, 3]
[2, -6, 22, 19, 8, 4, -1, 5]
[12, 23, -39, -24, -4, -2, -2, 3]
[-13, 21, -2, 19, -1, -2, -5, 2]
[5, 9, -39, -10, -6, 2, -1, 2]
[1, 52, -10, -15, -15, 5, 4, 3]
[-5, -10, -50, -7, -2, 4, 2, 4]
[-4, -22, 37, 2, -6, -6, 0, 3]
[-2, 1, -3, -3, 1, 0, 0, 4]
[-9, 10, -36, 14, 11, 8, 1, 2]
[-11, -16, 68, -5, 8, 0, -2, 4]
[0, -41, -33, 1, -3, 0, 0, 4]
[-4, 4, -13, 16, 0, -7, -1, 3]
[-5, 40, 41, 17, -8, -10, 1, 3]
[-2, 12, 4, 3, 2, 5, -1, 5]
[1, -2, -107, 9, -8, 11, 0, 2]
[-11, 27, -128, -40, -6, -5, -4, 3]
[-5, -85, 56, -7, 16, 6, 4, 2]
[2, 14, -15, -8, -14, -2, 2, 2]
[0, -12, -38, 1, 1, 2, -1, 2]
[-2, 19, 34, 5, -6, -7, 3, 3]
[1, 35, 0, 9, -1, 3, -3, 3]
[3, 18, 26, 23, 2, -10, 4, 3]
[8, 26, 34, -20, -7, -8, -2, 4]
[1, -8, -18, -11, -2, 3, 1, 4]
[-3, 33, 12, 5, -8, -2, 2, 4]
[-13, 17, 35, -6, 15, -2, -4, 3]
[-1, 22, 13, 3, -7, -7, -3, 4]
[0, -15, 77, 39, 6, 5, -1, 2]
[-6, 11, 18, 24, 2, -4, -1, 3]
[8, -36, -91, -17, 1, 0, -1, 4]
[3, -17, 10, -4, 3, -1, 1, 2]
[3, -27, -19, -5, 0, 7, 1, 4]
[-7, 23, -37, -38, -6, -4, -2, 2]
[-6, -5, -47, -2, 0, 0, -1, 2]
[-8, -25, 52, -1, 1, 0, 2, 3]
[-5, 6, 35, 1, -4, -7, 2, 4]
[1, 9, 66, 1, -3, 1, -2, 3]
[-8, 66, -39, 14, -7, -9, 0, 5]
[3, 32, -39, 26, 4, 2, 1, 2]
[-8, -39, -25, -13, -8, -2, -3, 4]
[0, 35, 37, -7, 1, -2, -1, 3]
[6, -26, 12, -22, 6, 7, 2, 2]
[-3, -14, -66, -16, -3, 5, -2, 3]
[-21, -19, -24, 11, -11, -7, 0, 0]
[-5, -4, -16, 5, -8, -3, 0, 2]
[3, -3, 11, -20, -5, 2, -2, 3]
[14, 13, -40, 7, -3, 0, 1, 3]
[1, 9, -2, 3, -1, 0, -4, 4]
[4, -26, 37, -15, -10, 4, 0, 2]
[1, 14, 37, 5, 10, 5, 3, 3]
[-16, -10, -26, -28, 1, -3, -1, 1]
[6, 5, -18, -24, 10, 2, 3, 2]
[-7, 18, 29, 15, 7, 4, 0, 4]
[-2, 33, 2, 17, 4, 1, 3, 2]
[5, -4, -9, 1, -5, -1, 2, 1]
[-1, -7, 58, 16, -4, -2, -1, 3]
[4, -33, -76, -7, 4, -4, -2, 3]
[3, 18, -22, -11, -2, -2, -2, 3]
[2, -4, -20, -5, -1, 2, -1, 2]
[-5, 42, -12, -9, -13, 1, 4, 0]
[-1, 38, 20, 1, 13, 0, -2, 3]
[-1, 23, -19, 0, -1, -2, 3, 4]
[-3, -10, -51, 1, 1, 3, 2, 2]
[-4, 27, 39, 23, 3, 4, 1, 5]
[-19, -53, 65, -9, 4, 12, -2, 2]
[3, 31, 1, -27, -10, -6, -3, 3]
[-6, -9, -39, -29, 0, -2, 3, 5]
[-9, 20, -8, -3, -4, -2, -1, 3]
[9, -19, 36, -10, -1, -1, 2, 2]
[7, 7, -9, -13, -12, -7, 1, 5]
[-9, 43, 45, 55, -2, 1, -1, 1]
[-12, 45, 7, 17, 5, 5, 5, 4]
[9, -26, -5, -23, -3, -4, -2, 1]
[-18, -18, -105, -32, -16, -16, -7, 2]
[-5, -30, 19, -1, -5, -6, 1, 2]
[3, -12, -19, 17, 5, 2, 26, 5]
[3, 42, 47, 25, -10, -4, -4, 3]
[-6, -42, -16, -33, 6, 5, -13, 1]
[6, 23, -13, 26, -1, 0, 1, 2]
[5, 76, 22, 44, 2, -2, -25, 5]
[3, 29, 25, -44, 25, 6, 4, 5]
[3, -21, 22, -22, 2, 2, -6, 4]
[0, 4, 28, 28, -10, -2, -8, 2]
[11, 1, 49, -14, -1, -3, -8, 3]
[1, -35, -50, 19, -3, -1, 4, -1]
[-8, -28, -51, -7, -4, -6, 5, -1]
[1, 17, -8, -10, -2, -3, 3, 3]
[7, -82, -20, -23, 11, 4, -42, 0]
[-37, 46, 0, 12, 1, 0, 51, 5]
[9, -20, 46, -7, 12, 5, 23, 2]
[0, 118, -105, 26, -10, -5, -11, 3]
[0, 24, 27, 0, -3, -8, -4, 3]
[9, -9, 69, 9, 10, 12, 31, 4]
[-11, 31, 3, 13, -5, -6, -1, 0]
[6, 76, 57, -6, 5, 0, 13, 2]
[4, 40, 83, -1, -3, 3, 3, 1]
[10, 27, -25, -47, -5, 4, 1, 5]
[-20, 53, 0, -13, -4, -3, -72, 4]
[7, 11, -93, -6, -11, -4, 29, 2]
[10, -44, 55, 47, 9, -2, -5, 1]
[5, 46, -26, 1, 0, 3, 37, 3]
[-1, -6, -11, -24, 2, 0, 5, 4]
[-1, 73, -5, -30, -1, -1, 23, 1]
[6, 118, 14, -11, 1, 0, 7, 4]
[4, 28, -31, -26, 1, 4, 25, 2]
[14, -78, 31, 31, 18, 4, -7, 2]
[9, 22, 3, 2, -1, -3, 6, 2]
[-6, -40, 42, 7, -15, -7, -26, 2]
[-14, -16, -3, -3, -6, 0, -26, 1]
[10, 51, -34, -47, 4, 0, 23, 3]
[0, 26, -7, -29, -13, -5, -2, 2]
[3, 102, -43, 42, 3, -6, -28, 2]
[1, 16, -7, 3, -3, 2, -34, 3]
[-2, -2, 66, 21, 2, 2, 12, 3]
[6, 6, 55, 8, 10, 10, 12, 1]
[-7, -53, 13, -5, 1, 3, 10, 1]
[-6, -6, 20, -42, -11, -1, -10, 1]
[10, -93, 98, 4, 0, 6, -47, 3]
[0, 74, 42, 34, 6, 1, -7, 2]
[3, 3, 20, 24, 3, 2, 20, 2]
[-3, 8, 13, 47, -6, 1, -45, 1]
[3, -69, 67, 8, 13, -3, 5, 5]
[-8, 126, -97, -58, 17, 6, 20, 3]
[21, -48, 22, -10, -20, -9, -42, -3]
[3, -59, 34, 26, -16, -3, 6, 1]
[3, -60, 13, -9, 13, 9, 91, 5]
[-1, 127, -89, 26, 1, -2, -1, 2]
[-12, 36, -75, 27, 2, -1, 48, 2]
[-5, -66, 97, 10, -2, -8, -29, 2]
[-7, -7, 11, 5, -5, 4, 5, -1]
[19, 24, 52, -17, 11, 1, -69, 4]
[9, -39, 13, -16, 4, 7, 22, 3]
[5, -55, -14, 0, -17, -6, 28, -2]
[-1, -48, 61, -4, 10, 3, 27, 5]
[-6, 2, -1, 41, 15, 0, -20, 2]
[-5, -17, -97, -26, -8, 1, 81, 1]
[8, -37, 18, 14, -10, 8, 8, -1]
[-2, 39, -110, -6, -11, -4, 50, 4]
[-2, 12, -36, -50, -11, -10, -32, 3]
[-1, -21, 60, 9, 0, 0, -12, 2]
[10, -36, 69, 27, -5, -1, -44, 1]
[-7, -44, -14, -43, -2, 5, 20, 1]
[-9, -62, 4, 14, 1, -2, 25, -1]
[-1, 1, -26, 48, -1, 6, -2, 1]
[5, 28, 78, -13, 3, 8, 23, 3]
[-7, -26, -81, 14, -15, -7, 1, 3]
[-11, -3, 25, 12, 8, 4, 3, 1]
[9, -42, 60, 9, 11, 5, 21, 2]
[4, 24, -17, -39, 5, 2, 13, 2]
[-5, -27, -7, 10, 5, 2, -8, 5]
[-6, 91, -20, -57, -5, 0, -14, 3]
[3, -13, -43, -12, -2, -3, -75, -3]
[-7, 18, -95, 9, -13, -4, 24, 1]
[7, 58, -17, 1, -5, -9, -33, 0]
[13, 38, 68, 9, 22, 9, 16, 6]
[6, 79, 17, 23, -11, -2, 54, 1]
[-2, 66, -128, 46, -8, 0, 50, -3]
[17, -76, -7, -55, 6, 3, -18, 5]
[9, -29, -108, -20, 1, -2, -10, 3]
[-7, -32, -59, -75, 9, 2, 31, 1]
[-2, -28, -12, -13, -16, -12, 10, -2]
[-7, -36, 51, -7, 4, 1, 48, 2]
[13, -44, -38, -53, 4, 1, -4, 2]
[-1, 52, -27, -3, 5, 4, -18, 5]
[-3, 45, 5, -26, -17, 3, -8, 3]
[14, 4, -32, 4, -1, 1, 6, 2]
[2, 40, -16, 22, -14, 3, -13, 1]
[-27, -36, -3, -1, -9, -10, -1, 2]
[9, -39, -22, -11, 4, 5, -14, 1]
[-3, 90, 3, 19, 10, -1, 51, 2]
[-2, -49, 57, -4, 11, 2, -4, 0]
[-3, -71, 23, -84, 8, 5, -5, 3]
[10, 74, -101, 25, -16, -6, -10, 3]
[3, 33, 15, 30, 16, 6, 13, 4]
[-9, 4, -60, -19, -4, -11, 7, 1]
[5, -58, 17, -54, 3, 2, -20, -1]
[-9, -35, -25, -13, -2, -5, -22, 2]
[2, 31, 53, 1, 17, 0, -38, 5]
[12, 33, 0, -36, 3, -4, 10, 6]
[-1, -42, 43, 11, 5, 4, 37, 5]
[-11, 12, -28, 26, 9, 16, 0, -2]
[-1, -59, 9, -39, -8, -2, -41, 3]
[1, -3, -6, 7, -25, -8, 1, -2]
[-1, 20, -39, 26, 4, -1, 21, 1]
[5, -7, 20, 11, -7, -9, -4, 3]
[-5, -22, -15, 9, 6, -6, 7, 1]
[-5, 53, -28, 4, -2, -2, 1, 1]
[1, -16, 31, 6, -11, 1, 9, 1]
[-2, 5, 27, 21, -1, -7, -17, 3]
[-1, -2, 40, -17, 7, 5, -5, 3]
[-12, -22, -10, -40, -18, -5, -15, 3]
[10, 41, -36, 3, 1, 0, -2, 3]
[-14, -66, -6, 6, 8, 1, 7, 0]
[1, 23, -31, -1, 2, -3, -3, 2]
[-5, -14, 57, -13, 14, -3, -15, 1]
[17, -6, 24, 15, 5, 0, -8, 3]
[2, -15, 39, 14, 4, 1, -10, 3]
[-2, 17, 6, -25, -6, 1, -9, 0]
[9, 42, 20, 36, 1, 0, -25, -2]
[1, -12, -8, -29, -1, -1, -25, 1]
[0, -27, 19, 21, 21, 13, -15, 0]
[-2, -6, 30, 10, 8, 3, -5, 2]
[2, 15, -38, 11, 0, 1, 1, 0]
[-13, -1, 14, -41, -12, -13, -48, 1]
[-1, -10, -17, 3, -13, -2, -1, 1]
[-2, 15, 56, 27, 2, 1, 11, 1]
[-2, -34, -37, 12, 2, 1, 11, 2]
[7, 13, 15, 3, -1, 0, 11, 1]
[-5, -9, 22, 4, -4, -8, -35, 1]
[-1, -15, -51, -2, -7, -1, 1, 3]
[-1, -12, -11, 4, 18, 10, -5, 2]
[4, -14, 21, -13, 2, -5, -1, 3]
[6, -18, -23, 5, 6, 3, 4, 2]
[-1, -22, -13, -22, -4, -3, 7, 3]
[-10, 6, 20, 7, 8, -2, -6, 1]
[1, 18, 2, -20, -5, 0, 7, 1]
[-3, 102, -29, -4, -10, -7, 4, 1]
[3, -5, 4, -10, 1, 3, -2, 4]
[7, -6, -4, 12, 0, 1, 30, 0]
[-4, -10, 11, -1, -2, 6, -7, 2]
[-3, -2, -30, 9, -4, -5, -4, 0]
[-3, -2, 6, -1, -1, 0, -6, 0]
[-9, -13, -14, 42, 6, 3, -6, 0]
[0, 24, 25, -15, 2, -6, -25, 2]
[-6, 59, -8, 9, -6, -4, 6, 1]
[1, 31, 35, -19, -7, -4, -3, 0]
[3, 15, 39, -12, 3, 6, -5, 1]
[12, 17, -29, -7, -7, -1, 25, -1]
[-6, -9, -34, -9, 7, 4, 1, 4]
[5, 8, 9, -5, -1, 0, -6, 1]
[0, 4, -69, -26, -7, 0, -3, 2]
[-4, -35, 67, -17, -2, -1, -8, 2]
[1, 10, 23, 3, 3, 2, -3, 0]
[0, -16, 7, -10, -6, -3, 2, 2]
[-1, 6, -35, -10, 2, 3, -1, 3]
[4, -16, 1, -5, -2, 0, 1, 2]
[-1, -3, 7, -7, 1, -1, 0, 0]
[2, -19, -32, -2, 4, -1, -2, 1]
[-3, 39, 37, -12, -8, -3, -1, 0]
[1, -7, -2, 10, 1, -8, -2, 1]
[19, 9, 26, 1, -3, -2, 2, 2]
[1, 23, 4, -6, 15, 4, 5, 0]
[-3, -14, -31, -34, -15, -7, -2, 3]
[-2, -15, 2, 24, -2, 0, -1, 2]
[0, -28, 43, -20, -11, -6, -5, 1]
[1, -17, 52, -21, -2, -3, -3, 3]
[4, -33, -30, 6, 4, -4, -1, 3]
[8, -25, 80, -6, 9, -2, 2, 4]
[-29, 25, -39, 19, 0, -2, -2, 0]
[-1, -2, 55, 37, -6, -3, -2, 0]
[3, 23, -23, 16, -4, -3, -2, 1]
[2, 8, -13, -20, -3, 0, 2, 1]
[3, -3, -42, -7, -5, -1, -4, 1]
[6, 42, 19, 6, 0, 3, 0, 0]
[-1, -40, 14, 8, -1, -7, -4, 1]
[-1, -2, -25, -15, -6, 0, 1, 2]
[-2, 4, 5, -3, -6, -6, -2, 1]
[-9, 22, 47, 19, 4, -1, -2, 0]
[-8, 17, 31, 21, -1, -3, 0, 2]
[6, -10, -42, -12, -2, 0, 0, 2]
[-1, 44, 0, -20, 4, 1, 1, 2]
[8, -32, -18, -3, -8, -2, -2, 1]
[-8, -27, -44, -19, -8, -5, -3, 3]
[1, -31, -39, -16, -5, -2, 0, 2]
[1, 7, 6, -3, -5, -2, -1, 1]
[0, 1, 9, 7, 5, 1, -3, 2]
[-6, -1, -3, -17, -2, -1, -1, 1]
[-1, 5, 4, 8, 0, 2, -1, 1]
[-26, -36, -74, -5, 5, 2, -3, 2]
[1, 64, 47, 17, 3, 4, 1, 0]
[6, 7, 52, 15, 4, 4, -1, 1]
[7, 55, 15, -14, 1, 1, -4, 2]
[13, 52, 3, 3, -7, -6, 1, 1]
[0, -7, 40, 4, -7, -3, -3, 1]
[3, 13, -11, 4, 3, -4, 1, 2]
[-2, 3, -25, -9, 17, 0, -3, 0]
[0, -3, 8, -2, 4, 3, 1, 1]
[1, -15, -73, -9, 0, 4, 1, 2]
[0, 13, -14, -2, -20, -5, 1, 2]
[2, 13, 2, -5, -8, -8, -2, 1]
[-2, -29, 15, 9, 11, 1, -2, 2]
[-15, 34, -42, -15, -2, -5, -1, 1]
[3, -75, 2, -6, 10, -1, -1, 0]
[2, 16, -8, -5, 3, 4, -1, 1]
[-1, -38, -41, -1, -14, -5, 0, 2]
[-20, 1, 18, -2, 2, -1, -1, 3]
[-8, 10, 1, -12, -3, -1, 1, 2]
[-3, -22, -10, -14, -4, -6, -1, 2]
[5, 8, 17, 19, -1, 1, 3, -1]
[-12, -12, 37, 6, 0, -2, 1, 0]
[0, -28, -8, -7, 7, -1, 0, 0]
[1, -13, -13, -11, -10, -3, 0, 3]
[6, 30, -5, 20, -5, -4, 1, 1]
[0, -5, -18, 1, -5, -8, -6, 0]
[1, -14, -36, -1, 1, 5, 1, 0]
[6, 41, -19, 3, -5, -4, -1, 2]
[1, 14, 46, 13, -8, -1, -4, 1]
[-1, 9, 2, 7, -5, -4, 1, 2]
[5, -36, -2, -7, -4, -3, -2, 2]
[2, 5, -6, 6, 4, -1, -4, 2]
[-4, -10, 12, -11, 5, 3, 1, 1]
[-24, 16, -23, -6, -12, -2, -3, 1]
[7, -58, -18, -7, 11, 3, -2, 2]
[-9, -69, -81, -7, 1, 2, 2, 1]
[-6, -24, 49, 21, 7, -2, 0, 1]
[-4, 36, -28, 13, 10, -2, -4, 0]
[2, 66, 35, -4, -10, -3, -3, 2]
[6, -2, -18, -2, 7, 4, 1, 1]
[1, -51, 15, -9, -8, 3, 1, 1]
[4, 7, 11, 11, 2, 2, 0, 0]
[5, 4, 8, 5, -6, 3, 1, 2]
[5, 49, 43, 17, 9, 3, -3, 1]
[-8, 25, -3, 13, -8, -6, -2, 0]
[-3, -37, 15, 1, -12, -3, 1, 1]
[-6, -3, 22, -20, -12, -8, -2, 0]
[5, 28, -30, 23, 11, 1, 1, 0]
[3, -9, -8, -17, -10, -5, -2, -1]
[-6, 19, 10, 4, -3, 2, -6, 2]
[-9, 8, 5, 31, 9, 0, 3, 0]
[3, 1, -15, -5, -2, -2, 0, 0]
[2, 4, 8, -10, -9, 3, 1, 0]
[3, -12, -16, -22, -6, -3, 0, 0]
[-1, 36, -4, -4, -16, -5, -3, 0]
[-7, -3, -38, 1, -4, -2, 0, -1]
[-12, -5, -42, -8, -2, -2, -14, 1]
[5, -22, -13, 2, -1, -3, 2, 1]
[1, 1, -23, 17, 0, -5, -1, 0]
[-2, 19, 51, -1, -4, 1, 0, 1]
[1, 3, 4, -39, -11, -2, 2, 2]
[-9, 10, 16, 10, -3, 0, -2, 0]
[-24, -50, -36, -29, -13, -2, -11, 2]
[1, 20, 13, -5, 11, -1, -3, 4]
[-1, -33, -44, 7, 4, -2, 1, 1]
[0, 9, -8, 17, 0, -3, 1, 1]
[9, -1, 56, 33, -3, 5, 6, -1]
[-3, 47, -12, -29, 2, -1, -1, 1]
[7, 64, -4, -21, -5, -2, -7, 3]
[-1, -18, 2, 9, -13, -1, -1, 0]
[-6, 27, -24, -9, -1, -1, 2, 1]
[5, -3, 34, -6, -3, 3, -1, 1]
[-2, -54, -12, 8, 2, 2, 1, 0]
[-5, 22, -7, 9, 5, 4, 2, 2]
[0, 12, 45, 46, 13, 0, -2, 1]
[5, -11, -16, -17, -4, -3, -1, 1]
[-12, 9, -24, -5, -6, -1, 0, -3]
[-5, -2, -35, -17, -10, -6, -3, 0]
[1, 40, -2, 29, 12, 1, 2, -2]
[5, 11, -43, -22, -1, -5, 2, 0]
[-5, -2, 29, 15, -1, -5, -4, 0]
[-2, 61, -29, -8, -2, 3, 2, -1]
[2, 36, 26, 27, 13, 8, 1, -1]
[0, -61, 19, -3, -4, 11, -2, 1]
[-1, 12, -15, 2, 2, -6, 0, 1]
[3, 44, 11, 6, -4, -2, 0, 1]
[1, -16, -10, -20, -9, -3, 0, 0]
[2, 74, 34, 8, -9, -5, -3, 0]
[0, -7, 64, 9, 12, 4, 0, 2]
[-1, 1, -41, 13, -4, -5, -1, 2]
[12, -16, 31, -5, -1, 0, 2, 1]
[-9, -4, 8, -44, -1, 0, -2, 1]
[2, -21, -41, 24, 3, 4, 1, -2]
[-3, 66, -25, -20, -5, -1, -1, 0]
[2, -6, 15, 13, -3, -6, -6, -2]
[-2, -3, -23, -15, 2, -2, 2, 0]
[1, -28, 5, -23, -7, -1, -4, 0]
[-28, -59, 15, -9, -3, 2, 4, 2]
[1, -6, 49, 15, 1, -5, -1, 1]
[0, 50, 32, -3, -7, 0, 5, 1]
[2, -12, 51, 17, -1, -1, -2, 1]
[7, -19, -5, 37, 5, -1, -6, 2]
[16, 6, -68, -4, 15, -5, -4, 0]
[-7, -3, 11, 1, -3, 2, 3, 0]
[1, 92, 29, 13, -16, -7, 5, -1]
[6, -82, 12, -17, 4, -1, -56, 1]
[-5, -24, 45, 33, 16, 6, -1, 0]
[-3, 8, -14, -5, -11, -4, -14, -1]
[7, -114, 49, 9, 3, -1, 28, -2]
[1, -27, -38, -8, -17, -4, -4, 1]
[13, -19, -58, 4, 2, 4, 22, -1]
[-6, -13, 16, 5, -7, -1, -8, 0]
[-13, 14, 45, -2, -15, -5, -82, 1]
[-5, 72, -64, 26, 9, -2, 19, 3]
[-3, -15, 36, -1, 7, 5, -10, 1]
[3, -21, -12, -13, -12, -6, -65, 0]
[-4, 24, 1, 17, -6, -6, -79, 0]
[4, 34, -42, 7, -1, -6, -1, 0]
[0, 25, -17, -12, 7, -2, 32, 0]
[-5, 30, 4, 21, 17, 4, 24, 0]
[5, 0, -73, -45, -8, -6, -7, 1]
[3, -22, -44, 2, -1, -5, -2, 1]
[-4, -13, -63, -1, -5, 1, 4, 0]
[-5, 11, 63, 42, -4, -3, 26, -1]
[-4, 41, 39, 16, -4, 0, 3, 0]
[-13, 8, -29, -13, -12, -6, 26, 1]
[-29, -46, -55, -13, 2, 0, 11, 2]
[11, 3, 32, 3, 1, 1, -12, 1]
[5, 0, 40, -5, -12, 0, 0, 1]
[3, 31, 78, -35, -20, -7, -11, 0]
[-3, -56, -19, 11, 37, 12, 7, 0]
[7, -53, 64, -14, 10, 9, 65, 0]
[3, 39, -29, -3, -6, -12, 8, 0]
[-1, 39, 7, 32, -1, -1, -1, 1]
[-7, -25, -20, 7, 4, 8, -19, -1]
[-5, 41, 10, -13, -7, -3, 2, 0]
[-2, 26, 14, 5, -6, 1, 5, -2]
[34, 0, -7, -20, -5, -2, -11, 0]
[3, -11, 7, -7, 6, 3, 22, 2]
[1, -18, 55, -29, -6, -3, -14, 0]
[-1, -29, 86, 38, 9, -1, -27, 0]
[0, 11, -18, -22, -6, -5, 16, 1]
[1, 75, 34, 26, 0, 0, -7, 1]
[2, -31, 25, -20, 9, 3, -14, 2]
[1, 38, 19, -12, -2, -1, 13, 0]
[5, 84, -30, -35, -3, -4, -13, 2]
[-1, -6, 15, 1, 0, -1, 5, 0]
[-1, -16, 25, 11, 12, 0, -2, 0]
[4, 33, -4, 28, -7, -1, -10, -2]
[2, -3, -7, 6, 11, 8, -16, 1]
[2, -18, -6, 8, -8, 0, 11, 0]
[-6, -27, -17, -31, -3, 1, 6, 1]
[-7, -41, -41, -26, -1, -2, -7, 1]
[-9, 36, -38, 5, -3, -4, -9, -2]
[-6, 89, -9, 31, -14, -7, 10, 1]
[-3, 69, -3, 13, 0, 2, 27, 0]
[-2, 16, 2, 16, -5, -3, 4, 0]
[-13, -95, 13, -12, 17, 3, -17, 2]
[3, -12, 21, -10, 0, -1, 8, -1]
[1, 16, -12, 23, 2, -1, 8, 0]
[4, 19, 32, 15, 1, 2, -13, 1]
[1, -18, 16, 19, -1, -4, -5, 0]
[4, -5, 28, 26, -2, -5, 0, -2]
[-6, -3, -12, -11, -8, -3, 3, 3]
[2, -1, 74, 3, -3, 0, 31, 0]
[7, 4, 4, 2, 1, 1, 22, 1]
[0, 0, -24, -13, -7, -9, -12, -1]
[11, -1, -6, 27, -3, -2, -5, -1]
[-3, 31, 24, -18, 3, 0, 1, -1]
[-4, -19, -49, 2, 0, 1, 4, 0]
[-2, 20, -37, -16, -4, 4, -1, -1]
[-1, -10, -6, 8, -1, -1, -3, 0]
[12, 12, -35, 0, 3, 1, 6, -1]
[4, -43, 71, -11, 7, 2, -14, 1]
[3, -23, -15, 23, 1, 0, -2, 0]
[-1, 27, 24, 11, -3, 2, 12, 0]
[-1, -29, -43, 4, 6, -3, 11, -1]
[14, -17, -30, 11, 2, 4, 0, 1]
[-4, 2, -73, -43, 0, 1, 2, 0]
[8, 8, 41, 11, 7, 3, 1, 1]
[-9, -28, 25, -4, -7, 2, -1, -1]
[-5, 29, 20, 15, 1, -6, 7, 1]
[-2, 6, 32, 22, 13, 1, 8, 2]
[0, 20, -46, -39, -8, 0, -9, -2]
[1, -37, -48, 5, 3, 0, 10, 0]
[-8, 14, 13, -2, 6, 2, -1, 0]
[-2, 29, -28, -18, -6, -3, 3, 0]
[-13, -17, -23, -19, -6, -2, -50, 0]
[5, 40, -44, -32, -3, 1, 14, -1]
[1, 9, 41, 12, -1, 0, 3, 0]
[2, 26, 73, 33, 0, -3, 6, 0]
[-3, 54, -15, 23, 2, 0, 3, 0]
[-21, 30, -48, 19, -4, -2, 3, -4]
[17, 11, 25, -1, -5, -2, -2, 1]
[2, -10, 0, -10, -4, -3, -9, -2]
[-4, 54, -18, -22, 6, 5, 0, 1]
[20, -32, 32, -5, -2, 4, 25, 0]
[2, 94, -57, -17, -15, -8, 16, -1]
[6, -27, 1, -6, -5, 0, 0, -1]
[-10, 19, -3, 5, 4, 3, -22, 0]
[3, -15, 21, 9, 17, 4, 10, -1]
[7, -24, -41, -15, 3, 3, -2, -1]
[8, -33, 13, 44, -2, 2, -64, -2]
[-12, 27, 31, -37, -16, -7, 57, -1]
[2, 7, -20, 8, 1, -1, -19, -1]
[1, -42, -3, -11, -12, -7, -17, 1]
[16, 127, 88, -14, 16, 8, -36, 2]
[3, -25, -16, -52, 5, 10, 8, -2]
[-2, -49, 29, -13, 10, -1, -14, -5]
[7, -57, -46, 26, 7, 4, -16, -1]
[-1, 20, -34, 29, -10, -6, -13, 1]
[-8, -5, -38, 3, -22, -3, 8, 0]
[0, -3, -13, 5, -1, -4, -15, 0]
[-4, -22, -69, -53, -3, -2, -18, -1]
[17, -11, 89, -10, 13, 2, 1, 1]
[-3, -59, -2, -9, 1, 6, -48, 1]
[-4, 14, 12, -17, -3, -5, 11, 0]
[-2, -54, -14, -11, -4, -5, 29, -3]
[-3, -19, 23, 12, 10, 6, 12, 0]
[8, -47, 59, 2, 8, 0, -16, -1]
[-25, -67, 27, -2, 3, 1, -23, -1]
[7, 21, -63, 0, -2, 3, 0, 0]
[2, 81, -9, 37, -13, -7, -3, 1]
[-2, 7, 2, 2, -1, -2, -54, -1]
[11, -40, -69, 27, 4, 8, 49, -5]
[6, 60, 6, 20, 4, 2, -3, 0]
[-4, -43, 54, -1, -3, -7, -2, -1]
[-3, -57, 1, -12, 6, 2, -23, -1]
[1, 60, -72, 23, -1, 5, 22, -1]
[5, -6, 37, 21, 3, 3, 7, -3]
[1, 53, -7, -26, 1, -1, 33, 1]
[1, 76, 38, -23, -13, -3, 13, -1]
[-8, -12, 20, -7, -9, -4, 24, 0]
[-9, 42, -28, -7, 0, -3, 41, 1]
[1, 64, 7, -8, 10, -3, -11, 1]
[-2, -15, -28, -12, -2, -1, -9, -1]
[-24, -32, -9, -12, -5, -5, 4, 0]
[-2, 19, 36, -5, -3, -3, -10, -1]
[7, 52, 71, 9, -1, -1, 7, 1]
[-2, -45, 1, -2, 3, -1, -11, -1]
[2, 4, -24, 21, 3, -1, -39, -1]
[3, 48, -1, 10, 10, -3, 5, -1]
[-2, 34, 14, 13, 13, -1, -30, -1]
[3, -30, 13, 7, 14, 6, -14, 2]
[1, 20, 33, -22, -12, -9, -63, -1]
[-11, 6, 54, -37, -6, -3, -32, 0]
[-2, -7, -40, 4, -10, -1, 3, 2]
[-2, 35, 13, 0, -2, -3, 14, 0]
[2, 28, 44, 31, -3, -7, 12, -2]
[2, 8, -26, 11, -8, -1, -7, 1]
[-1, 2, 21, -35, -3, 2, -20, 1]
[6, 41, -32, -27, -5, 0, 6, -1]
[-7, 21, -13, 0, -2, -4, 29, -1]
[-6, 16, -67, -27, 10, 1, 18, -1]
[9, 11, 25, -1, -6, 2, -50, 1]
[8, -3, 19, -13, 4, -1, -6, 0]
[-16, 30, 15, 5, 21, 2, 22, 1]
[-14, 34, 10, 1, 3, 3, 12, -1]
[-6, 12, 3, -39, -5, 1, 38, 0]
[-9, 67, -65, 17, 18, 4, 5, 0]
[1, 43, 2, 16, -24, -9, 20, -1]
[-10, 23, -52, 25, 7, 0, -20, 2]
[-5, -39, 26, -16, -2, -1, 7, -2]
[3, -71, -3, -56, -3, -1, 12, -3]
[-5, 2, -32, -24, -12, -11, -59, -2]
[-5, 27, -8, 16, -14, -2, 57, 0]
[-2, 44, -64, 45, 10, 1, -5, -2]
[-3, 46, -23, -4, -16, -5, 3, -3]
[-3, 32, 8, -13, -2, 1, 11, -1]
[4, -83, 41, 25, -2, 3, -2, -2]
[4, 6, 44, 27, 0, 3, -6, -2]
[-3, -10, -22, 0, -10, -7, 9, 0]
[3, 17, 60, 16, -7, -8, 3, 0]
[3, -34, -19, -18, -3, -3, -20, 0]
[-7, 23, -8, 19, 8, 1, -8, 0]
[1, -27, -15, -2, -7, -5, 7, 0]
[4, -19, -5, -28, -4, -2, -2, -2]
[6, -3, 50, 0, 20, 4, -2, -2]
[-3, 63, -43, -27, -9, 4, 15, 0]
[-5, -39, -1, -2, -9, -3, -15, -1]
[-32, -27, -32, 5, 2, 6, 11, -1]
[19, -56, -16, -19, -10, -6, -12, -2]
[7, -29, 80, 1, 8, -3, 3, 1]
[2, 52, -41, 2, -12, 10, 27, -1]
[9, 77, 4, -9, -8, -10, -1, 0]
[4, -4, -35, -9, -1, -5, 9, -1]
[-16, 62, -84, -22, -6, -4, 7, -1]
[-6, 55, -49, -2, 14, 7, -45, -3]
[-4, -30, 95, 25, 6, -3, -20, -2]
[6, -61, 39, 19, 10, -3, 15, -3]
[0, -29, 10, 6, -9, -8, 2, 0]
[11, -43, 61, -2, 2, 0, -8, -1]
[-1, 24, -55, -5, -8, -1, 20, -1]
[-1, -16, -4, 9, 1, -1, 8, 1]
[3, -9, -55, -26, -4, 4, -1, -1]
[15, -13, 39, 11, 0, 1, 8, -2]
[-5, -12, -7, 6, 0, 0, 0, 0]
[2, 46, -24, 6, -5, -2, 9, -2]
[-13, -24, 44, -1, 6, 5, 0, -2]
[-3, 34, 8, -34, -14, -6, 8, -2]
[-11, 0, -11, 19, -5, -3, 6, 0]
[10, -55, 87, -30, 6, 1, -6, -3]
[-9, 11, 30, -1, 5, -4, 11, 0]
[0, 45, 52, 6, -2, -2, -1, -2]
[7, 46, 9, 0, -1, -2, 1, 1]
[-1, 16, -16, 17, -1, 3, 3, 1]
[7, 2, -63, -13, -2, -7, -4, 0]
[4, 3, 35, -5, -3, 1, -2, 0]
[-5, 40, -13, 13, -6, -3, 0, -1]
[-2, -7, 25, 6, 20, 7, 6, -1]
[-2, 2, -93, -12, -20, -9, -4, -1]
[-2, 13, 0, 9, -2, -4, -3, -2]
[-4, -65, -1, -11, -15, -6, -3, 0]
[-5, 48, -9, 9, -5, 3, 19, -1]
[0, -2, -69, 3, -1, 0, 7, -1]
[-2, 28, 20, -1, -3, 1, -4, -2]
[0, 7, 74, 2, 19, 11, -4, 0]
[6, 21, -24, -7, -6, -9, -5, 0]
[-7, 6, -19, -5, 0, -2, -1, 0]
[3, 4, 14, 22, 5, -6, -4, -2]
[-4, 53, -64, -10, -1, 1, -3, 0]
[-4, -27, 48, 23, 0, 1, -3, -1]
[8, -2, 27, 4, 7, -6, 0, -1]
[19, -13, 40, -19, -2, -1, -2, -1]
[-1, 20, -14, -17, -10, -2, 1, -1]
[-8, 35, 56, -19, 7, 3, 1, -1]
[5, 18, -57, -7, -5, -2, -3, -1]
[-2, -22, -126, -22, 8, -3, -5, -2]
[-2, -8, -18, 4, 1, -5, -3, -3]
[0, -56, 79, 4, 2, 0, 0, 1]
[0, 27, -31, 3, -18, -4, 5, -2]
[-1, 15, 21, -4, -3, 2, 1, 0]
[-12, -36, -43, -21, -2, 0, 2, -1]
[-2, 39, -104, -31, 12, 1, -3, -2]
[-8, -8, -39, 5, -10, 1, 3, -2]
[9, 11, 23, 4, -5, -6, -4, -1]
[-7, -5, -24, -4, -10, -8, 3, -1]
[-3, 46, -39, -1, -12, -2, -3, -3]
[-8, -24, -56, 1, 4, -4, -3, -1]
[-2, 0, -31, -24, 10, 7, -3, -1]
[1, 1, -9, 25, 2, -7, 1, -1]
[5, 4, 6, -17, -10, -4, -4, 0]
[1, -25, -48, 6, -8, 0, -5, 0]
[2, -31, 115, 22, 9, 1, -2, -4]
[-2, -74, 2, 9, 5, 2, -5, -2]
[2, 2, 7, 3, -1, -1, -6, -1]
[-2, 48, -50, -14, -4, -5, 1, -1]
[-1, 37, 48, 1, 15, 7, 1, -1]
[-9, 73, 16, 38, -3, -5, 1, -2]
[-4, 28, 32, 9, -4, 9, 3, -1]
[-2, -9, 40, -21, 6, -1, -4, -1]
[12, -18, -1, -18, -12, -2, -4, -1]
[2, 2, 73, 13, -3, -1, 4, -2]
[-4, -2, 12, 8, 5, 2, 0, -1]
[-8, -16, -64, -26, -15, -1, 2, -2]
[-14, -25, 55, 0, 5, 4, -2, 0]
[0, -11, 32, -1, 1, -4, 0, 0]
[-20, -2, -57, -19, -6, -5, -3, -1]
[0, 59, -2, 20, -4, 0, 0, 0]
[6, 14, 16, 14, 9, 4, 0, -1]
[-7, -21, -52, -13, -4, -3, -4, -2]
[10, 1, -33, 18, 0, -1, 2, 0]
[5, 2, 16, -4, -3, 5, 2, -2]
[0, -11, -1, -22, 0, -4, -3, -2]
[1, 9, -15, 11, 3, 2, -1, -2]
[-3, -11, 0, 28, 0, -6, 0, -3]
[5, -13, 37, -22, -14, -6, -1, 0]
[-4, 18, 52, 3, -7, 1, 0, -3]
[-8, 0, -2, 11, -1, -1, -1, -3]
[3, 33, -1, -28, -1, -1, -1, -1]
[3, 44, 6, 19, -8, 0, 1, -2]
[-3, -30, 46, 8, -10, -7, -4, 0]
[-5, 44, 24, -18, 11, 7, 0, 0]
[-1, -26, 22, 7, -9, -5, -1, 0]
[0, 22, 5, 5, 5, 2, 0, -2]
[-1, 12, -10, -16, -24, -1, -2, -2]
[1, 19, -39, 5, -6, -3, 1, -1]
[-3, 31, -71, -7, -4, -3, -3, -1]
[3, 35, 34, 24, 3, -5, -5, -1]
[-1, -7, -7, -9, 3, -1, 1, 0]
[-1, 22, -12, -19, -11, -8, 0, -1]
[0, 61, -44, -4, 6, -1, 0, 0]
[-4, -25, -11, 13, -5, -3, 1, -3]
[-3, 0, 24, -5, 3, -3, 1, -2]
[0, -18, 27, 19, 1, -2, -4, -3]
[-6, -3, 3, 4, -6, 8, -3, -1]
[-7, 24, 8, -16, -4, 2, 1, -1]
[3, 43, 18, -19, 0, -4, -13, 0]
[-20, -48, 39, 18, -7, 3, 1, -1]
[4, 35, 60, 6, 7, -1, 5, -1]
[-2, 99, -38, 39, -17, -5, 43, 1]
[4, -46, 18, -13, -9, -2, -17, -1]
[-5, -58, 21, -10, -13, -1, 21, -4]
[3, 73, 47, -34, 3, 1, 10, 0]
[-1, -55, 8, 34, -5, -9, -40, 0]
[-2, 26, 45, 34, -8, -3, 25, -1]
[3, -10, -29, -3, 3, 1, -12, -1]
[1, -6, 21, -28, 6, -3, -46, 1]
[-6, 28, -62, 24, 9, 2, 51, 0]
[13, 14, 12, 32, 3, 0, 41, -3]
[-1, -42, 42, 32, -8, -9, -46, -1]
[-3, -92, 12, 14, -4, -1, -23, -2]
[-1, -24, 33, 14, 13, 0, 3, -1]
[14, 67, 19, 9, 2, 5, 4, 1]
[-8, 6, -5, -13, -10, 2, -17, -2]
[-8, -18, 87, -29, -6, -7, -6, -1]
[-2, -18, -14, 19, -3, 2, -19, -2]
[0, 15, 33, 9, 3, -1, -50, -3]
[0, 102, -107, 3, -13, -3, 16, -1]
[-28, 70, -70, -7, -9, -7, 11, 1]
[-6, 56, 55, 40, 13, -2, -4, -2]
[11, -29, -7, -63, -7, -1, -5, 0]
[-1, 25, -14, -13, 2, 1, 14, -3]
[-12, -42, -42, -9, -4, -5, -5, -1]
[-13, 32, 26, 15, 5, 0, 9, 0]
[-10, -58, 6, -17, 6, 3, -49, 0]
[10, -19, 18, 9, 8, 5, 25, 1]
[5, -37, -73, 28, -6, 1, -11, -2]
[3, 38, 39, 36, -1, -3, -5, -2]
[-3, 65, -19, 12, -11, -4, 5, -4]
[0, 22, 26, 15, -1, -9, -20, -4]
[9, -61, -78, -7, -2, -3, 6, -1]
[-2, -72, 19, 2, 2, -2, -27, -2]
[7, -4, 29, -11, 5, 2, -8, -2]
[-7, -2, 35, 30, 7, -3, -3, -1]
[-2, -72, -6, 22, 4, 4, 59, -2]
[-4, 23, -14, 10, 6, -4, 3, -3]
[1, 18, 9, 5, -9, -2, 21, -3]
[2, 7, 18, 18, -11, -3, -8, -2]
[6, 6, 59, -47, -2, 0, 7, -1]
[-5, 70, 3, 0, -3, 0, 44, 0]
[-1, 24, -88, 28, 10, 1, -8, 1]
[-11, -52, 13, -47, -12, -7, -1, -2]
[0, -22, -28, 3, 15, 6, 17, -3]
[-29, -80, 34, -58, 5, 0, -20, -2]
[-3, 19, -36, 46, -5, 2, 26, -2]
[-1, -8, 75, 22, -5, -6, 6, -6]
[-17, 80, -39, -34, -4, 1, 93, -3]
[15, -83, 12, -30, 5, 0, -15, -3]
[12, 43, 53, 3, 5, 0, -6, 1]
[6, -45, -61, -28, -1, -2, 5, -1]
[-2, -52, 84, 11, 0, -3, -65, -3]
[-2, 88, 22, 31, -10, -2, 27, -3]
[2, -52, 50, -12, -3, 3, -1, -4]
[2, -21, 28, -16, -5, -3, 51, -1]
[-1, 25, 18, -15, -10, -2, 55, -3]
[-6, -35, -13, 7, -4, 1, -21, -1]
[-8, -64, 37, 8, 13, 3, -27, -2]
[6, -37, 1, 50, 12, 4, -14, -2]
[-2, -42, -35, -25, -8, -5, -17, -4]
[10, 52, 25, 4, 5, 6, 54, -1]
[3, -37, -21, -45, -9, 2, -6, -4]
[-9, -27, -37, -33, -6, -6, 34, -1]
[-11, 12, -44, -4, -4, -3, -11, -5]
[1, 17, 29, 7, 3, -3, -48, -1]
[1, 48, -96, -43, -6, 4, 35, -1]
[6, 34, 29, -5, 6, -6, 3, -1]
[-4, 67, 1, 34, -4, 3, 24, -4]
[-5, 36, 10, -26, -9, -6, 14, -1]
[-2, -22, -20, -16, -7, -2, 22, 0]
[-1, 21, -14, -1, 13, 3, -16, -3]
[1, -40, -58, -3, -14, -8, 1, -4]
[-1, -12, 9, -7, -1, -2, 15, -3]
[-12, -51, -36, 17, 16, 5, -15, -1]
[-2, 78, -15, 18, 2, -2, -10, -3]
[3, 30, 32, 1, -5, -4, -11, -1]
[4, 10, 4, 7, -10, -2, -50, -1]
[0, 12, -56, -37, -8, -4, 1, -3]
[0, 27, 63, 6, 11, 3, 26, -2]
[2, 51, -10, 23, 6, 0, 18, -1]
[-2, -59, 16, 19, 4, 1, -15, -2]
[2, -32, 28, -6, -3, -5, 15, -1]
[0, 29, 0, -21, -11, -2, 5, -1]
[-7, 46, -65, 32, -3, 8, -1, -4]
[2, 54, -36, -36, 0, 1, 11, -2]
[6, 28, -5, 15, -4, -1, -12, -4]
[-2, -16, 24, -62, 2, -1, -10, -1]
[3, 10, -16, -9, -14, -2, -11, -3]
[-8, -30, 14, -18, -2, -2, 2, -3]
[8, 3, 17, -15, -5, -2, -10, -3]
[0, 27, 66, 15, -3, -2, 27, -2]
[-4, -12, 13, -36, -9, -5, -4, -3]
[-9, -30, -54, 27, 7, -3, -11, -3]
[-1, 76, -67, -17, 8, 4, 3, -1]
[-2, 72, -12, 16, 0, -5, -3, -1]
[-2, 34, 10, -6, -8, -4, 2, -1]
[2, -31, -81, 4, -2, 2, -3, -5]
[17, -2, -5, 3, 3, 1, 20, -3]
[4, -11, -9, 12, 7, 3, -35, -2]
[1, -11, 25, -17, -1, -9, -10, -1]
[-4, 1, -32, 4, -9, -3, 8, 0]
[0, 31, 39, -2, -3, 0, 1, -3]
[-3, -3, 44, 19, -7, -5, -7, -6]
[-8, 29, 67, -32, -2, 3, -3, -4]
[-1, 7, 37, 36, 2, -3, -3, -1]
[-3, -29, 7, -23, 0, -4, -1, -1]
[-17, 15, -18, -35, 2, 2, -2, -3]
[6, 7, 4, -2, 0, 2, 2, -2]
[-1, 36, -35, 17, 4, 1, 4, -1]
[-5, -1, -61, -7, -20, -6, 0, -3]
[0, -29, 42, -1, -1, -1, -4, -1]
[4, -32, 72, 18, -4, -1, 0, -4]
[5, 26, -16, -2, 3, -3, 4, -3]
[-6, 44, -27, 15, 4, 1, -4, -2]
[-1, -58, 6, 5, 14, 0, -7, -2]
[1, 88, -15, -17, -14, -6, -1, 0]
[-7, 2, -41, -5, -9, -7, -4, -3]
[0, -5, -43, 3, 1, 2, 0, -2]
[2, -93, 39, -37, 3, -3, -3, -4]
[-3, 26, -19, 32, 2, 2, 0, -1]
[-2, 26, -8, 20, 0, -1, 1, -2]
[-3, -9, 13, 22, -6, -4, -3, -4]
[-3, -13, -44, 19, 3, -1, -2, -3]
[-2, -10, 4, 9, 7, 1, 0, 0]
[-23, -5, 60, -1, -5, -1, -6, -2]
[6, 53, 40, 18, 4, 0, -1, -1]
[4, 15, 62, -17, -3, 0, 1, -1]
[-5, 29, -30, -4, -4, -5, 1, -1]
[0, -3, -51, -32, 18, 12, 4, -2]
[2, -10, 7, -9, -5, -1, -2, -1]
[7, -27, -33, -3, 5, 2, -1, -1]
[2, 17, -35, 5, 14, 1, -1, -3]
[3, 7, 31, -16, 1, -3, -5, -3]
[-3, 0, -75, -30, 2, 3, -2, -2]
[5, -18, 0, 6, 10, 10, 2, -2]
[-3, 22, -36, -18, -15, -3, 4, -1]
[-5, -8, 65, -9, -4, 1, 6, -4]
[-8, 19, 31, 19, -8, -1, 5, -2]
[-14, 12, -73, -5, 7, 2, -16, -3]
[-2, -16, -72, 8, -3, 4, 8, -2]
[-1, -30, 15, -3, 6, 1, 6, -3]
[6, -19, 67, 21, -11, -3, 15, -5]
[16, 8, 53, 15, 8, 0, -6, -2]
[-5, 41, 37, 10, 1, -3, 4, -1]
[5, -17, 12, 13, -3, -4, 1, -2]
[3, 50, 56, -22, 5, 2, 3, -4]
[-3, 36, -20, -6, -7, -1, -5, -1]
[14, -7, -59, 21, -5, -3, 20, -3]
[-2, 4, 67, 2, 11, 6, 4, 0]
[-4, 36, -58, -3, -6, -4, 0, -4]
[-6, -29, 17, -15, -2, 0, -3, -2]
[-2, -25, -21, 12, 11, -2, -7, -2]
[-7, -53, 63, 4, 2, -3, -5, -4]
[-2, 50, 11, 11, 1, 9, 4, -3]
[5, 25, 11, -24, 0, 4, -4, 0]
[-7, -4, -56, 12, -3, -6, -4, -4]
[1, 7, -41, 35, 5, -6, -1, -4]
[-4, -15, -3, 1, 2, -3, 0, -2]
[-4, 18, 19, 4, -1, 3, 3, -4]
[0, 26, -11, -25, -10, -7, -1, -2]
[-1, 1, 8, -3, -13, -3, 2, -3]
[0, 25, -5, -2, 2, -3, -4, -1]
[0, -13, 1, -19, -12, -9, 0, -3]
[6, 23, -22, -10, -1, -7, -2, -2]
[2, 58, 15, -20, -2, 1, -3, -4]
[0, 25, -32, -10, -1, 0, -2, -1]
[6, -25, 61, -3, 7, 1, 5, -2]
[-24, -59, -29, 5, -1, 1, -1, -3]
[10, 20, 11, 20, 12, 6, 2, -3]
[-2, 9, -16, -12, -5, -3, -1, -2]
[-2, -43, 28, 0, -2, -2, -1, -3]
[-1, 46, -7, -2, -9, -2, 4, -2]
[-4, 29, 2, -7, -11, -1, -2, 0]
[-21, -23, 79, -14, 10, 2, -1, -4]
[7, -74, 10, -27, 1, -3, -1, -4]
[-7, 7, -88, -21, 4, -7, 0, -3]
[0, 29, -21, 30, 5, 9, 0, -1]
[3, 5, -56, 14, -7, -5, 2, -2]
[3, -5, -9, 18, -3, -1, 1, -3]
[-2, -8, 6, 12, 12, 4, -2, -3]
[4, 56, 13, 33, 8, 1, 4, -4]
[-4, 8, -95, -11, -5, -4, 1, -5]
[1, -6, 27, -13, -12, -8, -4, -2]
[7, -33, 52, -17, 3, 8, -2, -2]
[-1, 28, 11, -16, 4, -1, 0, -1]
[1, -4, 9, -11, 14, 1, 3, -3]
[5, -50, -32, 4, 9, -1, -4, -2]
[-9, 18, 61, 0, 4, 10, 4, -3]
[4, -41, -23, -5, 4, -3, 0, -4]
[11, 38, 12, 5, 2, -3, -3, -2]
[-3, -26, 11, 8, 2, -3, -1, -3]
[3, -7, -43, -16, -8, -6, -3, -2]
[-6, -19, 34, 17, 4, 3, 6, -4]
[-1, -19, -7, 19, -2, -2, -6, -3]
[-2, -76, 9, -19, 2, 4, -7, -3]
[-17, -8, -101, 13, -7, 0, -3, -3]
[2, 45, 48, 30, -5, -3, 2, -2]
[-5, 27, 78, -10, -4, 0, -2, -3]
[6, -4, 51, -9, -11, -4, -1, -4]
[-5, 15, -11, 8, 0, 0, 3, -2]
[7, 29, -5, -6, -7, -2, -4, -3]
[2, -6, 3, 14, -7, 2, -4, -4]
[1, -37, -35, -1, -15, -7, 6, -3]
[-6, -33, -73, -24, -2, -1, -2, -5]
[-7, -17, 9, -4, -7, -4, -1, -4]
[-7, 9, 16, 20, -2, -3, -4, -2]
[-3, 0, -82, -13, -11, 3, 2, -3]
[9, -1, 65, 8, -2, -1, 2, -2]
[12, 10, 60, -26, 8, 1, -3, 0]
[-1, -34, 34, 16, -3, -6, -3, -5]
[-11, 28, -34, 31, 1, 1, 5, -3]
[2, -14, 19, -1, -1, -2, -5, -3]
[-1, 9, 17, 0, 2, 2, -1, -3]
[0, 19, 40, -8, 2, -1, -1, -3]
[-9, 6, 15, 32, 6, 6, 0, -5]
[4, -31, -29, -26, -16, -4, -4, -2]
[3, 21, -21, 13, -2, -5, 1, -2]
[-4, 31, -22, -2, 12, 9, 0, -1]
[-3, 12, -3, -1, 0, -2, 5, -3]
[5, 10, 1, 12, 15, -2, -3, -4]
[-5, 48, -5, 45, -8, -7, -3, -1]
[-1, 0, 37, -25, -11, 3, 0, -4]
[-9, 54, -31, 4, -13, 1, 1, 0]
[2, -39, -9, -36, -5, 1, -4, -2]
[2, -2, -13, 12, -6, -9, 0, -3]
[5, -36, 2, -22, -3, -1, 3, -3]
[-2, 0, -10, 4, 5, 0, 3, -2]
[-4, -37, -16, -55, 0, -7, -5, -4]
[-7, 21, 21, -31, -10, -1, 0, -3]
[6, 87, 1, 12, 11, 1, -3, -2]
[1, -9, 0, -2, 1, 0, -2, -4]
[0, 10, 41, -32, 1, -6, 0, -2]
[3, -1, 6, 1, 9, -3, -3, -9]
[3, -19, 48, 6, -3, -5, 0, -1]
[-5, -17, -18, 4, 12, 1, -1, -3]
[-2, -3, 28, 20, -1, -2, -3, -5]
[-6, 19, -47, 13, 3, 3, 6, -2]
[1, 50, 56, 17, 11, 12, 5, -2]
[4, -24, -5, 8, 8, 5, 2, -2]
[-5, -16, -65, -12, -12, -7, -2, -3]
[-8, -80, 29, -25, -4, 0, -4, -9]
[-4, 17, -30, -23, -12, -1, -4, 1]
[-1, 34, -14, -11, -7, -6, -1, -3]
[-2, -39, 15, 3, -1, 1, 0, -2]
[-20, 10, 7, -3, 9, 4, -2, -3]
[-3, -14, 0, 26, 14, 1, 2, -3]
[4, -11, 45, -26, -6, -3, 0, -3]
[1, -28, 12, -30, -7, -2, 1, -4]
[-3, 105, -33, -4, 2, 0, -1, -3]
[-5, -42, -18, -7, -7, -1, -1, -5]
[-7, -15, -7, -18, -3, 1, 1, -4]
[1, 4, -39, -5, 0, 0, 1, -3]
[-6, -2, 29, 15, -2, -1, -3, -4]
[3, 55, -53, 6, -5, -4, 1, -2]
[4, -31, 32, -1, 1, 0, 0, -4]
[-18, 63, -7, 25, 5, -1, 4, -1]
[2, 25, 10, -3, 1, 3, -3, -3]
[-1, -51, 21, 8, -1, -1, 0, -3]
[3, -29, 6, -3, -12, -8, -2, -4]
[-2, -9, -15, -14, -1, -1, -2, -2]
[-3, -17, 36, 8, 5, 2, -1, -2]
[2, -33, -64, -13, 6, 0, -1, -2]
[9, 18, 23, 25, -3, 3, 0, -3]
[5, 10, -27, -18, 9, 5, -1, -2]
[2, 0, -10, -12, 5, 0, 2, -4]
[0, 12, -8, -5, -1, 2, -1, -3]
[11, 7, -35, -46, 9, 3, 1, -3]
[6, 55, 81, -14, -10, -1, 2, -4]
[8, 7, 19, 21, 10, 3, -1, -4]
[-4, 42, -67, 5, -6, -1, -4, -2]
[-4, -14, -52, 1, 1, -1, 0, -3]
[0, -9, -13, 15, -4, -1, 5, -3]
[-10, 6, 29, -19, -6, -3, -1, -2]
[-5, -6, 38, -7, 2, 0, -1, -4]
[-4, -14, -21, 5, -21, -10, -3, -2]
[1, 23, -18, 11, -3, -2, -1, -3]
[9, 26, 4, 18, -3, -2, 3, -3]
[-8, -29, -26, -6, 10, -1, -4, -1]
[5, 18, -15, -28, -19, -6, -1, -3]
[-9, -49, -29, 11, 4, -3, -3, -4]
[-11, -3, -52, -5, -17, -13, 0, -3]
[-2, -35, -11, -11, 19, 8, -2, -2]
[-3, 44, 47, 23, -15, -10, -2, -3]
[3, 72, 32, 7, 4, -3, 0, -4]
[-27, -102, -1, -7, -4, 3, -4, -6]
[7, -35, 55, 29, -1, -2, -2, -3]
[3, 31, -11, -13, 5, 0, -1, -2]
[1, 2, -1, -3, -3, -5, 0, -4]
[6, -37, 5, -21, -5, 2, -3, -3]
[4, 11, -69, -15, -5, 4, 1, -3]
[5, 93, 49, -28, 11, -9, -10, 0]
[8, 41, -41, 14, -8, -3, 2, -4]
[0, 13, -2, 19, 0, -3, 0, -3]
[-1, 12, -7, -2, -5, 3, 4, -4]
[1, -61, -53, 4, 22, 7, -2, -3]
[-6, 30, -36, -16, -17, -9, 0, -4]
[-4, -21, 5, -6, -1, -2, -4, -5]
[-2, -21, 15, -22, -6, -2, -1, -4]
[3, -22, -19, -5, 6, 5, 2, -3]
[7, -24, 29, 3, -12, -3, 3, -4]
[-1, -10, 25, -26, 1, -2, -2, -3]
[1, 21, 15, 26, -5, -7, 3, -4]
[-4, -15, -53, 4, -1, 1, 0, -3]
[2, -34, 95, -2, 13, 5, -1, -3]
[-14, 28, -67, 15, -15, -3, -5, -4]
[-3, 8, -12, -18, -8, -6, -4, -2]
[3, 5, -50, -11, 14, 4, 3, -5]
[-2, 65, -66, 4, -4, 1, 3, -3]
[2, 86, -46, 31, -12, -4, 5, -3]
[3, -28, 105, 20, -7, -4, -2, -3]
[-4, -48, 22, 33, -1, -5, -39, -3]
[1, 127, -21, -7, -2, -2, 44, -2]
[-30, -118, -13, -4, 13, 2, -6, -5]
[-1, -101, -45, -26, 0, -13, -67, -8]
[7, 8, 51, -6, 8, -4, -18, -3]
[1, -58, -21, -5, -18, -5, -15, -4]
[-1, 5, 32, -16, -3, 4, 53, -2]
[-3, 22, -27, 1, -10, -1, -29, -5]
[17, -47, 32, 1, 2, -3, -1, -5]
[-7, 88, -18, -22, -14, -5, 8, -2]
[7, -42, 24, -34, 4, 4, 40, -3]
[2, -31, 21, 6, 1, 5, 24, -4]
[-1, -20, -13, 1, 1, -1, 23, -6]
[-1, -35, 19, -4, -6, 0, -16, -3]
[-3, 56, -28, 8, -3, -1, 4, -2]
[-9, 8, 27, 45, 5, 2, -1, -4]
[1, 55, 36, 40, 11, 0, -21, -3]
[-8, 38, 7, 9, -18, -1, -4, -4]
[-16, -36, 10, -10, 0, -4, -1, -5]
[-5, 23, 56, -36, 12, 5, -18, -3]
[16, 63, -10, -4, 3, -1, -7, 2]
[-9, -11, -88, -1, -5, 1, -20, -4]
[-18, 59, 32, 23, 2, -5, -47, -3]
[7, 55, -53, -19, -3, -3, 26, -4]
[-2, -8, -66, -5, -16, -6, -29, -5]
[1, 43, -7, -21, -16, -11, 7, -2]
[11, -102, 90, -17, 4, -1, 11, -3]
[-4, -89, -13, 8, -5, 1, -18, -6]
[-4, 6, -30, 28, -4, 2, 13, -5]
[10, 92, 37, 22, -8, -4, 46, -3]
[-5, -60, 44, -2, 0, -1, -3, -4]
[2, -80, -2, -4, 19, 0, 10, -6]
[0, -37, -53, -11, -2, -3, 5, -4]
[-4, 57, -48, -5, 29, 6, 2, -5]
[0, 55, -43, 18, -9, -8, -79, -1]
[-6, -44, -45, 33, -9, 8, 5, -4]
[2, 24, 27, -14, -11, -10, -37, -4]
[15, 11, 31, -25, 16, 7, -25, -4]
[12, -34, 17, 25, -11, -6, -44, -6]
[8, 81, 23, 6, 11, 1, 25, 3]
[1, -88, 93, 2, 13, 1, -42, -4]
[8, -9, 43, 2, 3, 1, -38, -6]
[-6, -1, -2, 10, 0, 3, 9, -4]
[-8, 46, -1, -12, 2, 3, 29, -2]
[12, -127, -36, -42, 0, -3, -61, 1]
[-5, -24, 20, 39, 32, 10, 30, -9]
[-2, -107, 23, 38, 23, 7, 20, -6]
[-18, 127, 20, 34, -17, -7, -22, -3]
[8, -55, 44, 44, -1, 0, 25, -6]
[-7, -34, 37, 0, 1, -4, 25, -8]
[2, 98, -25, -4, 11, 5, 20, -1]
[-34, -3, -31, -12, -25, -9, -11, -7]
[-8, -38, -51, -26, -8, -6, -62, -6]
[15, -51, 53, -7, 3, 1, 33, 0]
[5, -14, 67, 27, 8, 1, -21, -5]
[-28, -38, -11, -28, -32, -12, 34, -6]
[-8, -28, -96, -4, -8, 0, 21, -4]
[27, -12, 6, 0, 6, -1, -4, -2]
[5, 46, 100, -7, -3, 3, 26, 1]
[-1, -38, 46, -49, 6, 6, 17, -7]
[8, 42, -70, -29, -5, -4, -25, -1]
[0, -3, 2, 46, 21, 2, 1, -5]
[8, -20, 113, 5, 5, 1, -21, -5]
[-7, 16, -13, 31, -6, 2, 11, -5]
[-5, 81, -73, 23, -18, -4, 90, -6]
[-5, 18, 63, 20, 5, 2, -17, -4]
[-6, -48, -61, -20, 11, 12, 14, -4]
[8, -58, 17, 4, 2, -4, -25, -5]
[-15, -57, 3, -19, 2, 4, 16, -6]
[-2, 28, -60, -27, -11, -6, -6, -5]
[-13, 9, -44, -44, 8, 1, 4, -4]
[16, 34, 10, 15, 7, -3, -35, -2]
[4, 62, -11, -11, 1, 1, -31, -2]
[-8, 51, 12, 20, -10, -5, 45, -1]
[8, -6, 55, 12, -11, -3, -19, -4]
[4, 42, 18, 42, 5, 3, -4, -4]
[-3, 41, 33, 22, -5, -13, -32, -5]
[17, 9, -41, -16, -5, -3, -16, -4]
[-1, 40, 38, 16, -7, 0, 3, -4]
[-1, 68, 4, 35, 17, -3, 13, -3]
[-4, -38, 1, -36, -11, -9, -54, -3]
[0, 14, -17, 32, 15, 6, -5, -5]
[1, -17, 27, -22, -7, 1, 1, -4]
[-6, -43, 22, -26, -3, 2, -2, -4]
[10, 9, 64, 16, 3, -2, -7, -4]
[-6, 8, 18, -9, -4, -4, 3, -4]
[-2, 25, -72, 29, -4, 10, -55, -4]
[2, 48, 58, 11, -6, 3, 17, -3]
[-7, 82, 30, 31, -5, -8, -55, -4]
[2, -32, 31, -18, 0, -2, 28, -5]
[-5, -11, -23, -16, 10, 2, 20, -3]
[-8, 6, 12, 0, 7, -2, 7, -3]
[-3, -51, -67, -1, -13, -5, -76, -3]
[-5, -2, -35, -17, 19, 14, -29, -5]
[1, 29, -39, 35, -14, -3, 36, -5]
[-2, 2, -90, -11, 16, 6, 13, -4]
[0, -33, -2, -27, -7, -6, -51, -4]
[-4, -11, 29, -24, -1, -3, 33, -4]
[-11, 22, -3, 4, -13, -8, 3, -6]
[2, 32, 12, 4, 8, 0, -14, -5]
[2, -12, 8, 21, 15, 5, 13, -4]
[-10, 78, -7, 9, 0, -8, -9, -6]
[1, 28, -20, 5, -6, -1, -12, -4]
[2, -12, 77, 16, 11, 9, -7, -5]
[6, -11, 34, 19, -1, -3, 3, -5]
[-7, -6, -14, -3, 2, 0, -49, -3]
[-6, -28, 11, -2, -9, -1, -2, -5]
[6, -45, -25, -14, 7, 4, -6, -5]
[0, 3, -45, 0, 0, -2, -8, -3]
[-7, -24, -33, -8, -10, -6, -14, -4]
[-5, 21, 63, 20, 1, 0, -29, -3]
[-8, -75, 19, 17, 2, 1, 8, -4]
[4, -38, 69, -43, 19, 6, 0, -5]
[-1, -65, -40, -5, -16, -5, 1, -5]
[-1, 8, -37, -7, -3, -4, 3, -5]
[12, 36, -36, 8, 31, 16, 10, -3]
[-23, -5, -12, -25, -9, -13, 0, -4]
[8, 38, 10, -32, -5, 2, -8, -4]
[0, 30, 63, 40, -10, -1, 7, -4]
[-1, -53, 9, 8, -6, -3, -10, -7]
[-8, -22, 99, 54, -7, -3, 36, -8]
[1, 22, -33, -24, 7, 4, 0, -4]
[2, 3, -6, -11, 4, -1, 6, -5]
[8, -26, 45, 14, -1, -9, -13, -7]
[7, -9, 3, 44, 26, 16, 8, -5]
[-2, 79, -62, -8, -16, -7, 7, -5]
[0, 51, 83, -1, 2, 3, -1, -5]
[8, 15, 30, 13, -8, -7, -2, -5]
[8, -51, 23, -27, 30, 7, 6, -5]
[-15, -24, -44, -24, -37, -4, 0, -3]
[-9, 23, -58, -7, -14, -3, -1, -5]
[4, 1, 19, 19, 13, 2, -2, -3]
[0, -18, -29, 12, -14, -4, -6, -8]
[2, -23, 88, 8, -1, -3, 2, -3]
[15, -23, 60, 3, 3, -2, -3, -4]
[-2, -9, 27, 8, -4, -3, -2, -5]
[0, -37, 64, -18, 16, 10, 1, -5]
[4, 34, -76, -7, -2, 0, -3, -4]
[0, 40, 35, 2, -5, -8, 0, -4]
[-28, 12, 66, 22, -5, 2, 1, -4]
[3, 80, 59, 31, -4, -3, 1, -4]
[4, -10, -52, 11, 0, 3, 1, -5]
[-4, -82, -105, -24, -9, -13, -7, -5]
[8, 20, 11, -26, 4, 2, -5, -4]
[3, 17, -40, -3, -3, -4, -5, -3]
[-8, -38, -38, -49, -2, 3, -1, -4]
[3, 26, -14, 8, -14, -10, 1, -3]
[-1, -11, 18, 7, -9, -8, 4, -4]
[3, 22, 5, 19, 11, 0, -1, -4]
[-10, 37, 20, 3, 5, -1, -2, -4]
[-5, -26, -41, -7, -3, -3, -2, -5]
[-4, 29, 6, 3, 3, 9, 4, -4]
[-11, -30, 62, 1, -6, -2, -2, -4]
[-1, -22, 33, -12, -3, -7, -2, -6]
[-2, -29, 23, -1, 10, 2, -3, -5]
[3, 14, -26, -11, -9, 3, -1, -5]
[-3, -14, -45, 10, -11, -3, -3, -4]
[2, 37, 36, 15, 8, -2, 3, -6]
[2, 26, 34, 9, 2, -3, -2, -5]
[1, -2, -15, -23, -6, -6, -1, -4]
[-1, -35, -17, -17, 0, 9, -1, -4]
[0, 4, 48, 19, -11, -2, -2, -4]
[4, -46, 35, -2, -2, -8, -4, -4]
[-3, 115, -73, -18, -12, 1, -1, -4]
[-3, -32, 7, 4, -10, -9, -2, -5]
[-3, -27, 58, -30, -10, -5, 0, -4]
[-4, -4, 13, 39, 4, -2, -2, -5]
[-6, 23, -37, 21, 13, 2, 2, -5]
[-2, -43, -16, -13, 2, 4, -1, -12]
[-2, 10, 1, 18, 12, -2, 2, -5]
[-6, -30, 9, 8, 0, 0, -4, -6]
[2, 19, -2, -2, -12, -8, 2, -5]
[-1, -9, -1, -28, -12, -1, -3, -5]
[-4, 88, -4, 3, -14, -5, -2, -5]
[-4, -22, 40, 15, -8, 0, 0, -6]
[-1, -17, -74, -8, -9, -5, 0, -4]
[3, 15, 44, 14, -4, 1, -1, -4]
[-6, 23, -50, -5, -9, -7, -6, -6]
[-20, -72, 44, 17, 0, 6, 2, -5]
[3, 50, 23, 35, 5, -5, 0, -5]
[-12, 28, -100, -38, -12, -11, -4, -4]
[18, -47, 8, -3, 16, 11, 3, -5]
[-7, -10, -82, 20, 4, 0, -3, -6]
[4, 1, -6, -25, -8, -2, -1, -5]
[-12, -37, -2, -42, -8, -3, 3, -4]
[2, 27, -9, 17, -10, 1, 1, -5]
[-1, -39, 0, -22, -11, -5, -1, -6]
[-2, 34, 86, 43, 7, 1, 1, -4]
[4, 12, 49, 8, 6, 1, 2, -5]
[19, 53, 30, -19, 0, -3, -2, -2]
[-5, -19, -11, -17, -10, -8, 2, -5]
[-3, -16, -28, 14, 11, 2, 0, -5]
[-12, 51, -19, -3, 2, -2, -4, -2]
[-1, 48, -13, -6, 10, 7, -1, -5]
[10, 64, 0, 31, -6, -8, 4, -6]
[3, -17, -86, 9, -6, 0, -3, -5]
[-7, -64, -17, -7, -17, -12, -4, -5]
[0, -13, 61, 0, -3, -3, -1, -6]
[2, 13, -19, -2, 5, 4, 0, -4]
[-1, 4, -26, -2, 9, 2, -5, -5]
[-4, -46, -22, 21, 10, 1, -7, -4]
[9, 10, 34, -46, -7, -2, -5, -3]
[0, -21, -1, -19, 5, 5, 0, -5]
[-2, 7, 26, 4, 1, -4, -1, -8]
[-5, 15, 3, 9, -6, -6, -2, -5]
[0, -10, 20, -19, -8, -4, 0, -6]
[-2, -6, -1, 3, -2, 0, 0, -4]
[6, 68, -53, 3, 5, 4, 0, -5]
[4, 115, -66, 5, -6, 1, -1, -4]
[5, 19, 43, 9, 6, 2, 6, -3]
[9, -26, 38, 23, -8, 2, 2, -5]
[-2, 2, -29, 32, 12, 0, -6, -6]
[-1, 52, -17, -7, -1, -1, -2, -7]
[-8, 29, -42, 11, 2, -3, 0, -4]
[7, 42, -41, -31, -11, -3, 0, -6]
[-5, -33, -14, -3, -1, 3, 0, -5]
[5, 33, 2, -8, 5, -1, -4, -4]
[-4, -37, 46, 41, -5, -5, -3, -5]
[-1, 40, -65, -18, -12, -2, 2, -6]
[-1, -14, -11, -4, 7, 3, -1, -5]
[-4, -21, 12, -49, 9, 1, -2, -4]
[-2, -28, -21, 0, 10, 2, -1, -5]
[-3, -1, 18, -5, 0, -8, -2, -5]
[6, 67, -24, 18, 4, -6, 1, -5]
[2, -12, -17, -6, -9, -6, -4, -5]
[2, 3, -50, -3, -14, -13, -10, -5]
[-1, -2, 35, -1, -16, 0, 4, -6]
[4, -8, 57, 16, 23, 16, -2, -4]
[4, 51, -31, -8, -3, -5, -4, -3]
[-3, -31, 7, -18, -3, 0, 0, -6]
[8, 91, 53, 29, 4, 1, 0, -6]
[4, -17, -19, 4, -10, -1, -1, -5]
[0, -11, 68, -11, 2, -5, -5, -5]
[2, 1, -8, -11, 1, -2, -11, -5]
[-5, 85, -26, 4, -2, 2, 0, -6]
[-1, 60, -49, 9, 5, 2, 7, -5]
[4, 38, 15, -16, 7, -3, 3, -3]
[-4, -48, -13, 7, -7, 27, 2, -5]
[8, -10, 9, 6, 2, 1, 10, -5]
[2, -59, -17, -5, -25, -7, -1, -6]
[-2, -54, 52, 3, 15, 11, 2, -10]
[5, 22, 19, 21, -4, 2, 1, -5]
[2, 6, -21, -15, -3, 1, 1, -5]
[5, -19, -124, 3, -2, -16, -2, -5]
[6, -18, 24, 27, 8, 2, -3, -6]
[4, 22, 21, 7, -1, -4, -3, -4]
[-4, -15, 14, 25, -16, -10, 3, -4]
[-8, 83, -76, -18, 12, -3, -1, -6]
[-3, 18, 3, 20, -10, -1, 1, -5]
[0, 2, -27, -13, -3, -2, -2, -4]
[-2, 63, -37, -5, -9, -1, -3, -4]
[5, 19, 20, -12, 5, -1, -1, -5]
[3, -9, 16, -1, 11, -6, 0, -5]
[3, 42, 44, -19, 7, 1, -1, -2]
[0, -5, 24, 15, -6, 1, 1, -5]
[4, -25, 27, -5, -9, -6, 3, -10]
[3, 0, -81, 29, -2, 2, 1, -7]
[-3, 8, -37, 24, -24, -7, 1, -6]
[-3, 39, -9, 12, 12, 5, 2, -6]
[-2, 7, 7, 13, -16, -8, 0, -5]
[-2, -56, -43, -28, 2, -2, -1, -5]
[7, 17, 84, 26, 0, -8, 1, -5]
[-3, 24, -10, 21, 2, 5, 1, -7]
[-3, 6, 24, 9, 8, 1, 1, -6]
[5, 25, 18, 1, 6, 6, -5, -6]
[-4, 6, 30, 5, 24, -4, 1, -6]
[0, 33, -23, 10, -11, 1, -4, -5]
[1, -4, -45, 17, 1, -5, 3, -7]
[-2, 56, 10, -12, -10, -3, -1, -5]
[-5, -47, -27, 18, 1, -8, -3, -5]
[-1, 9, 30, 1, -10, 3, -3, -6]
[7, -29, 29, -11, -6, -12, -1, -6]
[-4, -53, -17, -2, 3, 6, 0, -5]
[2, 32, -33, 17, 17, -3, -2, -6]
[-1, 16, -6, 29, 17, -3, 1, -4]
[-3, 21, 18, -5, 17, 6, 3, -4]
[-2, -3, 7, 10, 2, -5, -1, -6]
[1, 28, -22, 17, 25, 21, 2, -6]
[-1, -30, -19, -29, -18, -9, -5, -3]
[3, -51, -18, 2, -3, 1, -3, -5]
[-6, -42, 12, -38, -9, -9, -3, -6]
[2, 11, -12, -2, 1, -1, 1, -5]
[1, 50, -26, 22, 1, 5, 1, -5]
[3, -21, -11, -25, -1, 2, 1, -5]
[3, 35, 22, -16, 9, -1, 3, -2]
[3, -29, 0, -21, -7, 1, -5, -7]
[-7, 26, -10, 14, -7, -4, -1, -6]
[-2, 81, 77, 7, -17, -7, -4, -6]
[-7, 73, -24, 56, 0, -3, -24, -7]
[11, 10, 42, 7, -16, -7, 26, -6]
[2, 9, 50, 15, 3, 0, 11, -6]
[-10, -33, -52, 0, 9, 2, -20, -7]
[-11, 39, -22, 10, 10, 6, 23, -4]
[5, -26, 3, -47, 5, 14, 23, -7]
[-6, 39, -16, 20, -15, -1, 2, -5]
[1, 75, 16, -26, -3, -9, -87, -3]
[3, -22, 70, -8, 13, 3, 19, -3]
[-4, 79, 34, 51, -2, -7, -15, -2]
[0, -112, 22, 0, 0, -1, 1, -6]
[1, -22, -36, -29, -6, -3, 31, -5]
[-7, -20, -93, 37, 5, 8, 101, -8]
[0, -32, -12, -5, -6, -2, 41, -4]
[2, 11, 20, -33, -9, -2, -1, -7]
[6, -105, -12, 20, 0, -5, -7, -8]
[1, -10, 53, -14, -8, -8, 24, -6]
[0, 79, -38, 50, 6, 6, -49, 1]
[2, 58, -57, 9, -3, 1, 1, -5]
[3, -62, 75, -41, 1, -4, 25, -4]
[-14, -47, 46, -6, 11, 3, -2, -7]
[9, 31, -26, 8, -1, 2, -25, -6]
[-2, -73, 53, 6, 11, 11, -34, -13]
[-1, 70, 2, -9, 2, 1, 7, -6]
[2, -33, -4, 23, -4, -1, 33, -4]
[-5, 37, -32, -39, -16, -3, -20, -3]
[-4, -17, -65, -18, -19, -8, -15, -7]
[-2, -39, 46, 9, -2, -3, -68, -7]
[-18, -65, 65, -11, 11, 4, -24, -5]
[-5, 82, -33, 19, -27, -6, 48, -5]
[-9, 78, -15, -47, -6, -2, 8, -7]
[-4, 11, -48, -26, 4, -3, -45, -8]
[-2, -76, -2, 28, -14, -5, -12, -7]
[1, -16, 50, 49, -9, 0, 20, -7]
[4, 36, 70, 22, -1, -2, 11, -3]
[-2, 14, -30, 10, 0, 2, -38, -5]
[-6, 2, -80, 25, -7, 5, -30, -5]
[0, 30, 67, 9, -3, 0, -26, -5]
[11, 15, -48, 34, 14, 7, 9, -4]
[1, -48, 94, -27, 16, 2, -61, -7]
[-28, -22, 31, -8, 1, -2, 44, -5]
[-3, 103, 2, 49, -9, -6, 32, -5]
[4, 36, -27, -28, -5, -8, 40, -7]
[14, -9, -30, -28, 3, -1, -25, -3]
[-2, -108, -50, 28, 1, -8, -77, -6]
[-8, 30, 89, 24, 16, 6, -3, -6]
[7, -15, 53, -6, 5, 4, 53, -4]
[-2, -10, -37, 29, 8, 0, 24, -7]
[2, 22, 6, -30, -1, -7, 16, -6]
[6, -32, -38, 27, 0, 0, 2, -6]
[3, -1, -43, 8, -9, -5, -41, -5]
[-2, 18, 16, 16, 6, 6, 57, -3]
[2, 42, 0, -7, -4, -8, -8, -7]
[-7, 81, 127, -3, -17, -6, -52, -4]
[0, -71, -63, 10, 12, 11, -15, -10]
[4, 10, 49, -8, 7, -3, -20, -5]
[-3, 25, -9, -12, -8, -6, 23, -6]
[-8, -69, 13, 11, -4, -3, -7, -12]
[-7, 43, -35, 18, 6, 11, 85, -7]
[12, -64, -20, -30, 0, -1, -15, -5]
[7, -16, -11, -53, -12, -12, 28, -4]
[-17, 15, 10, 26, -6, -6, -15, -6]
[-9, 18, -27, 21, 8, 15, 17, -8]
[-15, -93, 31, 21, 9, 12, 62, -9]
[-8, 56, -4, -9, 9, 1, -5, -3]
[10, -23, 33, -38, 7, -2, -65, -2]
[-2, 90, -68, 27, 11, 3, -10, -6]
[1, 28, -19, 10, 1, 1, 14, -5]
[1, 5, -17, -48, -8, 4, -7, -6]
[-1, -35, -7, -20, -5, -3, -16, -6]
[4, 18, -14, -13, -14, -6, -1, -5]
[3, -10, -22, 13, -11, -6, 3, -7]
[1, -8, -9, 2, 0, 0, -4, -6]
[4, 21, 26, 8, 4, -3, -38, -5]
[-4, 50, -74, -16, 7, 4, 7, -8]
[10, -7, 20, -16, -3, -1, 13, -5]
[-8, -20, 54, -41, -10, -14, -29, -6]
[-6, -38, -41, 21, 17, 3, -5, -4]
[-9, 19, 30, 69, 0, -4, -1, -6]
[-2, -23, -48, -23, -19, -12, -11, -7]
[-6, 11, 21, 0, 6, 5, 11, -7]
[-3, -21, -14, 28, -1, 10, -18, -7]
[-2, -3, -3, -3, 4, -1, 39, -7]
[3, -38, -20, 0, 6, -3, -3, -6]
[0, 2, 40, 16, -1, -9, -21, -5]
[0, 16, 43, 18, 2, -3, -18, -7]
[-1, -25, -43, -19, -12, -3, -6, -6]
[-6, 39, -12, -3, -17, 5, 2, -7]
[-4, 17, -35, 17, -5, 0, 28, -5]
[-1, 17, -59, -17, -8, -3, -6, -6]
[-2, -14, -92, 4, -3, -2, -20, -6]
[10, 4, 45, -43, 6, 3, -5, -6]
[2, 3, -8, 17, 8, -1, -4, -7]
[5, 14, -4, -46, -19, -18, -11, -5]
[-3, 19, -4, -12, -5, -1, 14, -6]
[6, 20, -95, -19, -4, 2, 15, -4]
[1, 6, 56, 6, 16, 2, -10, 0]
[-4, 3, 21, 24, 4, 6, -11, -9]
[-1, -32, -5, 28, -8, -3, -13, -8]
[-4, -65, 68, 7, 0, 1, -12, -8]
[-4, 51, -10, 9, 5, 8, 5, -6]
[-4, -99, 3, -31, 7, 5, -2, -10]
[-3, 2, 17, 13, -7, -13, 1, -5]
[4, -5, -63, -30, -5, 2, -1, -8]
[-6, 24, 35, 18, 3, 1, -1, -7]
[-1, 5, 25, 51, 7, -4, -1, -5]
[-7, 60, -16, 9, 0, 5, -1, -5]
[-8, 9, -67, -13, -10, -4, -3, -6]
[4, -22, 39, 1, 7, -5, 4, -6]
[-11, -23, -29, 12, 5, 7, -3, -6]
[6, 6, 79, 18, 0, 6, 0, -6]
[-4, 63, -10, 5, -1, 2, 0, -8]
[1, -3, -104, 2, -2, 4, 0, -6]
[2, 19, 25, 4, 15, 2, 2, -7]
[-5, 6, -89, -15, 6, -5, -38, -8]
[-2, -5, 49, 19, 11, 0, 2, -9]
[2, -27, 13, -10, -2, -8, 3, -6]
[0, -59, 30, -9, -15, -9, -11, -7]
[1, 25, 11, -18, -15, -7, 16, -7]
[-4, 20, 54, -8, 11, 5, -11, -5]
[2, -16, 50, -39, -10, -13, 0, -6]
[0, -1, -37, -8, 5, 2, -2, -8]
[5, -41, -6, -24, -3, 1, 31, -8]
[20, 73, 47, -4, -9, -5, 7, -4]
[7, -31, 15, 16, 20, 5, -3, -6]
[0, -80, 28, -44, 4, 1, 18, -7]
[-13, -13, 35, 13, 2, -2, 48, -7]
[-4, 16, -74, -31, -4, -6, -11, -6]
[5, 59, -20, -1, -13, -11, -17, -4]
[0, 73, -23, 1, -6, -2, -8, -7]
[-5, 6, -94, -22, -10, -4, -28, -9]
[12, -65, 0, 28, 18, 8, -11, -7]
[-3, 88, -52, 8, 1, 2, -14, -5]
[1, -30, 5, -30, 7, -5, -34, -7]
[-7, 24, 21, 44, 14, 4, 4, -6]
[6, -31, 1, 6, -3, -2, -70, -7]
[12, 20, 4, -13, 6, 1, 14, -8]
[1, -21, 15, -17, -8, -4, 20, -6]
[7, -43, 31, 2, 7, 5, 14, -5]
[3, -9, -6, -4, 5, 4, 13, -6]
[3, -1, 25, 17, -8, -5, -24, -5]
[-11, 11, -21, 7, -10, 0, 19, -6]
[-2, -23, 1, -10, -5, -3, -68, -9]
[6, 54, 4, -10, -1, -2, 37, -4]
[-2, -10, 32, 1, -4, -2, 9, -6]
[4, -1, -19, 4, -6, -4, 32, -7]
[0, -3, 13, -53, -11, -5, 11, -8]
[4, 8, 24, 39, 12, 8, 10, -6]
[6, 9, 33, -4, 11, -2, -5, -9]
[-2, -55, -39, 10, 2, 2, -6, -8]
[-8, -73, 36, -12, -4, -3, 2, -7]
[2, 29, -73, 12, -8, -6, -6, -4]
[10, -4, 31, 25, 1, 1, 5, -7]
[-3, 19, 9, 6, -4, -2, -3, -8]
[-5, -1, -23, -23, 8, 2, -19, -7]
[-1, 4, -11, -15, -7, -4, 12, -7]
[-5, 30, -5, -20, 6, 2, -2, -6]
[3, -27, -33, 2, -5, -4, 3, -6]
[12, -17, 11, 6, 11, 10, 11, -7]
[-2, 6, 15, 21, 13, 6, 1, -5]
[-2, -17, 28, 21, 17, 1, -1, -6]
[-13, 53, -21, 34, -13, -8, -2, -7]
[-9, -25, -22, -11, -12, 1, 13, -8]
[1, 6, -17, 6, -3, 3, 7, -6]
[-5, 36, -11, -11, -20, -9, 1, -10]
[-3, 23, -24, -13, 5, -3, -5, -8]
[-7, 0, 57, 23, 10, 10, 28, -6]
[0, 8, -79, -10, -1, -5, 3, -8]
[5, 77, 20, 18, -1, 2, -8, -7]
[-3, -3, -37, -1, -6, -6, -9, -12]
[5, -41, 8, -2, 0, 0, 36, -8]
[-14, -71, -40, -9, -9, -5, -22, -7]
[5, -26, 45, -35, 7, -2, 7, -9]
[3, 24, 75, -8, -5, -7, -27, -7]
[8, 12, -28, 3, -6, -1, 3, -3]
[-3, -34, -4, -2, 4, -2, -4, -8]
[-17, 66, 16, -3, -12, -3, -15, -7]
[10, -26, 1, -6, 4, 0, 6, -6]
[-3, 35, 51, 28, -3, -6, 53, -5]
[2, 68, 52, 52, 2, 4, -24, -6]
[-7, 5, -8, -23, -14, -5, 4, -7]
[-5, 8, 42, 22, 2, 1, -27, -9]
[-3, 42, -49, -29, -29, -9, -10, -7]
[1, 47, 26, -15, -19, -4, 7, -7]
[0, -37, 9, -15, -5, -5, 9, -8]
[-8, -90, 17, -41, 13, -1, 22, -8]
[-28, 63, 5, -2, 4, -4, 4, -6]
[8, 34, 9, -6, -12, -4, 1, -6]
[4, -23, 64, -13, -17, 1, 2, -5]
[5, -43, -70, -44, 10, -6, -5, -6]
[-2, 46, -5, 2, 12, 7, 57, -7]
[14, 64, -27, 29, -9, -2, 2, -8]
[-5, -37, -74, 6, 3, 0, -12, -6]
[-4, 25, 28, 28, 0, 1, -17, -7]
[-8, 85, -26, 19, 3, -1, -30, -8]
