[1, 0, 16, 5, -6, -12, 0, -12]
[0, 7, -8, -19, -5, -4, -3, -16]
[0, -2, -21, -6, 3, -1, 0, -17]
[1, 7, -10, -29, -1, -6, -1, -14]
[-2, 6, 1, -5, -2, 0, 1, -12]
[-3, -31, 2, -7, 0, -9, -5, -16]
[-4, -14, 7, -5, -2, 0, -3, -15]
[2, 16, -1, -5, -3, 3, 12, -17]
[-2, -3, -4, 2, -2, -1, 3, -16]
[-2, 38, -8, 7, 2, 23, -18, -12]
[6, 19, 7, 4, 6, -5, -14, -17]
[-8, -33, 10, -21, -6, -35, -48, -16]
[20, -113, -25, 24, -15, -8, -52, -32]
[41, -26, 62, -58, 31, -11, -62, -6]
[-22, 111, 73, -51, 31, 8, 107, -9]
[-58, -88, 31, -29, 21, 34, -20, -7]
[-95, 18, -44, 23, -20, -41, 45, -13]
[36, 12, -70, 25, -8, 78, -44, -10]
[-8, -18, 12, 6, -2, 19, 3, -20]
[-27, 34, -54, 16, -7, 109, 97, 2]
[52, -85, 76, -49, 27, -46, -95, -7]
[42, 76, -61, 62, -34, 24, 57, -29]
[15, -16, 2, -4, -4, -35, -52, -14]
[18, -57, 41, -25, 13, -65, -15, -9]
[-2, 101, 9, -24, 36, 42, 92, -8]
[-18, -76, 4, 5, -7, -45, 0, -17]
[13, 13, 25, -8, -7, -30, -45, 13]
[-34, 10, -60, 18, -5, 31, 35, -30]
[75, -38, 30, -9, 9, -24, 5, -15]
[-2, -52, 10, -18, 2, -25, -82, -30]
[40, -92, 63, -73, 46, 5, -42, 10]
[4, -36, 27, -8, 5, -10, 66, -19]
[7, -20, -35, 16, 2, 32, 24, -29]
[7, -24, 21, -5, 2, -3, -16, -9]
[-10, -76, -21, 2, 2, -30, -35, -14]
[46, 23, -59, 32, -11, 63, 21, -13]
[6, -3, 31, -15, 7, 20, 32, -11]
[15, 47, 22, -24, 20, -1, 13, -5]
[-51, 55, -69, 62, -38, -6, 51, -19]
[43, -27, 26, -22, 5, -30, -41, -6]
[-9, 55, 2, -24, 10, 5, -83, -18]
[5, 8, -1, -3, -1, 20, -7, -18]
[17, 46, -11, -6, 4, 0, 24, -20]
[-40, -61, -25, 27, -17, -10, -69, -46]
[0, -68, 4, 5, 2, -29, -29, -13]
[-12, -80, 46, -31, 13, -45, -83, -22]
[8, 34, 22, -8, 5, -4, 2, 0]
[4, -39, -34, 3, -8, -1, -10, -16]
[38, 15, -26, 15, -17, -17, 17, -30]
[-6, -81, 15, -1, 1, 22, 23, -12]
[11, 46, 6, 7, 0, 22, -26, -22]
[-32, -12, -17, -4, 6, 20, 13, 3]
[36, -82, -26, 4, -12, -32, 10, -25]
[30, -44, -17, -26, 11, 15, -3, -20]
[-76, 33, -40, 50, -22, 59, 10, -11]
[1, 127, -33, 5, -5, 19, 56, 0]
[-28, 46, -4, -13, -3, -49, 36, -9]
[4, -50, -13, 0, -6, 46, 10, -27]
[38, -66, 28, -34, 15, -30, 6, -2]
[-16, 16, 13, -13, 14, -39, 0, -11]
[23, -15, -26, 2, -8, -64, -128, -32]
[-1, 45, -14, 6, -3, -11, 6, -17]
[-4, 29, 23, -1, -2, -4, 35, -11]
[-2, 60, 17, -5, -3, -39, -67, -9]
[-22, -25, -28, 2, -5, -10, -17, -8]
[-33, 22, -15, -13, 4, 19, -20, -2]
[6, -50, 29, -14, 7, 2, 8, -17]
[3, 21, 15, -22, 10, -43, -27, -1]
[-8, -39, -50, 20, -15, -25, 15, 1]
[4, 57, -92, 40, -18, -3, -1, -23]
[-3, 5, -49, 32, -16, 8, 40, -22]
[4, -60, 8, -9, 1, -17, 54, -15]
[7, 27, -61, 58, -38, -10, 31, -9]
[-26, -12, -11, 13, -12, 20, 19, -16]
[-4, -24, 50, -16, 13, 39, 3, -11]
[33, 41, 55, -45, 28, -84, -78, -7]
[-2, -123, 71, -33, 18, 20, -54, -17]
[2, -77, -26, 9, -8, -58, -59, -21]
[21, -19, 7, -8, 7, 33, 48, -37]
[-28, 26, -21, 13, -11, -4, 29, -7]
[-21, -18, 1, -14, 0, -29, -50, -6]
[-22, 74, -66, 40, -19, 40, 86, -22]
[17, 127, -73, 45, -32, -54, 27, -9]
[-52, -71, 69, -60, 37, -19, -2, 16]
[22, 65, 2, 7, -16, -7, -16, -1]
[12, -42, -60, 25, -18, 21, 0, -25]
[-62, 51, -42, 22, -19, -15, -32, -16]
[21, 91, 9, 1, 4, 54, -10, -14]
[-11, -71, 17, -12, 5, -48, -81, -23]
[-18, 13, -35, 16, 0, 61, -58, -20]
[35, 7, 2, -8, 4, -33, 13, 0]
[34, 26, -5, -3, 5, -26, -63, -27]
[73, -23, 33, -13, 10, 19, 22, -4]
[66, -51, -15, 13, -7, 24, -9, -4]
[9, -17, -72, 37, -15, 49, 127, -17]
[-17, -44, 2, 6, -1, -57, -55, 18]
[27, -88, 8, -2, 4, 58, 17, -23]
[-62, -22, 23, -27, 6, -37, -13, -29]
[6, 38, 28, -4, 1, 12, 8, -8]
[-17, 10, -26, 10, -7, -23, -42, -14]
[-2, -24, 2, 0, -2, 0, 8, -17]
[-18, 33, 1, -6, -4, 13, 11, -22]
[-65, 32, -1, 26, -9, 34, 12, -12]
[-4, 21, -4, 4, -5, -18, -7, -18]
[69, 22, 37, -32, 16, -49, -41, -1]
[52, -111, -6, -14, 3, -11, -69, -10]
[6, -42, -28, -14, 12, 5, 11, 6]
[-20, -32, 16, -12, 5, 54, 127, -20]
[20, -38, -21, 4, -7, -36, 2, 13]
[-31, 118, -33, 12, -10, -28, 15, 9]
[5, 79, 17, -6, 4, 4, 85, -5]
[7, 33, -24, 11, -11, 15, 10, -26]
[-8, -74, 64, -41, 18, -61, -67, -7]
[-5, -47, 13, -5, 2, 56, -104, -7]
[3, -8, 0, -29, 27, 0, 7, -13]
[7, 80, -29, 23, -20, 40, 4, -3]
[5, 12, 0, -9, -4, -8, 34, -12]
[64, 1, 5, -19, 27, -45, 48, 3]
[19, -34, 12, -3, 9, 43, 34, -11]
[5, 93, 6, 2, -2, -73, -34, 10]
[-19, 4, 1, -14, -2, -60, -47, -13]
[-64, -26, -24, 33, -22, 25, 5, -26]
[-67, 1, -29, 56, -50, 81, -8, -51]
[5, 69, -30, 13, -6, -29, 102, -12]
[-67, -117, -30, 7, -11, -29, -89, -14]
[53, -3, 28, -20, 15, 11, -3, 5]
[55, -69, 67, -54, 43, -28, 112, -13]
[-36, -2, -11, -5, -3, 33, 2, -9]
[50, 52, -49, 20, -25, -5, -35, -3]
[-12, 51, 27, -13, 10, -26, 48, 9]
[-33, -65, 40, -25, 25, 38, 18, -32]
[17, -14, -57, 60, -38, -18, -53, -40]
[-3, -47, -55, 4, -3, 58, 17, -17]
[86, 18, 30, -15, -12, -112, -56, -1]
[-8, 43, 20, -7, 1, -7, -45, 8]
[21, -71, 26, -15, 4, 0, -48, -8]
[0, 102, -18, 9, -7, -50, -47, -13]
[115, 76, -3, 16, 9, 101, 12, 19]
[33, 97, -11, -9, 2, -46, -47, 19]
[49, 40, 5, 4, 18, 97, 40, -14]
[-57, 72, 4, -18, 5, 69, 76, 26]
[-12, -55, -11, 7, -1, -42, -35, -2]
[-42, 49, -10, 19, -11, 53, 39, 15]
[47, -43, 46, -35, 19, 53, 39, -67]
[-40, -40, 53, -54, 20, -44, -77, 3]
[-22, -48, 61, -48, 36, 77, 79, 21]
[-34, 74, 38, -2, -12, -85, 21, 12]
[45, 8, -34, -10, 7, -78, -11, -7]
[51, 65, -6, 15, -16, -3, -64, -35]
[-11, 59, 7, 30, 8, 90, 43, 14]
[16, 27, 35, -24, 25, -3, 78, -8]
[10, -69, 16, -18, 18, 32, -89, 8]
[66, -41, 74, -71, 40, -55, -40, 16]
[-26, 4, 26, -6, -3, -31, -6, -17]
[47, -56, 27, -20, 12, -19, -9, -38]
[0, -9, 8, 3, -6, 7, 1, -12]
[13, 72, -41, 24, -4, 58, 48, 2]
[-7, -48, 4, 5, -10, -50, -57, -12]
[29, -62, 98, -39, 21, -45, -14, -2]
[-20, -21, -39, 18, -12, 27, 32, -31]
[-21, -3, 32, -13, 0, 3, -28, -27]
[6, 24, 11, -9, 12, -48, -72, 2]
[-1, -2, 17, -8, 11, 7, -11, 8]
[26, -4, 11, 2, -5, 6, -17, -7]
[-8, -14, -32, -2, -4, -35, 4, -8]
[-29, -26, 10, -9, 17, 7, -24, -6]
[-33, 6, -8, 7, -6, 20, 30, -19]
[-1, -11, 0, -16, 17, -48, -14, -13]
[10, -64, -9, -3, -3, -28, -27, -17]
[-22, 90, -2, -4, 7, 8, 13, -10]
[27, 104, -73, 34, -41, -3, 18, -2]
[25, 50, 12, -9, 7, -3, -32, 3]
[5, -30, 37, -20, 9, 33, -67, -8]
[-96, -52, 34, -13, 10, -38, -28, 8]
[2, -85, -7, -11, 4, -28, 62, -9]
[5, 25, -16, 0, -8, -33, -32, -13]
[22, -74, -2, -4, 2, 23, 11, -12]
[-9, 9, -31, 36, -22, 21, 29, -24]
[-61, 9, 54, -21, 13, 63, 15, -12]
[30, 21, -100, 65, -24, 69, 17, -15]
[2, 7, -66, 44, -29, 48, 35, -24]
[8, -13, -21, -1, 0, -6, -26, -18]
[47, -103, -9, -15, 6, -36, -10, -13]
[-8, -7, 19, -6, 6, 30, 10, -12]
[48, -27, 56, -54, 58, -50, -17, 12]
[-56, 23, -5, 5, -15, -12, 3, -27]
[-4, -18, -19, 3, -4, -9, -7, 0]
[18, -48, 32, -22, 14, 38, 2, 7]
[3, 43, 3, -13, 11, 11, 47, -6]
[17, 46, 8, -3, -1, -34, 0, -20]
[-44, -48, -41, 49, -30, 62, -13, -71]
[-32, 18, -73, 18, -6, 8, 86, -14]
[35, 31, 22, -30, 22, -54, -25, 22]
[-21, -7, 15, -31, 25, -23, -45, 11]
[-40, 27, -69, 43, -36, 62, 69, -48]
[105, -64, 24, -13, 5, 0, 22, 24]
[-7, 50, -1, -2, 2, 0, -27, 4]
[-52, 25, -7, -13, -6, -93, -74, -8]
[41, 11, -2, -3, 1, 10, 6, -15]
[-8, 21, 48, -17, 17, 22, 15, -9]
[57, 61, -32, 11, -11, 26, 10, 3]
[11, -7, -25, 5, -6, -47, -23, -6]
[-48, 73, -50, 24, -23, -41, -6, -32]
[-43, -126, 37, -35, 10, -58, -45, -16]
[7, 59, 8, 14, -11, -25, 13, -16]
[4, -67, 39, -33, 15, 4, 15, -21]
[23, -6, 10, 2, -4, 6, -15, -13]
[34, -61, -25, 19, -7, 88, 95, -9]
[-47, -87, 13, 0, -13, -8, 8, -3]
[-10, -13, -5, 1, -17, -10, -32, -10]
[-5, 27, -30, 7, -6, -36, -8, -12]
[6, 25, 1, -3, -3, 3, 43, -9]
[15, 5, -31, 2, 6, 32, 14, -6]
[-14, -36, 9, 6, -6, 47, 26, -17]
[1, 44, 9, -10, 7, -23, -40, -2]
[58, -27, 70, -36, 28, -26, -14, 6]
[-14, -61, 27, -28, 6, 3, 14, -5]
[-4, -71, -53, 22, -14, 6, -5, -34]
[19, 98, -25, 16, -3, 36, 71, -5]
[9, 25, -13, -10, 15, 32, -2, 5]
[-9, -42, 8, -12, 16, -33, -47, -5]
[23, -64, 0, -11, 2, -18, -25, -5]
[-25, -108, 22, -15, 0, -41, -19, -10]
[3, -23, 14, -6, 1, -9, -3, -11]
[-20, -14, -39, 17, -12, 22, 28, -17]
[-19, -25, 9, -13, 7, -13, 19, -11]
[2, -72, 7, 7, -3, 2, -9, -8]
[16, 5, 20, -15, 10, -23, 11, -8]
[-2, 26, -58, 22, -13, 40, 23, -5]
[1, 46, 4, -7, -10, -49, -22, -5]
[6, -21, 45, -18, 13, -19, -3, -7]
[3, -21, 3, -2, -2, -14, -34, -12]
[13, -50, 26, -44, 27, -6, -13, 12]
[-4, 43, -25, 14, -9, 10, 38, -15]
[2, -104, -7, 2, 4, 16, -16, -20]
[30, -5, 17, -28, 11, -15, 0, -2]
[17, 7, 23, -13, 8, 5, 3, -2]
[13, 7, 3, 10, -7, 20, 0, -15]
[5, 115, -56, 33, -26, -7, 0, -51]
[-9, -32, -1, 5, 0, -8, -1, -6]
[-11, -9, -16, 5, -1, -10, 37, -6]
[11, -32, -6, 4, -1, 3, 1, -7]
[-7, 89, -102, 38, -22, 14, 14, -16]
[-14, -17, 14, -2, -4, -3, 1, -4]
[0, 73, -29, 4, -2, 33, 6, -4]
[17, 5, 11, -2, 8, 19, 10, -4]
[-4, 86, -11, 0, -1, -11, -17, -10]
[-24, 61, -39, 21, -15, 19, -34, -26]
[-7, 7, -3, 0, -7, -23, 0, -7]
[2, -87, 2, -3, 4, 11, 22, -7]
[20, -5, 18, -9, 1, -19, -2, -10]
[-30, 7, -4, -2, -3, 10, 25, -3]
[0, -27, 5, -9, 1, -22, 12, -6]
[-11, -4, -3, 14, 1, 14, 13, -18]
[-20, 78, -49, 13, -16, -28, -8, -12]
[5, 83, -20, 9, -2, 13, 3, -2]
[6, 16, -4, -3, -1, 7, -7, -1]
[5, 18, -11, 1, 1, -8, -22, -5]
[-9, -21, 5, 1, 2, -10, 10, -7]
[16, 18, -10, -5, -2, -25, -10, -1]
[-7, -33, -40, 10, -12, -17, 2, -12]
[-27, -81, -36, 16, -15, 7, -21, -39]
[-8, -52, 14, -3, -3, -19, 16, 0]
[0, -15, 16, -8, 2, -13, 1, -2]
[40, -5, 21, -30, 25, -22, -13, 7]
[15, -74, -4, 6, -4, 10, -28, -13]
[-41, 84, 4, -5, 0, -13, 3, 14]
[27, -27, -1, 6, -4, 5, 8, -14]
[26, 35, -1, -18, 11, 15, -22, 0]
[1, -87, 7, 6, -6, -2, -6, -11]
[8, 4, -17, 5, -4, -11, 9, -8]
[-7, 94, -61, 18, -14, 11, 18, -18]
[-10, 0, -19, 2, -4, 5, 3, -11]
[-3, 23, -12, -9, 1, -18, -21, -11]
[9, -36, 7, -2, -4, -7, -10, -12]
[-17, 56, -17, 15, -8, 7, 40, -9]
[-9, -10, -34, 10, -7, -10, -10, -10]
[-21, 66, -38, 6, -6, 33, 4, -11]
[-1, -50, -5, 5, -4, -18, -5, -5]
[3, -19, 6, -6, 4, -37, -21, -7]
[53, 14, 56, -41, 29, -28, -5, 7]
[-21, 42, -4, 15, -14, 14, 8, -13]
[-7, 57, -8, 8, 1, 11, 2, -10]
[1, -61, -12, -2, -4, 14, -1, -14]
[-16, 32, 42, -20, 10, 9, -33, 4]
[-15, -14, -39, 15, -8, 14, 19, -16]
[-2, 7, -6, 0, -1, -6, 1, -5]
[-5, 35, -32, 12, -12, 10, 36, -11]
[14, -3, -28, -4, 3, 23, 27, -5]
[20, 100, -3, 5, -2, 35, 32, -5]
[12, 8, -9, -12, 5, -18, -15, -5]
[1, 48, -14, 15, -5, 11, 11, -11]
[0, 39, 10, -4, 4, -16, -5, -1]
[-14, 20, -13, 1, -3, -3, -19, -12]
[0, -15, -2, 6, 1, -2, -5, -6]
[-5, 5, 2, -2, -5, -16, -4, -10]
[-21, 19, -52, 28, -19, 46, 31, -31]
[6, -25, -10, 4, -2, -4, -3, -5]
[10, -9, 24, -23, 11, -14, -12, 5]
[7, -18, 10, -1, 5, -7, -14, -4]
[14, -26, 12, -7, 2, 5, 8, -2]
[-8, -45, 16, -4, 3, -31, -17, -4]
[25, 38, -31, 11, -9, 6, 3, -10]
[4, -5, -12, -1, 6, -1, -18, -6]
[-8, -59, 17, -9, 2, -13, 13, -10]
[-18, 6, -17, 5, -8, -1, 2, -5]
[-1, 27, -9, -6, 4, -9, -12, -9]
[7, -21, 51, -31, 29, -14, -15, 1]
[1, -57, 29, -3, 2, -1, 8, -6]
[-30, 42, -51, 27, -18, 50, 31, -6]
[7, -22, -48, 29, -18, -10, -25, -21]
[-25, 51, 30, -4, 1, 12, 49, -12]
[14, 12, 19, -17, 11, -11, -10, -6]
[51, -70, 77, -87, 59, -39, -49, 21]
[-14, -30, 7, 14, -8, 20, -13, -14]
[-9, 40, 13, 11, -7, -7, -5, -10]
[18, 36, -24, 12, -10, -36, 15, -11]
[16, 13, -4, -7, 0, -13, -11, 7]
[-39, 83, -50, 29, -20, 14, 23, -16]
[-2, 38, -23, 3, -7, -3, -8, -11]
[39, 54, -14, 14, -8, 4, -6, -7]
[5, 14, -5, -1, 5, 34, 4, 1]
[-10, -34, 23, -6, -1, -6, -19, -10]
[34, 8, -25, 6, -1, 5, 7, -6]
[-52, 8, -56, 25, -19, 11, 27, 8]
[-2, 14, 35, -18, 9, 5, 59, 1]
[42, -71, 68, -36, 21, -24, -47, 6]
[-26, 85, -41, 26, -18, 11, 4, 9]
[10, -26, 80, -29, 16, -1, -29, 2]
[9, -7, 8, -5, 0, -2, -5, -9]
[13, -77, 19, -13, 7, -3, -13, -7]
[25, 58, 5, -16, 7, -29, -22, 0]
[36, 14, 8, -6, 6, -6, -6, -1]
[-6, -13, 5, -7, 8, -12, -42, -4]
[-8, -59, -46, 7, -9, 12, 2, -15]
[-22, 20, 3, -2, -5, -8, 2, -8]
[11, -36, 25, -9, 8, 25, -56, -9]
[13, 127, 7, -8, 8, 3, 27, 11]
[20, -2, -28, -1, -9, -17, -11, -3]
[7, 26, 7, 1, -2, -22, -8, -10]
[-27, -56, -62, 17, -18, 17, 46, -22]
[16, -89, 13, -7, 6, -2, -20, -11]
[17, -89, -3, 0, -8, 5, 1, -6]
[-11, -58, 53, -26, 17, -9, -8, -7]
[-7, 15, -10, -2, 4, 0, 10, -7]
[-25, 75, -25, 23, -16, 12, 23, -10]
[-11, 56, -40, 15, -9, -2, 18, -10]
[27, -66, 18, -24, 12, -17, -28, 6]
[8, -84, 26, -14, 9, 46, 28, -20]
[7, 61, -34, 21, -15, -4, 32, -11]
[18, 5, 20, -6, 1, -7, -26, -9]
[40, -37, -6, -4, 0, -7, -11, -1]
[38, 7, -27, 11, -4, 32, -45, -17]
[1, 26, -5, 7, -7, 10, -11, -14]
[-10, -36, -1, -9, 8, -2, 4, -4]
[-20, 38, -40, 7, 1, 7, 16, -8]
[-26, -48, 43, -22, 6, -5, -44, 5]
[-4, 17, -12, 2, -5, -7, 23, -7]
[-6, 118, -49, 27, -15, 28, -9, -5]
[3, 13, -25, 5, -7, -2, 9, -3]
[16, 63, 14, -11, 5, 12, -18, -3]
[-47, -4, -9, 3, -1, 31, 22, -15]
[29, -41, -4, -2, -2, 0, 2, -10]
[7, -5, 7, 11, -1, -4, -11, -6]
[3, 63, -34, 10, -9, 11, 33, -13]
[-19, -21, 16, -2, 1, 1, -16, -8]
[2, 33, -6, 8, -6, 10, 14, -1]
[-23, 31, 15, -21, 14, -34, -23, 3]
[-1, 90, -17, 7, -4, 9, 23, -7]
[-29, -105, 49, -23, 7, -36, -16, -4]
[25, 26, -16, -1, -1, 2, 6, -9]
[-21, -20, 1, -6, 4, 0, -31, -10]
[15, 1, -19, 3, -3, 2, -12, -10]
[5, 57, -19, 10, -8, 22, 66, -6]
[9, -36, -37, 11, 1, 16, 1, -3]
[30, -25, 24, -12, 7, -19, -5, -1]
[-11, 81, -28, 14, -8, 11, -20, 0]
[22, 36, 26, -21, 42, -27, -50, 10]
[-17, 42, 40, -19, -2, -14, -35, -4]
[-26, -34, -14, 3, -16, -2, -51, -9]
[14, 1, -25, 9, -14, -32, -36, -4]
[5, 49, -6, 7, -8, -15, 14, -14]
[5, -65, 19, -9, 3, -4, 8, -10]
[6, -21, -4, 6, -5, 13, 25, -7]
[7, -13, 2, -5, 4, 18, 10, -10]
[-4, -25, -9, 5, -10, -7, -21, -8]
[-19, 0, 13, -2, 2, -2, -1, -4]
[16, 10, -7, 4, -3, 0, 33, -10]
[0, -65, 54, -22, 10, -14, -10, -3]
[-22, -55, -2, 6, 5, 13, -7, -8]
[8, -19, -64, 15, -12, -1, -24, -15]
[13, 5, 24, -8, 5, 10, -6, -11]
[6, 27, -56, 32, -14, 33, 57, -9]
[-20, 45, -27, 13, -11, -17, -15, -1]
[-6, -46, 30, -14, 11, 29, 8, -5]
[-4, -49, -4, 2, 0, 0, -36, -18]
[0, -38, -10, 6, -5, -10, -46, 2]
[-3, 95, -11, 13, -16, 10, 35, -10]
[11, 60, -35, 23, -11, 2, 13, -12]
[-37, 47, -50, 21, -19, -19, -7, -29]
[-6, 48, -91, 42, -21, 82, 115, -15]
[21, -62, 65, -39, 23, 3, 28, 13]
[-8, -19, -15, 4, 4, 42, -29, -4]
[-52, -38, -44, 23, -18, -5, -35, -11]
[38, -67, 65, -57, 32, -61, -39, 24]
[-31, 43, -107, 72, -42, 19, 12, -22]
[19, 90, -13, -2, -7, -29, 70, -7]
[-23, -71, 35, -11, 14, 17, -23, -13]
[32, -43, 5, -9, 2, -17, -19, -1]
[15, 100, -22, 19, -11, -2, 37, -9]
[-89, -61, 26, -16, -3, -34, -48, -3]
[35, -112, 44, -18, 18, -44, 16, 18]
[16, -95, 51, -36, 20, 42, -15, -16]
[-51, -1, -27, 29, -20, 11, -92, -30]
[-29, 116, 5, 30, -15, 28, 61, 6]
[33, 36, -13, -8, 6, 20, 14, 12]
[-57, -10, -2, -9, 2, -29, 27, 6]
[-30, 97, -35, 18, 0, 26, -24, 8]
[-1, -11, 36, -37, 22, -1, -48, 9]
[76, -70, 42, -31, 16, 0, -46, 19]
[-5, -6, 38, 12, -13, -13, -36, -15]
[20, -14, -26, -16, 6, 12, 59, 9]
[-4, -28, 65, -36, 24, -62, -63, -1]
[17, -86, 67, -28, 10, -12, -81, -5]
[-9, 66, -93, 58, -31, 26, 4, -25]
[32, 39, -58, 18, -6, 79, 103, -7]
[7, -8, -29, 3, -2, -5, 23, -11]
[44, -45, 23, -19, 11, 34, 87, 3]
[-15, 7, 82, -40, 25, -44, -71, 1]
[7, -1, 22, -17, 10, -33, -17, -9]
[-9, -128, 63, -31, 20, -41, -68, 9]
[14, 53, -31, 12, 1, -20, -15, -8]
[-3, -2, 6, -2, 3, -25, -15, 18]
[-12, 54, -3, -6, 5, -7, 19, 6]
[-30, -46, -19, 16, -15, 18, -72, -9]
[-64, 60, 29, -22, 9, -44, -51, -2]
[42, 92, -83, 42, -25, -5, -61, -17]
[-20, 38, -81, 38, -18, 51, 66, -20]
[-47, -79, -4, 8, -11, 12, -31, -16]
[14, 27, 19, -23, 11, -9, -36, -4]
[36, 39, 26, -17, 11, -41, 37, 38]
[50, -79, 57, -30, 14, -16, 14, 11]
[27, -41, -70, 26, -14, 17, 15, -20]
[5, 15, -65, 17, -14, 63, 28, -14]
[-35, -59, 36, -20, 8, -50, -78, 3]
[-7, 127, -45, 17, -11, 31, 1, 3]
[-39, -60, 10, -17, 2, -10, 3, -40]
[18, 9, -50, 23, -20, 15, 70, -10]
[7, 56, -10, 14, -9, -12, 31, -1]
[-31, 36, -61, 20, -20, -1, 29, -31]
[22, 11, 58, -14, 9, 17, -37, -11]
[-22, -16, 19, -17, 13, -16, -95, 6]
[-60, -76, 34, -23, 11, 7, -47, -1]
[31, 25, 1, -2, 5, 0, 11, -2]
[-1, 31, -22, 10, -9, 4, -1, -8]
[20, -25, -22, 14, -6, 8, 4, -13]
[-24, 61, -58, 28, -20, -19, 1, -9]
[-41, -42, -60, 39, -29, 53, -2, -32]
[2, 1, -11, 15, -5, 50, -36, -11]
[-57, -60, 44, -25, 18, -22, -10, 16]
[63, -128, 39, -18, 14, 6, 95, 5]
[-2, 18, 6, -7, -2, 2, 4, -5]
[-36, 127, -62, 30, -20, -11, 36, 8]
[-35, -6, -12, 11, -11, -5, -6, -6]
[39, -1, 29, -23, 7, 9, 14, -1]
[-107, 32, -31, -2, 1, -17, 26, -7]
[9, -47, 10, -6, 6, 33, -16, -13]
[20, -22, 7, -5, 7, -17, -109, -3]
[47, -78, -16, -3, -2, -16, 28, 1]
[13, -7, -19, -18, 5, 26, -80, -1]
[37, 97, -48, 36, -6, 52, -29, 12]
[11, 40, -18, 5, -4, -38, 12, -10]
[20, 30, -9, 16, -16, -5, 86, -16]
[52, -19, 33, -8, 10, 71, 10, 4]
[-2, 18, 67, -13, 14, -12, 24, 5]
[2, -17, -2, -2, 2, 48, -6, -10]
[-64, -23, -17, 14, -7, -6, -20, -2]
[23, -48, -7, 3, 5, 16, 79, -26]
[-19, 64, 17, -7, -4, 2, -57, 17]
[-60, -29, 14, -2, -6, 18, 17, -4]
[-16, 33, -21, 6, -6, -24, -16, 6]
[5, 56, 52, -32, 25, -23, -1, 8]
[26, 67, -43, 16, -16, -10, 43, -12]
[-12, -111, -2, 10, -2, 43, 3, -6]
[-41, -56, -33, 10, -11, 49, 47, -10]
[-30, -34, 62, -39, 34, -8, 32, -12]
[24, 42, -6, 0, -10, -19, -45, 2]
[-13, -27, 47, -15, 15, -2, 43, -9]
[-18, 49, -63, 23, -10, 45, 20, -4]
[-27, 25, 6, 0, -5, -20, 0, -11]
[-1, 83, 9, 2, 0, -10, -68, 6]
[-17, 0, 5, -16, 6, -49, -30, 6]
[21, 58, -76, 47, -32, 37, 23, -14]
[9, -5, -15, 4, -6, -10, -45, -2]
[-9, -66, 44, -38, 16, -44, 9, 6]
[-49, 10, -24, 27, -14, 36, -59, -9]
[34, -101, 58, -43, 30, -4, 20, -4]
[2, -5, 28, -20, 5, -10, -75, -7]
[-4, 18, 43, -6, 1, 2, -6, 1]
[-17, 27, -48, 38, -29, 28, 78, -3]
[24, 18, -14, -10, 10, -16, -20, -7]
[21, 22, -19, 24, -17, -44, -11, -19]
[-1, -44, -42, 11, -6, 0, 43, -1]
[-17, 69, 14, -13, 8, -11, -29, 5]
[-1, -7, -12, 3, 1, 15, -7, 20]
[12, -64, -5, 3, -11, -39, -19, -7]
[-27, -23, -14, 0, -7, 7, 7, -10]
[22, 54, -20, 4, -2, -18, -31, -1]
[13, -38, 31, -36, 22, 20, 18, 3]
[7, -7, -24, 16, 0, 74, 14, -7]
[-37, 66, 10, -2, 1, 7, 16, -1]
[62, -59, 82, -68, 39, -60, -58, 13]
[-31, 88, -22, 29, -26, 24, 24, -21]
[60, 3, -38, 21, -12, 24, 49, -8]
[-1, -50, -7, 6, -8, -25, 61, -1]
[-12, -9, 17, -10, 5, -17, -3, -3]
[14, -20, -46, 10, -9, 34, 16, -17]
[-37, 21, -61, 30, -22, -8, 5, -27]
[-13, -49, 26, -6, -5, -32, -6, 4]
[14, -55, 23, -5, 4, -20, -28, -2]
[3, 9, 13, -16, 9, -2, -28, 17]
[27, 55, 26, -3, 0, -46, 40, 11]
[-10, 46, 8, 6, -13, -7, 4, -6]
[2, -23, 17, -4, -2, 4, -43, -8]
[11, 76, -77, 29, -21, -21, 1, -1]
[-12, 54, -13, 5, -2, 38, 16, 12]
[-2, 20, -3, -10, 4, 11, 7, -10]
[-4, 18, -2, 5, 1, 2, -55, 16]
[18, -40, -28, 1, 1, -13, 34, -17]
[5, 18, 9, -24, 5, 26, 38, -1]
[34, 66, -1, 5, -5, -23, -3, -3]
[36, -4, -21, 10, -4, 50, 10, -13]
[-22, -45, 39, -17, 6, -3, -29, 0]
[5, -69, 35, -7, 4, -26, -34, 0]
[10, 26, 0, -1, -4, -32, -29, 1]
[-18, -9, 23, -7, 6, 1, 6, -3]
[18, 97, -33, 19, -7, -14, -3, -11]
[-2, -18, -23, 15, -9, -2, -17, -8]
[-23, -31, -44, 16, -14, 55, 15, -28]
[-10, 27, 8, -8, 3, -18, 8, 4]
[8, -6, 17, -21, 11, -42, -16, -5]
[31, -18, 0, -6, 10, 16, -5, 8]
[9, -67, -10, 3, -6, -9, -22, -2]
[-7, 19, 2, -2, -4, 1, 1, 1]
[-31, -79, 3, -4, 3, 2, 89, -1]
[-11, 69, -27, 13, -7, 24, 62, 2]
[-33, -41, 3, -2, -6, -1, -28, -12]
[35, 62, 3, -2, 2, -2, 2, 13]
[23, 19, 19, -7, 12, 9, 14, -2]
[-9, 30, -22, 11, -8, -26, -1, -8]
[10, -61, -18, -11, -4, -43, -63, -4]
[4, 6, -13, 0, -5, -26, -56, -5]
[14, -66, 26, -8, 8, -4, -74, 8]
[19, 15, -7, -8, 6, 6, 0, -6]
[15, -26, -2, -5, 5, -46, -31, -5]
[9, 61, -6, 1, -7, -8, 8, -7]
[-15, -11, 30, -22, 11, -21, 8, -8]
[-18, -32, 17, -1, -7, 11, 3, -4]
[-23, -12, -20, 4, -5, -10, -44, -2]
[13, 46, -42, 9, -2, 17, -1, -4]
[-23, -27, -2, 6, -6, 14, 39, -10]
[13, 41, -17, -3, -1, 13, 16, 4]
[4, -44, 51, -6, 5, -4, 21, -8]
[29, 16, 23, -7, 8, 6, 1, 3]
[-4, -44, -27, 3, 3, -20, -49, -14]
[-6, 4, -15, -3, 0, 38, 42, -6]
[22, -94, -2, -3, 3, -1, 21, -2]
[-11, -19, 57, -22, 12, -44, -46, 2]
[-3, 71, -41, 20, -17, 13, 40, 0]
[-1, 42, -9, 11, -10, 4, 0, -3]
[-8, 16, 8, 1, -6, 8, -11, -5]
[11, 9, -5, 4, -4, -11, 1, 1]
[-10, -103, 33, -11, 10, 16, 44, 5]
[11, 51, -28, 3, -1, 21, -23, -5]
[-31, 35, -4, 0, 0, 11, -13, -2]
[-13, 66, -43, 17, -8, 29, 14, -8]
[-13, 98, -21, 13, -5, -2, 26, -8]
[-5, 49, -38, 5, -4, -13, -26, -15]
[-16, 15, -5, 4, 0, 48, 8, -7]
[28, -29, -25, -8, 3, -28, 33, -5]
[-16, -19, 9, -9, 2, -17, -1, -9]
[3, -11, 23, -11, 12, 30, 26, 8]
[-26, -61, -4, 1, -5, -8, -7, -1]
[-24, -23, -32, 2, -6, -17, -12, -30]
[-12, -72, 82, -37, 20, -36, -6, 0]
[-33, 90, -62, 70, -53, 54, 52, -69]
[1, 30, -34, -2, 0, -7, -47, 16]
[24, 12, 17, -7, 15, 29, 76, 21]
[-17, -50, -18, -1, 11, 0, -32, -7]
[36, -16, -4, -13, 0, -24, -73, 0]
[47, -20, 35, -39, 34, -62, -50, 12]
[31, -41, 96, -69, 39, -28, -70, 39]
[-15, 100, -31, 28, -15, 13, 33, -11]
[-32, -75, -35, 13, -18, -2, -29, -21]
[-5, 14, 10, 5, -7, -13, -64, 0]
[-9, 22, -61, 14, -14, -40, -3, -1]
[-21, -41, -21, 1, -5, 40, 31, -29]
[5, 32, -14, -2, -8, -21, 0, -4]
[-19, 41, -14, 9, -4, -3, -47, -8]
[-79, 96, -92, 49, -31, 64, 117, 14]
[-20, 90, 31, -4, 0, -33, 8, 10]
[32, 58, -22, 9, -8, -18, 52, -17]
[-35, -20, 24, -28, 17, 22, -4, -10]
[-3, 60, -76, 30, -38, 2, -71, -37]
[17, -17, 78, -32, 26, -21, -35, 2]
[-10, 114, -44, 22, -18, -29, -35, 11]
[9, -12, 16, 3, 1, 43, -28, -3]
[5, -128, 73, -51, 23, -15, -40, -1]
[13, -6, -34, 5, -4, 12, -47, -11]
[-9, -65, -6, 7, -10, 0, 26, 4]
[-5, 10, 3, 2, -4, 12, 16, -10]
[18, 56, -36, 21, -16, 26, 3, -6]
[-9, 18, -69, 14, -2, -16, -13, 4]
[-16, -32, -62, 37, -27, 4, 36, -18]
[1, -7, -56, 27, -23, 4, 84, -5]
[-36, 37, -57, 32, -18, 73, -28, -16]
[-31, -59, -9, 3, 0, -25, -29, -10]
[-7, 60, 7, 3, -10, -35, -25, -8]
[-15, -8, -54, 15, -18, -25, -30, -11]
[32, -15, 44, -27, 15, -39, 1, 14]
[-5, 46, 5, 4, -3, -6, 20, -1]
[0, 45, 3, -16, 11, 47, 30, 1]
[-15, 45, -7, 11, -12, -17, -1, -2]
[3, -55, 28, -8, -4, -1, -35, -14]
[-5, 66, -51, 27, -14, 37, 60, -13]
[20, -70, 72, -51, 30, -43, -98, 11]
[11, 101, 31, -6, -2, -8, -13, 2]
[-23, -51, 3, -1, 2, 4, 13, 6]
[-47, -11, -38, 34, -22, -4, -32, -2]
[-15, 31, -13, -4, -1, -18, 62, 15]
[10, -94, -40, 22, -18, 16, -53, -21]
[18, 52, 1, -14, 16, 5, -16, -4]
[0, 47, -10, 6, -6, 18, 19, -15]
[-28, -52, -2, 8, -4, 37, -42, 1]
[-7, -73, 38, -15, 5, 4, -17, -11]
[34, -31, 24, -13, 8, -49, -62, 16]
[9, 43, -14, 11, -5, 19, -57, 15]
[2, -27, 33, -11, 1, 11, -8, 2]
[12, -15, 37, -23, 15, -8, 29, -7]
[31, -27, 57, -42, 24, -15, 38, -4]
[-10, -11, -56, 25, -12, 26, 79, -6]
[22, -70, 19, 7, 0, 29, 13, -1]
[-40, -36, -6, 3, -2, 6, -9, 2]
[38, 30, -33, 14, -7, -2, 23, 12]
[-34, -43, -15, 14, -12, 1, 8, 5]
[-22, -6, -18, 12, -7, 3, 36, -5]
[-2, -3, -27, -7, 4, -20, -17, -1]
[11, 9, -41, 27, -11, 42, -66, -1]
[-10, -42, 32, -8, 7, -1, -48, -6]
[19, -57, 10, -3, -1, 3, -16, -2]
[25, -25, -15, 7, 3, 39, 21, 0]
[-17, -63, 6, 14, -14, 10, -4, -11]
[7, -49, -22, 21, -12, 48, 19, -9]
[-86, 6, -91, 70, -58, 9, 40, -40]
[4, 2, -6, -7, -1, 6, -53, -3]
[-16, 127, -35, 24, -10, -5, -8, 16]
[31, 73, 21, -18, 9, -56, -17, 15]
[-2, -40, 92, -66, 39, -1, 0, 25]
[-10, 29, 6, -17, 11, -10, 78, -8]
[2, 31, -34, -5, 5, 18, -10, 4]
[18, 41, -76, 41, -26, 9, 97, -4]
[33, -25, 38, -31, 12, -68, -31, -11]
[-2, 28, -16, 23, -17, 44, 47, -5]
[-39, -73, -17, -3, 2, -12, -78, 4]
[27, -2, -42, 52, -30, 46, 28, -27]
[-26, 64, -15, 13, -9, 73, 96, 3]
[-2, 109, -5, 3, -1, 10, -10, 8]
[18, -65, 56, -53, 31, 8, 38, -16]
[-6, 84, 5, -7, 2, -34, 2, 0]
[-44, 89, -52, 37, -23, 24, 85, -4]
[32, 23, 49, -16, 14, 6, -48, 8]
[24, -24, 34, -18, 11, 6, -2, 4]
[-16, 42, -5, 13, -4, -13, -57, 19]
[6, 127, -38, 12, -6, -21, -9, 16]
[6, -1, 1, -12, 1, -31, -43, -5]
[0, -83, 15, -13, 7, 44, 81, -19]
[-11, 41, -75, 24, -8, 22, 53, -24]
[6, 8, 17, -16, 11, -17, -1, 5]
[-20, 59, -82, 31, -21, -13, 1, -11]
[23, 82, -81, 46, -19, 90, 90, 2]
[13, -26, 27, -3, 5, 22, -36, 4]
[6, -109, 0, -21, 6, -42, -44, -3]
[5, -24, 54, -28, 18, -11, -39, 10]
[-52, -107, 16, -17, 1, -7, 11, 6]
[-14, 7, -36, 14, -7, 37, -60, -3]
[21, -47, 34, -22, 11, -30, -24, 9]
[54, 52, 111, -43, 23, 1, -14, 6]
[-36, -7, -3, 8, -5, -29, -14, -6]
[3, 111, -52, 15, -8, -9, 46, 4]
[0, 41, 32, -28, 17, -18, 36, 0]
[-18, 84, -21, 7, -9, 7, -39, -2]
[-9, -104, 8, -7, 3, -21, 4, -11]
[25, 86, -24, 10, -10, -4, -21, -6]
[-34, 4, -67, 19, -15, 13, -13, -8]
[4, -68, 6, -1, -4, -8, 28, -11]
[11, -114, 15, -8, 5, -49, -70, -4]
[-38, 27, -39, 17, -13, -31, -20, 4]
[-12, -40, -22, 0, -9, 9, -31, -10]
[20, 15, 35, 6, 2, 7, -10, 10]
[-20, 41, 15, -23, 26, -3, 56, 11]
[6, -30, -30, 14, -11, 8, 2, -11]
[16, 21, -11, -8, 4, -38, -50, 1]
[15, 2, 16, -7, 6, 17, 32, -3]
[9, -27, 5, -9, -1, 7, -2, 8]
[-47, 59, -34, 29, -17, 40, 26, 10]
[-36, 64, -62, 57, -34, 22, 72, -31]
[20, -52, 21, -14, 10, -37, -65, 11]
[-7, -38, -2, -15, 4, -12, -15, 0]
[-10, 23, -8, -1, 2, 10, 4, 3]
[-4, 11, 20, -12, 10, 14, 8, 4]
[14, 65, 3, -13, 11, -18, -97, -18]
[59, 32, 31, -35, 32, -36, -46, 20]
[5, -3, 33, -6, -6, 4, -18, 0]
[-2, -75, -12, 17, -10, 8, -5, 3]
[-17, 59, 23, -7, 5, -11, -6, 10]
[-39, 13, -31, 5, 11, 39, 91, 1]
[34, -46, 55, -38, 27, -11, 34, 26]
[-3, 48, 9, 2, 2, 12, -3, 7]
[9, 12, -52, 21, -23, 14, 8, -12]
[-29, 56, -121, 74, -40, 47, 58, -29]
[27, 73, -48, 18, -7, 2, 63, 3]
[0, -79, 33, -6, 6, 5, 5, -3]
[-10, -33, -2, -3, 0, -23, -40, 1]
[-43, -62, 52, -6, -2, -42, -17, -19]
[-4, 64, -11, -1, -6, -5, -9, 8]
[18, -81, 33, -27, 15, 3, -29, 12]
[-2, 69, -16, 15, -4, 13, 31, -5]
[-9, 16, -24, 8, -5, 5, -42, 0]
[-2, -2, -1, 0, -3, -18, 29, 2]
[-15, -51, -15, -2, 1, 15, -6, 1]
[-1, -26, -13, 3, -6, 2, 4, 0]
[-1, -36, 10, -27, 12, 13, -13, -34]
[-6, 19, 0, 7, -2, 6, -49, 3]
[-5, -57, 9, -7, 0, -17, -5, 4]
[7, 2, -18, 2, -7, 13, 4, 0]
[-9, -17, -52, 14, -12, 16, 10, -18]
[46, 127, -18, 3, -1, -7, -9, 12]
[-23, -33, -32, 8, 12, 5, 12, -2]
[7, -14, 32, -11, 8, 12, 7, 12]
[27, 17, 25, -34, 25, -10, -7, 21]
[-21, -64, -4, -1, 3, 81, 30, -1]
[-1, 2, 29, -1, 2, 9, 23, 11]
[-14, -119, 46, -31, 15, -11, -21, 0]
[17, 76, -18, 6, -2, 16, -4, 18]
[-1, -35, -1, -7, 2, -35, -11, 5]
[11, -71, 2, 10, -8, 41, 27, -13]
[-28, 16, -5, 6, -1, -5, 3, -1]
[-11, -11, 7, 2, -3, 20, 23, -4]
[-14, -56, 4, 3, -3, -8, 10, 7]
[24, 77, -38, 23, -11, 5, -13, -9]
[38, -42, 61, -40, 24, 20, -84, 12]
[20, -11, -34, 5, -6, 10, 9, -4]
[-73, 4, 36, -26, 14, 12, -28, -3]
[5, 100, -10, 12, -9, 19, 24, -4]
[-34, 42, -20, 5, -2, -8, 28, 1]
[-12, 0, -39, 5, 1, 33, -19, -2]
[-20, -19, 51, 4, -6, -7, 18, 1]
[24, -47, 1, -3, -4, 2, 22, -15]
[1, 69, -11, 6, -5, -20, -7, -1]
[-21, 25, -40, 10, -5, -18, 1, 5]
[29, 53, -17, 16, -9, 19, 18, 4]
[23, 22, -8, 6, 0, 48, -7, 5]
[6, 35, 51, -28, 18, -18, -8, 13]
[-26, 36, -8, 8, 0, 27, 42, -5]
[-9, -73, 27, -9, 0, -33, 24, -7]
[-10, -51, -61, 17, -7, 62, 77, -7]
[-6, 55, -4, 2, -3, -7, -10, -1]
[4, -54, 2, -5, 0, 18, 0, 2]
[24, 19, -11, -1, 0, -14, -22, -8]
[-3, -20, -38, 2, -4, 6, -32, -1]
[-29, -37, -11, 9, -7, -45, 33, -9]
[0, -36, 52, -20, 11, -15, -6, 4]
[-8, 31, -17, 4, -11, -2, -15, -2]
[-6, -29, 40, -7, 1, -9, -30, -6]
[-16, 32, -75, 20, -14, 11, 12, -6]
[0, -34, -2, -9, 7, 0, -1, 2]
[-8, 92, -35, 5, 1, 41, 15, -7]
[18, -5, -11, -12, 11, -6, -30, -4]
[3, 54, 2, 6, -3, -8, -19, 12]
[16, 55, 19, -14, 5, -14, -13, -4]
[-5, 64, 2, 6, -6, -9, -36, 0]
[-10, -77, 31, -14, 10, -6, -42, 3]
[3, -59, -14, 2, -4, 6, 43, 4]
[12, 61, -4, 11, -4, 33, 33, 3]
[-3, -11, 15, -22, 15, -11, -34, 10]
[11, 31, -7, 0, 4, 4, -1, 1]
[34, 50, -44, 12, -7, -3, -6, -16]
[17, 25, -29, 15, -2, -3, -10, 0]
[-11, -19, 9, -2, -4, -9, 2, 3]
[-12, 14, 49, -21, 16, -13, -40, 17]
[5, -64, 33, -46, 36, -25, -5, 4]
[27, -40, 17, -13, 7, 8, 1, 13]
[-19, 14, -71, 36, -26, 19, 8, -11]
[15, -62, 49, -54, 31, -43, -20, 4]
[30, 46, -23, 23, -12, -21, 6, 11]
[1, 69, -22, 19, -13, 17, -9, -7]
[11, -64, -18, -7, 0, 7, -12, -6]
[-25, 4, 28, -12, 0, -6, -14, 1]
[12, -1, -96, 41, -27, 18, 36, -29]
[19, -28, 40, -20, 14, -29, 0, 7]
[-15, 15, 5, 13, -4, -19, -23, 21]
[-17, -36, -10, -16, 5, -14, 24, -7]
[-17, 92, 12, -7, 5, 2, -47, 11]
[2, -14, -20, 11, -5, -7, 11, 16]
[25, -27, -13, 10, -4, -5, 7, 7]
[6, 27, 11, -8, 3, -12, -20, 5]
[18, -44, 54, -45, 35, 56, 19, 14]
[44, -38, -9, 18, -12, 7, 20, -4]
[-4, 52, 7, 1, 1, -54, -12, 4]
[-8, 44, -38, 26, -17, 36, 3, -6]
[20, -50, 32, -17, 11, 24, -46, 12]
[-8, 2, -19, 8, -7, -9, -1, 1]
[-25, -17, 45, -29, 13, -11, -2, 16]
[-4, -110, 33, -17, 10, 9, 8, 0]
[12, 31, -50, 24, -22, 5, 73, -15]
[-22, 78, -12, -3, -1, -45, -15, -1]
[-26, -68, -4, 12, -6, -9, 6, -5]
[18, 49, -80, 45, -32, 41, 41, -12]
[5, -49, 17, -6, 2, 0, -10, -5]
[3, -18, 51, -13, 12, 1, -18, 5]
[-10, -112, 0, -1, -2, 19, -69, -1]
[64, -53, -31, 15, -2, 12, -9, -18]
[-15, -31, 8, -28, 11, -10, -26, 23]
[-16, 107, -105, 85, -59, 46, 47, -51]
[-13, -5, -24, 10, -1, 59, -7, 2]
[-11, -28, 18, -22, 11, -10, -45, -9]
[-17, 48, -100, 44, -23, 47, 83, 11]
[18, 59, 13, -6, 6, -4, -53, 29]
[-7, 20, -24, 10, -10, -6, 14, 14]
[-9, 46, 7, -6, -16, -93, -29, -22]
[0, -26, 54, -59, 29, -27, 8, 17]
[-12, -78, 102, -69, 43, -58, -70, -7]
[48, 16, -42, -3, 13, -33, -2, 17]
[-17, 59, 11, 6, 3, 69, -1, -1]
[-40, -28, -74, 25, -19, 3, -26, -45]
[-11, 44, -108, 55, -41, 86, 127, -21]
[33, 90, -2, -4, 22, -64, 84, 21]
[5, -38, -2, -4, -7, -54, -99, -6]
[-91, -59, 38, -37, 23, 23, -43, -26]
[-29, 27, 24, 0, 8, 25, 13, 3]
[1, 33, -22, 47, -23, 76, 31, -17]
[-50, -51, 36, -2, -22, 70, 40, -48]
[46, -31, 0, -10, -4, -26, 2, 7]
[53, -6, 30, -14, 8, 0, 7, 11]
[51, -55, 10, -26, 19, -9, -44, 8]
[-11, -39, -41, 40, -29, -51, 44, -12]
[7, 63, -32, 22, -28, -45, -97, 12]
[13, -128, 54, -39, 14, -38, -75, 7]
[-4, -19, 53, -34, 18, 13, -56, 11]
[-20, 50, 32, -34, 18, -56, -55, 8]
[-33, 6, 5, -5, 12, 62, 127, 8]
[14, -68, 25, -13, 7, -36, 5, -13]
[58, -31, 7, -3, 1, -15, -32, 2]
[-11, 14, -30, 1, 2, 14, -36, -3]
[-16, 16, 20, -21, 13, 3, 64, -4]
[30, -78, 43, -19, 7, -25, -52, 6]
[19, -84, -9, 2, 0, -11, 3, -4]
[30, 80, -85, 70, -39, 81, 3, -32]
[-27, -76, -26, 6, -12, -26, -43, -36]
[19, -35, -49, 25, -20, 0, -33, -13]
[-11, -1, 10, -10, 5, -26, -34, 16]
[34, 1, -37, 3, -2, 5, 20, 5]
[-18, 41, -25, 7, -1, -13, -56, 6]
[53, -65, 57, -22, 8, -63, -56, 5]
[-37, -17, -1, -6, 7, 5, -28, -10]
[-25, -111, 11, -3, -5, -12, 19, -2]
[-21, 46, -17, 7, -7, 15, 35, -4]
[9, -73, -2, 14, -2, 22, 16, 0]
[-32, 123, -84, 46, -33, 19, 74, -5]
[-38, -43, -13, 4, 6, 30, 17, -4]
[34, 58, 48, -20, 14, 29, 18, 20]
[-28, -88, 44, -28, 16, -15, -20, 8]
[1, 109, -64, 30, -20, 1, 53, -1]
[0, 17, 22, -9, 0, -44, -44, 12]
[-14, -30, 4, -5, 5, 28, 45, -6]
[17, -43, 10, 6, -10, 17, 11, -41]
[4, 32, 37, -23, 12, -9, 13, 22]
[2, 48, -26, 5, -1, -14, -14, 5]
[-20, -34, -44, 17, -12, 43, 35, -10]
[26, -40, -3, 4, 0, 13, 3, 1]
[-19, 16, 15, -4, 4, -10, -3, 0]
[34, -22, 6, -29, 19, -61, -61, -14]
[-20, 41, 9, 19, -13, 13, -45, -10]
[-61, 61, -8, 6, -3, -10, 6, 5]
[17, -5, 20, -8, 5, 0, 37, 11]
[-8, -6, 14, -14, 17, -3, -64, 7]
[-20, -3, -17, 7, -4, 15, 23, 6]
[-1, 6, -7, 8, -10, -6, 7, -1]
[7, -92, -37, 5, -3, 28, 4, 3]
[0, -85, -3, -9, -2, 16, -10, -12]
[7, -45, 57, -23, 6, -27, -54, 8]
[-15, -11, 1, 8, -12, 25, -6, -55]
[24, 12, -4, -3, 10, 71, 47, -16]
[-6, -31, 27, -7, 10, 5, 11, 11]
[42, -69, 65, -42, 17, -30, -3, 0]
[44, -92, 107, -51, 35, -27, -44, 9]
[18, 76, -15, 8, 1, -1, 33, 8]
[9, -50, 17, -1, 4, 16, -59, 4]
[-6, 36, -4, 3, -4, 3, -3, -7]
[-30, 48, -59, 26, -19, 6, -2, 21]
[-5, 4, 18, 1, -3, 10, 21, 9]
[4, 50, -19, 10, -2, 13, 40, 10]
[4, 58, 13, 3, -3, -22, 5, -4]
[4, 31, -51, 11, 1, 18, 4, -6]
[4, 68, 19, 5, -5, -25, -9, 3]
[27, -57, 20, 7, -6, 10, 47, -4]
[-24, -25, -38, 2, -2, 7, -7, 4]
[-1, -4, 48, -11, 7, 23, 25, 6]
[20, -42, -6, -14, 12, -1, 28, -5]
[31, -84, 73, -63, 42, -6, -54, 14]
[4, 25, -5, -1, -1, -21, -53, -6]
[-12, -26, -25, 14, -7, 26, 30, 2]
[-43, 37, -15, -1, 4, 2, -21, -5]
[-11, 65, -53, 28, -17, 33, 38, -18]
[-2, -65, 22, 4, -9, -22, -45, 3]
[12, 0, -26, 16, -9, 8, 50, -16]
[11, -17, 1, -5, 4, -6, -16, -4]
[11, -41, -14, 3, -10, 27, -19, 2]
[7, 83, 59, -23, 15, -38, -4, 8]
[-12, 14, 4, -9, 6, -59, -56, 1]
[-17, -17, -32, 8, -1, 35, 66, 9]
[5, -37, 23, -16, -1, -21, -78, -1]
[-9, -4, -18, 2, -2, -21, -33, 8]
[-4, 49, -8, -3, 3, -11, 33, 2]
[-13, -43, 26, 0, 4, 13, -26, 10]
[0, -105, 8, -5, -4, 19, 27, -9]
[-6, -52, 13, -3, -2, 10, -8, -5]
[-26, 85, -68, 27, -18, 8, 20, -7]
[-24, 39, -21, 2, -5, -2, -18, -7]
[-21, -63, 10, -15, 7, -25, -8, 0]
[30, 12, 1, -8, 1, -29, -3, -4]
[24, -23, -42, 10, -9, 12, 34, -9]
[20, 39, 32, -3, 5, 44, 75, 23]
[-29, -45, -81, 49, -35, 36, 31, -30]
[2, 67, -101, 58, -35, 56, 98, 0]
[-9, -20, 66, -50, 36, 10, -8, 16]
[50, 45, 57, -32, 28, -20, 14, 2]
[-18, 20, -53, 23, -13, 32, 54, -9]
[-2, -41, 12, -6, -2, -6, -75, 14]
[19, 31, -56, 15, -2, 34, -13, -5]
[22, -45, 52, -16, 4, -14, -18, 19]
[10, -24, 29, -14, 6, -37, -5, 14]
[12, 1, 24, -10, 5, -5, 21, 16]
[-18, -17, -58, 12, -17, 39, -7, -30]
[12, 9, 9, -19, 14, 24, 77, 30]
[-60, 9, 10, -9, 7, -40, 13, -11]
[-89, -35, -10, 10, -9, 25, -46, -40]
[20, 127, -64, 36, -17, -4, -8, -3]
[34, -7, 4, 3, 1, 31, -37, 4]
[-29, -37, 18, -15, 1, -8, -21, 26]
[44, -30, 62, -53, 53, 8, -83, 16]
[-2, 71, -42, 18, -18, -56, -75, -3]
[34, 44, 8, -19, 9, -44, 74, -11]
[27, -64, 6, -5, 0, -10, 113, -32]
[2, -66, -19, -3, -12, 13, 39, -23]
[-60, 82, -101, 64, -46, 35, 20, 1]
[79, -46, 2, -9, 9, -7, 1, 37]
[28, -19, 11, -22, 29, -12, -61, 19]
[-50, -4, -40, 16, -7, 52, -57, -5]
[-26, -52, -46, 13, -21, -12, 40, -50]
[7, 26, -5, -6, 0, -14, 21, 19]
[14, -17, 45, -15, 19, 8, -22, 25]
[8, -76, -52, 10, -12, 1, -85, -18]
[50, -48, 45, -49, 35, 10, 16, 13]
[-30, 93, 23, -20, 12, -30, 48, 2]
[-49, 86, -38, 17, -21, -44, 0, 20]
[48, -111, 18, -14, 8, -32, -99, -7]
[40, 39, 31, -10, 8, -56, 28, 41]
[57, 18, -3, -11, 7, 25, -20, 5]
[-7, -6, 6, -1, 22, 33, 21, 4]
[5, 100, -85, 46, -34, 26, -3, 15]
[-71, 29, 43, -52, 26, -46, -87, 13]
[-20, 10, -74, 34, -25, 39, 29, -24]
[-11, 24, 12, 17, -9, 19, -35, 30]
[-13, -26, -19, 6, -12, -7, 0, -9]
[-3, -37, -28, 0, -7, 32, 63, -1]
[27, 45, -18, 1, 1, -45, 0, -2]
[19, -28, 46, -20, 17, 6, -33, 4]
[-40, -80, 61, -50, 51, -11, 21, 36]
[-15, 35, -46, 29, -26, -17, 13, -4]
[-16, -66, -21, 10, -10, 14, -23, -2]
[26, -49, -37, 35, -23, 30, -52, -22]
[27, -72, 62, -50, 32, -14, -3, 13]
[-5, 42, -37, 11, -9, 0, 23, 2]
[-9, -19, 14, -10, 2, 29, -46, 5]
[-11, 25, -7, 18, -14, 3, -10, -5]
[13, -20, -64, 37, -20, 13, 24, -7]
[7, 44, -23, -16, 3, 25, -54, 15]
[-29, -50, 37, -20, 3, 47, 79, -18]
[-6, -89, 32, 4, -5, 8, -17, -2]
[12, 1, -33, 21, -9, 56, 52, -7]
[20, 36, 8, 0, 6, 39, 17, 4]
[-34, -53, -29, -2, 2, 75, 116, -28]
[31, 40, 56, -13, 9, -20, 42, 16]
[-15, -23, -13, 10, 0, 24, -43, -1]
[1, -11, 26, -16, 6, 18, 46, 6]
[2, 87, -6, 9, -6, -6, -14, 5]
[-10, 92, 9, -5, -3, -40, -60, -3]
[7, -5, -8, -4, 7, -26, -25, 7]
[-23, -16, -46, 18, -12, 3, -20, -14]
[-10, -33, -9, -5, -11, -49, -91, 6]
[38, -48, 18, 3, 2, -29, 27, 14]
[7, 55, -2, 6, -1, -8, 16, 1]
[-58, 7, -49, 32, -25, 48, 51, -30]
[-4, -69, 17, -11, 6, 0, -56, -4]
[-5, -101, 57, -16, 5, -12, -42, 9]
[36, -37, 66, -55, 36, -17, -39, 26]
[21, 44, 9, 11, -5, 27, 33, 9]
[-14, 97, -45, 25, -21, -9, -52, 6]
[-7, 64, -13, 14, 1, 68, 74, -10]
[22, -88, 71, -67, 42, -63, -38, 3]
[0, 21, 5, 1, -3, 1, -65, 5]
[-50, -23, -2, 6, -9, -41, -74, 2]
[7, 2, -29, 4, -4, -31, -80, 2]
[-34, 46, -12, 21, -23, -16, 56, -6]
[4, -40, 33, -17, 8, -30, -38, 6]
[-13, 7, -55, 26, -12, 34, 13, -18]
[8, 35, -21, 20, -2, 40, 43, -5]
[-4, -31, -8, 0, 3, -27, -38, 7]
[-11, -82, 26, -9, 2, -8, -53, 12]
[-4, 78, -15, 4, -3, -15, -14, -5]
[22, -12, -12, -5, 6, -35, -40, -11]
[7, 30, -47, 18, -17, -5, -16, -17]
[-30, 41, -8, 3, -10, -48, 48, -9]
[37, 79, -68, 35, -9, 64, 73, -6]
[-10, 27, -54, 22, -9, 20, 0, -9]
[111, 42, 66, -64, 65, -61, -60, 48]
[16, -80, 81, -69, 40, -35, -31, 22]
[-16, 40, -50, 30, -22, 14, 14, -6]
[19, 27, 26, -4, 1, -32, 30, 36]
[74, 13, -13, 3, -1, -28, -52, 13]
[-22, -52, -48, 19, -20, -8, -7, -17]
[17, -38, 14, -8, 1, -15, -11, 6]
[-19, -19, -26, 7, -2, 65, 80, -3]
[22, -57, 60, -23, 10, -20, -34, 8]
[22, 121, -22, 0, 4, 4, -27, -5]
[-39, 7, -5, 2, 2, -14, -25, 6]
[-54, 46, 32, -15, 0, -12, -22, 9]
[27, 31, -27, 10, -9, 10, 35, 6]
[33, -20, -12, 6, -3, -8, -9, 1]
[13, 104, -49, 36, -12, 20, 107, 3]
[-23, -65, -16, -4, -9, -12, 7, -18]
[10, 18, -23, 15, -8, 10, 22, 9]
[-19, -16, -3, 7, -8, -7, 2, -5]
[1, -64, 71, -28, 22, 14, -39, 25]
[22, -15, 0, -9, 0, -40, -68, 9]
[37, -53, 24, -10, 4, -19, -41, 17]
[-42, -81, 34, -21, 12, -18, -19, -9]
[14, -40, 7, -3, 1, -8, -35, -1]
[0, 38, -4, -1, -9, -35, -13, 6]
[36, 60, -22, -1, 2, -28, -8, -17]
[11, 27, -14, -1, -3, -3, -53, 6]
[8, -75, 6, 5, -3, 19, 17, -4]
[13, 31, -5, 6, -1, 12, 31, 6]
[39, 1, 37, -21, 18, 3, -10, 14]
[8, 21, -41, 5, -10, -31, 38, 4]
[-13, 63, -65, 27, -18, 33, 11, 10]
[-53, 90, -53, 31, -28, -12, 82, 15]
[7, 46, -13, 1, -5, 8, 13, 9]
[-56, -33, 46, -23, 17, 1, -88, 5]
[4, -13, -7, -1, 1, -10, 21, -5]
[-4, -38, -3, 12, -6, 35, 55, 3]
[18, 39, -21, 10, -8, 38, 77, 1]
[-21, -84, 54, -26, 27, 25, -34, -13]
[-68, -74, -60, 15, -16, 18, 8, -13]
[35, 24, 41, -27, 14, -44, -71, 11]
[30, -96, -16, 4, -6, -1, 8, 4]
[-49, 55, -9, -1, -12, -33, -28, -4]
[17, 8, -6, 7, -6, -9, 19, 0]
[9, 71, -29, 6, -3, -24, -11, 24]
[-9, -27, -20, 8, -5, -25, -4, -9]
[-14, 0, 17, 2, -7, 4, -64, 7]
[34, 58, -21, 12, -4, -28, -27, 9]
[-41, 8, 0, 8, -2, 28, 43, 2]
[-27, -32, -54, 23, -14, 43, 10, -19]
[-39, -16, -29, 8, -3, 9, 43, -23]
[-19, -77, -34, 15, -12, -13, -37, -1]
[-53, 91, -42, 30, -17, 23, 30, -16]
[77, -42, 14, -21, 10, -52, -70, 33]
[7, 82, -32, 7, -5, -20, 11, 9]
[46, -74, -18, 13, -14, 33, 9, -13]
[24, 67, -25, 6, -7, -13, 8, 8]
[-18, -17, 1, -5, 7, -2, -35, 4]
[-25, 73, -13, -4, 1, 14, 43, 6]
[-24, -51, -37, 16, -14, 28, 18, -15]
[55, 123, -29, 16, -13, -2, -4, 9]
[-12, -45, 53, -31, 17, -20, -87, 5]
[1, -58, 12, -7, -1, -13, -4, 8]
[-34, -62, 21, -14, 9, -8, -9, -1]
[-10, 46, -17, 9, -3, 3, 0, 12]
[37, -63, 9, -1, -2, -12, 2, -14]
[10, 19, -17, 19, -9, -8, 19, -5]
[26, -40, 82, -64, 38, -38, -52, 33]
[62, 1, 50, -20, 22, 28, 15, 24]
[24, 62, -21, 13, -2, 16, -7, 5]
[-57, -5, -48, 6, -17, -25, -8, -8]
[2, 68, -7, 10, -1, 2, 14, -1]
[6, -75, 13, -9, 7, 21, -1, -13]
[-51, 81, -62, 34, -28, 8, 28, 16]
[-27, -41, -20, 4, 1, 15, -5, -3]
[26, -35, -7, -3, 1, -19, 2, 8]
[-15, 74, 38, -35, 20, -32, -15, 11]
[42, 22, 6, 2, 3, 32, -18, 9]
[20, -64, 16, -2, 14, 70, 59, 6]
[-63, 48, -37, 1, -20, -2, -16, -2]
[37, 9, 40, -35, 35, -30, -16, 26]
[31, 32, -40, 15, -12, 46, 16, 17]
[-11, -57, -7, -6, -9, -50, 15, 10]
[-31, 55, -83, 36, -30, 25, -1, -43]
[-49, 1, 12, -8, 6, -19, -36, -5]
[-30, 27, -87, 63, -48, 74, 114, -37]
[-15, -15, 87, -50, 36, -20, 57, 25]
[-25, -52, -48, 2, -1, -2, 16, 17]
[41, -15, 8, -25, 10, 28, -74, 12]
[-63, -45, -15, 13, -9, 31, 32, -12]
[-27, -10, 21, -15, 8, 57, 48, -13]
[-81, 24, -63, 25, -31, -29, 8, -19]
[0, -44, 19, -9, 1, -2, 41, 12]
[29, -20, -25, 0, 0, -29, 22, -4]
[-21, -36, 20, -16, 6, -26, 10, 18]
[20, -12, -30, 16, -1, 9, -35, -7]
[-2, 69, -59, 34, -18, 7, -6, -4]
[57, 68, -66, 39, -11, 30, 17, -14]
[8, -72, -10, -7, -1, -24, -8, -3]
[-15, 9, -2, 4, -6, 8, -8, -4]
[38, -5, 39, -19, 12, 9, -44, 10]
[5, 38, 27, -10, 6, -2, 19, 27]
[-42, -30, -50, 26, -22, 72, 44, -50]
[-15, 88, 4, -9, 13, 22, 49, 6]
[-39, -11, -17, -6, 3, -29, -71, -7]
[33, 104, 14, 1, 2, -2, 5, 37]
[-59, 38, -40, 56, -44, 44, 108, -46]
[3, -61, -58, 6, -16, 21, 32, 0]
[-3, 32, 52, -37, 22, -33, -31, 23]
[12, -88, 35, -38, 22, -17, -40, 11]
[10, -7, -5, 8, -2, 16, 3, 2]
[-39, 23, 17, -17, 9, -24, -32, 14]
[26, 65, -48, 60, -45, 53, -7, -43]
[-33, -16, 10, -14, 6, -17, 17, 16]
[4, -7, 15, -8, 15, 18, -78, 6]
[60, -47, 79, -79, 55, -28, 36, 30]
[-10, 41, -17, 3, -6, -9, 32, 9]
[34, 119, -42, 42, -14, -8, -31, 27]
[4, -4, 1, -6, 2, -5, -66, 3]
[-32, 104, -72, 27, -19, -25, -4, -4]
[-20, -90, 3, -1, -8, -12, -7, -3]
[27, 66, 9, 8, -5, -56, -91, 8]
[30, -74, 32, -19, 15, -10, 43, 18]
[-21, -22, -3, -2, 1, 10, 41, -16]
[21, 106, -19, 24, -13, -23, 1, 9]
[34, 15, 68, -43, 29, -11, -75, 30]
[-7, -31, 36, -23, 9, -19, 14, 6]
[30, 84, -71, 43, -24, 31, 35, -13]
[12, -50, -69, 35, -22, 57, 33, -29]
[-10, -14, -14, 9, -11, -30, -9, 11]
[9, 1, -1, 11, -8, -6, -10, 7]
[-14, 32, -18, 3, 5, -3, 46, 8]
[-1, -46, -1, -6, 3, -11, -64, 6]
[37, 51, 66, -49, 27, -24, -17, 26]
[-55, -32, -4, -5, 0, -3, 5, 14]
[34, 40, 14, 5, -6, 2, 8, 47]
[16, 104, -113, 52, -32, 22, 76, -2]
[8, 35, -5, -11, 3, -20, -28, -10]
[-4, -2, -31, 8, -9, 72, 39, -4]
[17, 63, -20, 2, 7, -9, 34, 5]
[-13, -34, -19, 12, -11, 39, -61, -24]
[-25, -3, 10, -18, 13, 11, 33, 9]
[55, 80, -20, 8, -10, 22, 17, 2]
[63, 53, 34, -14, 20, -8, -27, 10]
[18, 4, -2, 7, -8, -31, -72, 3]
[-37, -43, -9, -9, 0, 9, 32, -11]
[-14, 6, -9, 3, -3, -17, -33, 9]
[23, 49, -34, 21, -13, -2, -11, 9]
[-49, -6, -40, 11, -11, 10, 27, 12]
[55, -50, -19, -3, -4, -7, 60, -16]
[-90, 23, -12, 8, -13, -30, -28, -2]
[-38, -8, -6, 2, -1, -9, -37, -3]
[13, 84, -24, 9, -4, 54, 5, -1]
[-28, 69, -73, 48, -28, 25, 22, -22]
[-36, 42, 0, -10, 1, 12, 30, 8]
[-6, -61, 25, -9, 10, -35, -51, -2]
[-3, -47, 22, -12, 7, -40, -10, 16]
[4, 18, 14, -10, 2, -21, 5, 8]
[25, -89, 66, -59, 35, 32, 61, 15]
[0, 31, -10, 11, -6, -3, -29, 17]
[0, 18, -19, 10, -9, -13, -47, 2]
[8, -19, -2, 4, 1, 5, -10, 2]
[4, -19, -11, 2, -7, 1, -35, -11]
[8, 18, 4, -2, 1, -1, 13, 14]
[8, 79, -3, 6, 1, 23, 73, 7]
[-5, -13, -10, -2, -1, -30, -14, 2]
[0, 8, 32, -18, 11, 21, 30, 9]
[3, 25, -13, 7, -4, -15, -13, 2]
[3, 17, -1, 1, 3, 44, -27, 6]
[43, 37, 30, -32, 30, -19, -38, 23]
[-4, -7, -14, 15, -9, 3, 2, 1]
[-9, 29, -14, 10, -9, 19, -2, 7]
[-53, 82, -44, 23, -13, 39, 28, -10]
[-8, -81, 10, -5, 4, -37, -30, 2]
[21, -68, 26, -35, 12, -19, -26, 11]
[-47, 43, -13, 11, -5, 45, 33, -2]
[9, -45, -1, 1, -6, -46, 10, -4]
[30, -74, 7, -1, -3, -31, 32, -1]
[4, 67, -29, 15, -12, 4, -8, -10]
[-25, 31, -13, 9, -6, 9, -8, 2]
[-46, 34, -71, 38, -30, 34, 3, -38]
[-25, -7, 22, -14, 3, -4, -18, 11]
[3, -37, 36, -15, 15, -6, 10, 3]
[23, -67, 10, -9, 3, -9, -13, 8]
[7, -13, -4, -1, 3, -10, 6, 2]
[-1, 26, -6, 1, 0, 1, 18, 5]
[11, 39, -11, 7, -1, 5, -6, 6]
[-14, 20, 0, -1, -2, -3, 3, 1]
[-6, -25, 1, -1, -3, -8, -6, 6]
[-1, -79, 12, -9, 8, -5, -11, 5]
[-12, 28, -15, 11, -7, 15, 15, 0]
[4, -16, -6, -3, 2, -6, -13, 1]
[6, 46, -12, 3, -6, 12, 3, 1]
[15, 22, -5, 5, 0, 30, 29, 1]
[11, 36, 13, -6, 3, -15, -1, 4]
[-11, -21, -3, -1, -5, -1, 2, 3]
[3, 46, -4, 2, 0, -1, -1, 5]
[20, -45, 67, -38, 23, -19, -11, 22]
[-10, -30, -10, 7, -1, 3, -6, 1]
[-1, 0, -10, 3, -7, 2, -3, 2]
[-11, -1, -14, 7, -7, -1, 5, 1]
[-8, -117, 12, -7, 4, 8, -13, 5]
[-19, -45, -8, 0, -7, -31, 14, 2]
[-4, 47, -15, 9, 0, 1, -3, 3]
[-10, 69, -6, 3, -1, 7, 4, -1]
[15, -12, 5, -2, 2, -7, -7, 4]
[0, -33, -20, 5, -8, -3, 6, -2]
[14, 87, -6, 2, 2, -3, -36, 1]
[0, 17, -4, 3, 1, 4, 14, 3]
[-26, -23, 4, -5, -4, -6, -1, 1]
[-2, -47, 5, -1, -1, -17, 5, 2]
[4, -5, -10, 4, -3, 6, -1, 2]
[-11, 85, -18, 3, -4, 6, 14, 8]
[2, 21, 2, -2, 2, 7, 12, 3]
[14, -61, 18, -8, 6, -2, 1, 7]
[6, -35, 5, -3, -1, -13, -7, 3]
[-1, -28, -3, -3, -4, -5, -4, 0]
[13, -45, 55, -25, 10, -4, -11, 7]
[-1, 5, -18, 9, -8, 6, -7, 1]
[-8, 3, -3, -1, -2, -1, -20, 2]
[-9, -17, -11, 5, -4, -7, 5, 6]
[-1, 10, -15, 6, -5, 1, 54, 3]
[-10, 12, -22, 8, -6, 1, 11, 2]
[-14, 32, 2, -2, 5, -3, -16, 4]
[15, 77, -8, 5, -3, -5, -1, 5]
[4, 127, -54, 23, -13, 33, 41, 8]
[0, -47, 2, -1, 2, 13, -12, 2]
[-4, -37, 8, -4, 2, -10, -15, 4]
[1, -2, -9, 1, -2, 19, 19, 4]
[2, -14, 11, -5, 1, 2, -2, 3]
[-7, -76, 5, -6, 3, -13, -11, -1]
[-4, 31, 9, -6, 5, -13, -14, 1]
[-5, 25, -4, 2, 0, -2, -2, 5]
[-39, -22, 14, -10, 2, -3, -1, 8]
[-14, 16, -17, 7, 2, 36, 11, 1]
[9, 74, -18, 4, -6, -4, 18, 2]
[-16, 7, -8, 3, 0, -9, 8, 6]
[-22, 60, -10, 1, -8, -27, 7, 12]
[15, 20, -7, 2, -6, -5, -20, 0]
[-7, -17, -34, 11, -7, 14, -2, -18]
[-8, -43, 10, -5, 10, 26, -40, -2]
[8, 73, -24, 7, -6, 27, -2, 7]
[6, 44, 9, -9, 4, 17, 3, 7]
[1, 15, -31, 11, -8, -16, -3, 0]
[25, 19, 7, 0, -1, -14, -3, 8]
[18, 73, 10, -4, 5, -2, -25, 12]
[3, -72, 6, -15, 15, -6, -11, -6]
[-10, 70, -6, 2, -6, -11, 10, 6]
[-2, 39, -40, 22, -10, 48, 43, -6]
[21, -93, 5, -12, 5, -6, 1, -9]
[-2, 0, 7, -8, 1, 13, 8, 9]
[-18, 36, -9, 5, -2, -23, -43, 9]
[-16, 3, -19, 14, -10, -5, 7, 6]
[28, 44, -34, 23, -20, 32, 15, 7]
[-56, -52, 29, -29, 10, 0, 72, 14]
[27, -50, -50, 24, -16, 3, -19, 13]
[50, -56, 39, -14, 6, -42, -30, 6]
[19, 24, -5, 1, -5, -43, -92, 0]
[-49, -30, -84, 36, -23, 3, 18, -15]
[27, -120, 3, -3, -4, 19, -59, -2]
[33, 59, -31, -12, 8, -24, 20, 21]
[-49, -61, 12, 4, -1, 50, 49, 12]
[-15, 55, -19, 11, -11, -8, 14, 6]
[8, -42, -20, 14, -3, 11, -31, 3]
[33, 69, -10, -2, 12, -1, -20, 13]
[44, -18, 50, -30, 17, 9, -19, 21]
[17, 33, -9, 2, -4, 0, -41, -8]
[27, -32, 17, -15, 1, -23, 21, -2]
[-35, 71, -5, 7, -1, -9, 15, -17]
[17, -71, 44, -48, 30, -13, -82, -10]
[18, 56, -15, 14, -14, 3, -6, 2]
[0, -9, -7, 0, -16, -7, 11, -2]
[80, 49, -3, -16, 14, 36, 56, 23]
[22, 7, 33, -26, 17, -31, -45, 33]
[-48, 125, -106, 67, -44, 6, 20, -6]
[-5, 23, -43, 12, -17, 40, -4, -35]
[7, 39, 46, -20, 8, -79, -80, 12]
[10, -78, -36, 19, -21, -38, -53, -39]
[2, -100, 116, -50, 39, -4, -45, 31]
[59, -16, 28, -19, 24, 34, 83, 11]
[22, -62, 8, -22, 14, -39, 37, 11]
[6, -85, 63, -58, 26, -33, -82, 14]
[2, 94, -101, 51, -28, 45, 65, -14]
[83, 45, 41, -21, 20, -3, 33, 14]
[-66, 61, -79, 38, -33, -35, 51, -18]
[-16, 9, -37, 7, -11, -23, -42, 24]
[35, 20, 37, -9, 2, -13, 22, -1]
[31, 84, -97, 69, -49, 31, 9, 12]
[60, -19, 40, -31, 25, -27, -28, 9]
[-5, -94, -40, 10, -6, -1, -40, -5]
[-55, 105, -53, 32, -21, 32, 42, 2]
[-28, -56, -18, 14, -15, 20, 15, 8]
[2, -1, 3, 4, 1, -38, -22, 4]
[10, -39, 87, -76, 30, -74, 2, 26]
[15, 104, -67, 36, -24, 65, 77, 4]
[-22, -52, 37, -17, 7, -60, -73, -41]
[32, 35, -11, 16, -6, 35, -2, 9]
[-34, 49, -66, 54, -36, 44, 31, -31]
[13, -23, 34, -19, 4, -111, -63, 19]
[-38, 52, -94, 42, -22, 37, 19, 0]
[-35, -15, 11, -18, 15, -20, -37, 22]
[5, -58, 6, -5, 3, 41, -35, 15]
[-13, -44, -45, 11, -7, 25, 65, -9]
[50, 110, -44, 29, -9, 80, 116, -16]
[-37, 49, -50, 41, -45, 33, -74, -43]
[-16, 49, 0, 5, -8, -12, 6, 5]
[6, 92, -34, 11, -11, -22, -19, 5]
[-66, -3, 80, -41, 23, -53, -79, 6]
[-21, -86, -27, 14, -8, -8, -7, 0]
[-11, -16, 38, -20, 5, -60, -13, 3]
[6, -32, -42, 8, -8, 35, -9, 7]
[0, 14, 10, 2, 2, -1, -30, 7]
[-34, 104, -23, 8, -9, 1, -2, 0]
[-8, -53, -6, -6, 0, -31, 7, 6]
[5, -65, 17, -13, 9, -11, -7, 9]
[-28, 42, -27, 3, -7, -15, 22, -2]
[-16, -67, 1, -5, 3, -3, 37, 0]
[-23, 12, -14, 7, -4, 43, 11, 13]
[47, -35, -39, -1, -3, -39, 2, -5]
[-27, -83, -8, 2, -3, -32, 1, 7]
[-5, 68, -74, 36, -23, 39, 57, -1]
[18, -22, 6, 0, -5, -3, -31, 10]
[22, -98, 38, -19, 13, 3, 6, 5]
[1, -55, 37, -23, 7, -24, -91, -3]
[-25, 98, -92, 38, -36, -27, -20, -14]
[-1, -12, -20, -1, -1, 2, -47, 1]
[11, 8, 11, -3, 0, -17, 45, 5]
[16, -33, 21, -12, 5, -61, -22, 11]
[16, 82, 6, 1, 2, -7, 19, 0]
[6, 1, -7, -4, 10, -8, 12, 7]
[4, 76, -5, 2, -5, -8, -14, 7]
[0, -94, 24, -11, 1, 6, 46, 0]
[-6, 1, -12, 0, 0, 12, -49, 6]
[-7, 61, -36, 10, -8, 17, -10, 10]
[-41, 0, -31, 14, -12, 10, 37, -6]
[-15, 17, -5, 5, -8, -28, 5, 5]
[45, -70, 42, -16, 12, -6, 27, 4]
[-12, 48, -71, 39, -24, 101, 0, -40]
[-11, -25, 28, -8, 6, -10, -36, 12]
[18, -37, 19, -15, 9, -22, 30, 15]
[-8, 6, 12, -1, 5, 9, 32, 4]
[-6, 30, -2, -2, 11, 29, 9, 8]
[19, 12, -7, -5, 4, 9, 8, 3]
[-21, -12, -25, 10, -23, -33, 20, 3]
[12, 12, 26, -12, 7, -5, 19, 16]
[-32, 63, 25, -18, 10, -15, -40, 11]
[-32, -35, -14, 8, -8, -8, -16, 0]
[-7, 20, -16, 10, 4, 26, 8, -1]
[-13, 42, -12, 4, -5, -11, -5, 0]
[8, -6, 1, 2, 1, -2, -4, 7]
[-27, 96, -69, 57, -38, 23, 33, -31]
[2, -60, -16, 5, -5, -11, 9, 1]
[-8, -41, -7, -2, -1, -31, -11, 6]
[6, -19, 7, -14, 10, 1, 6, 7]
[-8, -43, 0, -1, 1, 1, 20, 7]
[-7, -12, 4, -9, 2, -14, 5, 3]
[1, -20, -1, 1, -3, -36, -32, 6]
[-12, -52, -10, -1, -6, -12, -10, -8]
[0, 12, 10, -8, 11, -15, -34, 7]
[7, 27, -6, 1, -4, -5, -11, 5]
[1, 16, 2, 0, 3, 46, -56, 1]
[-2, 62, -1, 3, -3, 2, -13, 4]
[10, -12, 0, 0, 6, -5, 13, -3]
[-13, 17, 20, -11, 6, -12, 20, 0]
[10, 45, -12, 4, -4, 13, 18, 3]
[-7, -62, 18, -11, 1, -30, -31, 6]
[-4, 4, 5, 0, -1, -20, 16, 4]
[-5, 6, -7, 2, 0, 10, -1, 2]
[2, -94, 7, -6, 1, 32, 13, 3]
[-3, -38, 12, -7, 1, -35, -8, 5]
[-23, -53, 12, -7, 6, 7, -13, 5]
[-2, -31, -4, -4, -3, -5, -7, 2]
[15, 21, 11, -6, -1, 2, 13, 5]
[7, -16, 2, -3, -4, -38, 0, 1]
[-11, 22, -3, 2, -3, -4, 4, 2]
[22, 72, 7, -3, 4, 45, 48, 12]
[-9, 5, -7, 0, -4, -5, 44, 3]
[3, -22, 8, -6, -1, -18, -12, 5]
[3, 50, -10, 4, -2, -12, 4, -1]
[3, 12, -8, 4, -3, -16, 23, 1]
[-4, 5, 2, -9, -5, -1, -14, 5]
[2, -3, -3, 3, -1, 0, 3, 4]
[-55, -72, 21, -16, 8, -9, -46, 6]
[10, 32, -6, 3, 4, -9, 10, 3]
[5, 20, -9, 3, 1, -8, -12, 4]
[9, 2, 4, 0, -2, -3, -31, 3]
[-14, 38, -9, 8, 4, 36, 17, 1]
[-20, 96, -19, 6, -9, 6, 2, 13]
[-17, -11, 9, -8, 5, -5, 1, 2]
[4, -21, -7, 4, -2, 8, 5, 4]
[-3, -23, -4, 1, 1, -11, -1, 3]
[26, 69, -25, 11, -7, 23, 12, 7]
[-14, 82, -71, 42, -14, 78, 77, -23]
[-2, 25, -2, 0, -1, -1, 34, 6]
[-6, 16, 12, -8, 4, 2, 1, 7]
[34, -58, -9, 3, -4, 11, 23, 0]
[4, 39, 0, 2, 3, -1, -40, 6]
[-30, -67, 5, -5, -1, -12, -18, 7]
[5, -38, 9, -6, -4, -19, -35, 21]
[6, 19, 57, -27, 16, -22, -12, 27]
[-8, -61, 0, 0, 2, 16, 28, 11]
[17, 28, -10, -25, 12, -46, -58, 10]
[3, -51, -14, 13, -8, 64, 87, 1]
[9, 23, -21, 12, -9, -26, -18, 1]
[14, 22, -3, 7, -7, -28, -25, 9]
[2, -50, -24, 8, -9, -2, -10, 2]
[-46, -8, -55, 29, -27, 11, -19, -19]
[-5, 8, 13, -8, 3, -20, -15, 5]
[-32, -17, -8, -2, 5, -3, -8, 7]
[63, 31, 1, -7, 0, -35, -81, 14]
[14, 112, -6, 8, -1, 39, -2, -2]
[-19, 44, -33, 20, -4, -15, 33, 22]
[38, 73, 19, -11, 10, -9, 57, 25]
[-49, 96, -4, 4, -1, -13, 1, 1]
[-16, 14, 1, -4, 3, 47, 67, 3]
[-7, 35, -45, 15, -21, -28, -13, -6]
[50, -77, 43, -29, 8, -56, -66, -20]
[-2, -106, -4, -1, -4, -54, 78, -4]
[-15, 23, -64, 43, -22, 41, 21, 25]
[38, 22, 30, -32, 37, -13, -40, 29]
[-43, -99, 6, -5, 0, 43, 23, -5]
[6, -69, -28, 14, -10, 9, -12, -3]
[-50, 19, -95, 39, -34, -12, -34, -5]
[57, 41, -12, -5, 11, 75, 63, 3]
[-29, -11, 5, -15, -3, -68, -87, -18]
[0, -102, 54, -15, 21, -6, 9, -16]
[-48, -32, -61, 40, -27, 74, 15, -36]
[12, -37, -3, -4, -4, -65, 10, 26]
[91, 20, 8, -11, 7, -28, -37, 6]
[-12, 56, 62, -41, 22, -54, -51, 56]
[-16, 92, -52, 21, -22, 32, 12, -10]
[14, 2, -23, 16, -2, 35, 28, 3]
[-25, -5, -21, 2, -7, -15, -65, 8]
[-38, -40, 45, -19, 20, -22, 44, 4]
[-3, -31, -10, 3, 3, 68, 21, 5]
[64, -23, -19, -4, -3, -53, 12, 18]
[28, 91, 26, 1, -3, -28, 12, 9]
[-13, 59, -83, 19, -15, -16, 24, 3]
[14, -18, 68, -32, 18, -29, -109, -4]
[-23, -6, 16, -13, 3, -51, -102, -1]
[-7, -3, -4, -1, -4, 45, -39, 15]
[-13, -11, 27, -8, 1, -43, -37, -11]
[-62, -69, -4, -6, 11, 44, 13, 5]
[9, 52, -15, 22, -11, 34, 84, 39]
[52, 50, 4, -21, 12, -32, 24, 34]
[18, -23, 5, -7, 7, -21, -43, 3]
[-14, -46, 9, -8, 1, -17, -12, -4]
[1, 22, 7, -3, 1, -14, -17, 9]
[8, 47, -29, 8, -4, -10, 24, 10]
[-19, -60, 27, -18, 10, -38, 68, 5]
[21, 42, -28, 8, -5, 25, 9, 6]
[33, -109, 21, -3, 5, -30, -33, 12]
[0, -57, 23, -15, 4, -38, 15, 13]
[-25, 40, 10, -32, 20, -33, 34, 20]
[-7, 32, -10, -2, 2, 26, 48, 13]
[-42, -9, 18, -25, 13, 2, 1, 9]
[-14, -47, -1, -1, -5, -15, -8, -5]
[-3, -11, 17, -9, -4, -16, 0, 6]
[3, 73, -45, 24, -4, 109, 107, -9]
[-27, -39, 25, -12, 3, -14, -9, 10]
[-3, 39, -33, 23, -16, 1, 3, 20]
[7, -35, 4, 1, -5, -7, -28, -1]
[-12, 65, -72, 42, -24, 15, -9, 1]
[13, -69, 31, -16, 11, -36, -38, 3]
[-14, 104, -47, 25, -18, 9, 21, 16]
[26, -63, 57, -28, 18, -24, -31, 12]
[-7, 20, 8, -3, -3, -28, -23, -5]
[1, 99, -27, 5, 4, 24, 42, -9]
[7, 17, -10, -3, -9, -7, -10, 5]
[-39, 47, 20, -6, 8, 21, 49, 7]
[-19, 52, -40, 8, -4, -23, -45, 4]
[16, 39, 19, -4, -4, 4, -24, 1]
[-4, -49, 6, -5, -2, -8, -9, 1]
[21, 50, -3, -11, 15, 17, 46, 2]
[22, -40, 22, -6, -1, 7, -20, 1]
[-9, -70, 68, -28, 22, -2, -39, 6]
[-8, -83, 0, -2, -6, 19, 4, 1]
[6, -21, -14, 3, -8, -17, 5, 6]
[-38, 127, -110, 60, -33, 39, 20, 10]
[29, 50, 33, -14, 8, 12, 33, 6]
[1, -56, 4, -6, 3, -15, -6, -2]
[-16, 11, -29, 7, 5, 17, -56, 14]
[13, -70, 56, -77, 51, -91, -31, 13]
[-10, -79, 49, -22, 19, 18, 13, 8]
[15, -33, 7, 3, -10, -28, 3, 4]
[-21, -13, -7, 1, -3, 26, -1, -7]
[-7, 3, -17, 3, -4, -10, -19, 5]
[10, 61, -2, 10, -5, -3, -17, 6]
[-5, 58, -22, 10, -9, 12, -2, -1]
[41, -91, 3, -1, -8, 15, 9, -6]
[22, 74, -29, 6, -7, -22, -4, 5]
[2, -18, 51, -27, 15, 31, -31, 12]
[-32, 15, -23, 5, -10, -31, 54, 21]
[-21, 37, -12, 7, -2, 3, 42, -3]
[7, 38, 4, -1, 5, 5, 17, 5]
[9, 8, -6, -3, 1, -3, -19, 2]
[8, 100, -22, 1, -2, -10, -20, 10]
[-13, -27, -2, -8, 0, -1, 41, -5]
[-3, -55, -68, 25, -30, -26, 12, -4]
[16, -15, 6, -8, 5, -9, -6, -3]
[7, 71, -1, -1, -4, -7, -7, 2]
[20, -17, 11, -7, 8, 5, -18, 10]
[11, -62, -2, -2, -5, -45, 0, 0]
[-46, -19, 11, 0, 0, -17, -18, 21]
[1, -71, -11, 0, 3, 32, -15, 3]
[10, -18, 25, -16, 13, 21, 11, 6]
[52, -92, 45, -43, 23, -3, -34, 14]
[-25, 35, 33, -15, 6, 2, 95, 4]
[4, 44, -74, 44, -27, 18, -59, 11]
[-48, -82, -19, 2, -3, 28, 2, -6]
[-4, -80, 43, -28, 8, -60, -88, 10]
[25, -15, -11, 11, -7, 27, 29, -13]
[-14, 88, -32, 3, 11, 62, -15, 11]
[33, -40, -9, 9, -9, 6, -13, -9]
[7, 23, 33, -8, 9, -16, -24, 8]
[8, 27, 19, -12, 5, -20, -68, 7]
[24, -57, 52, -17, 17, 56, -27, 20]
[-43, 83, -40, 25, -18, 39, 51, -31]
[2, 23, 34, -12, 1, -81, -19, 15]
[7, -68, 33, -20, 15, -17, 13, 4]
[-77, -22, -39, 45, -31, 109, 86, -3]
[11, -29, -59, 25, -16, 15, 10, 2]
[10, 127, -100, 44, -20, 25, 40, -2]
[57, 32, 2, -5, 7, 22, 70, 4]
[-12, 85, 12, -12, 10, -25, -56, 23]
[-7, -24, -4, 2, 2, 6, -3, 1]
[-29, 43, 0, -6, 0, -15, -93, -18]
[15, -69, 53, -14, 6, 14, 3, -29]
[1, 10, -6, 13, -6, -6, -32, -8]
[16, 23, -4, 2, 0, 7, 59, 3]
[-53, 23, -17, 11, -5, -3, 48, -32]
[-29, -39, -2, -4, -8, -49, 53, 1]
[-13, 19, 8, -9, -5, -74, -128, -4]
[27, 88, -59, 37, -23, 79, 66, 13]
[-24, -21, -42, 11, -14, 25, -58, 3]
[15, -82, -30, 29, -19, 26, 30, -9]
[18, -42, 11, 6, -7, 18, 61, -35]
[-7, 19, -10, -6, 6, 17, -16, 13]
[6, -35, 82, -30, 17, 0, -47, 33]
[21, -49, 30, -16, 8, -42, -40, 16]
[41, 19, -69, 27, -6, 44, 87, 7]
[17, -3, -3, -29, 32, 50, 33, -17]
[-39, -44, 23, -10, 4, -3, -58, 7]
[-42, 57, -30, 18, -22, -40, -7, 19]
[-14, 27, -34, 27, -24, -20, -61, -13]
[22, 21, 30, -17, 13, 6, -10, 20]
[-10, 38, -59, 37, -28, 49, 48, 14]
[12, -61, 12, -15, 11, -34, -92, -19]
[-49, 89, 14, -10, 3, -55, -98, 19]
[37, 8, -11, 1, -2, -9, 33, 5]
[-21, 34, -48, 30, -24, -18, -39, -39]
[-58, 94, -56, 27, -14, 46, -7, 17]
[-4, 29, -29, -4, 15, -51, -35, 17]
[-34, -80, 40, -31, 13, -41, -56, 21]
[-4, -1, -7, -13, 10, 35, 99, 7]
[-13, 41, 9, -8, 7, -24, 37, 9]
[-13, 39, -26, 8, -8, 12, 13, 13]
[10, -38, 3, 5, -6, 5, -109, -5]
[12, -21, 21, -9, 11, 6, -19, -2]
[38, -32, -31, 15, -14, -12, -10, 7]
[-22, 127, -84, 62, -47, 21, 43, 20]
[-68, -47, -42, 14, -25, -26, 56, -19]
[0, 74, 8, -23, 11, -13, 18, 7]
[20, -25, -50, 16, -3, -1, -46, 8]
[20, -4, 27, -15, 14, -8, -68, 11]
[-21, 36, -22, -9, 1, -29, -50, 20]
[-13, -48, 0, 14, -12, 18, 63, -20]
[-72, 88, -7, -8, 4, -20, 88, 11]
[6, 22, -43, 12, -1, 70, 39, 13]
[-6, 36, -28, 4, -7, -28, -77, 10]
[11, 20, -6, 3, -1, 24, 13, 5]
[7, -31, 9, -13, 0, -46, -71, 10]
[18, -126, 21, -16, 8, -13, -41, 12]
[-30, 60, 33, -14, 12, 51, 87, 15]
[-18, -25, -12, -7, 6, -63, 0, 13]
[33, -49, 1, -5, 15, 59, -34, 13]
[19, -29, 7, -5, 1, -28, 29, -6]
[4, -33, 43, -23, 12, -7, -22, -8]
[-5, -27, -20, 8, -10, -34, 5, -7]
[-46, 55, -91, 75, -39, 122, 69, -29]
[11, 42, -3, -5, 5, -20, -22, 8]
[-26, 99, -57, 28, -18, 26, -17, -4]
[-21, 37, 0, -2, -3, -16, -23, 5]
[-31, -53, -26, 24, -22, -22, -36, -20]
[4, 16, -5, 2, -5, -13, 19, -1]
[-27, 10, 15, -14, 0, -8, 9, 24]
[5, 86, -23, 7, 1, 25, 41, 5]
[1, 13, -13, -3, 2, 4, -13, 8]
[25, 30, -4, -9, 11, 27, 36, 14]
[-2, -85, 12, 4, -7, -9, -63, -15]
[0, -51, 1, -11, 12, -31, -59, -5]
[37, 112, -18, 13, -8, 19, 15, 8]
[9, 53, -14, 0, -3, 29, 45, 0]
[-44, -80, 11, 1, 1, 41, 33, 3]
[26, -106, 80, -43, 18, -90, -55, 13]
[-75, 18, -74, 37, -29, 45, 40, -18]
[12, -54, 25, -10, 13, 28, -10, 9]
[17, -60, -38, 10, -1, 19, 30, -9]
[-46, -73, 42, -25, 12, -14, -15, 4]
[-5, 11, -46, 16, -11, -6, 7, 2]
[25, -90, 16, -8, 5, 30, -28, 6]
[-9, 14, 19, -8, 5, -13, -24, 7]
[38, -5, 38, -21, 16, -27, -16, 16]
[19, 51, 17, -8, 8, -6, -15, 20]
[-8, -26, -5, 4, -6, 25, 27, -12]
[2, 45, 26, -14, 14, -18, -15, 20]
[-2, 12, 29, -13, 7, -1, 16, 23]
[12, 127, 12, -8, 0, -50, -69, 12]
[4, 21, 2, 2, -1, -2, -6, 5]
[11, -50, 2, -7, 1, -7, 3, 8]
[6, -26, -21, 21, -9, 63, 57, 1]
[-6, -19, -19, 1, -2, 16, -39, 5]
[11, 54, 9, -11, 2, -23, 6, 1]
[15, 103, -14, 11, -7, -12, 17, -5]
[3, -8, 17, -7, 0, -40, 1, 10]
[6, 36, 37, -19, 9, -18, 11, 12]
[6, -23, -12, 3, -5, -15, -69, -4]
[-2, -44, -2, 6, -6, 23, 1, 4]
[28, 95, -24, 12, -10, -15, -30, 7]
[90, 50, 32, -17, 22, 20, 27, 27]
[-21, -29, -1, -1, -2, 0, 7, 9]
[16, 49, -2, -23, 1, -70, -79, 15]
[-9, -4, 4, 1, 6, 43, -6, -2]
[-19, -4, -4, -1, 3, 9, -27, -1]
[7, -32, -13, -4, -1, -30, -4, 3]
[-21, 20, -24, 20, -14, 10, 11, -9]
[12, 56, -12, 11, -10, 30, -39, 13]
[-19, -12, -28, 4, -5, 10, 35, -1]
[-30, -26, -50, 45, -21, 27, 58, -35]
[-10, -60, 8, -6, -7, -4, 8, 13]
[1, 29, 7, -4, 10, 7, 9, 7]
[-3, -38, 8, -9, 0, -22, -15, -1]
[-7, 81, -62, 22, -17, 1, 24, -7]
[-3, -18, -9, 0, -4, -14, -23, 9]
[-16, -19, 8, -5, 4, 15, 30, 7]
[14, -6, 12, 1, -3, -22, -18, 5]
[-17, -29, 1, -4, 1, 19, 10, 4]
[-37, 94, -46, 10, -7, -20, 21, 3]
[-6, 29, -13, 5, -2, -12, 14, 8]
[5, 5, 23, -7, 8, -5, 10, 7]
[36, 20, 17, -4, 5, 41, -23, 5]
[15, -37, 24, -12, 10, 67, -8, 16]
[-3, -14, -14, 3, 3, -15, -17, 11]
[-24, 56, -10, 4, -3, 12, 10, -4]
[-13, -57, 6, -5, 1, -7, -19, 2]
[2, 34, -2, -3, -2, 0, 39, 5]
[2, 45, 5, 2, 4, 17, -41, 2]
[-11, 17, -27, 10, -12, 5, 3, 1]
[1, -70, -6, -7, 0, -1, 8, 1]
[-4, 5, -4, 4, -8, -5, 13, 4]
[-6, 119, -20, 12, 3, 73, 16, 7]
[2, 12, -9, 2, 2, 20, 10, 3]
[-9, -54, 3, -5, -6, -18, -9, 3]
[10, 35, 27, -12, 0, -24, -22, 2]
[-3, -34, -2, -1, -2, 4, 26, 3]
[9, 24, 1, -3, 2, 12, 12, 4]
[-12, -43, 9, -1, 0, -16, -10, 1]
[36, 30, 29, -11, 17, 19, 65, 12]
[-20, -65, -11, 5, -2, -13, -11, 1]
[0, -69, 1, -5, -2, -3, -3, 1]
[-43, -14, -19, 14, -14, 17, 32, -23]
[6, 8, -13, 2, -7, -27, -28, 4]
[15, 51, -12, -1, -5, 14, 20, 7]
[5, 31, 9, -3, 4, -1, -4, 5]
[1, 5, -8, 6, -2, -5, -30, 5]
[-5, -28, 18, -9, 3, -7, -9, 7]
[-1, -15, 9, -7, 3, -6, 2, 7]
[-54, -21, -21, -1, 1, 2, 0, 6]
[8, -38, 22, -12, 7, 4, -8, 3]
[11, -4, -11, 5, -6, 2, 20, 4]
[11, -46, 18, -9, 1, -16, -23, 5]
[-5, -13, -32, 7, -8, 15, 3, -15]
[10, 12, 12, -7, 3, 4, 10, 4]
[18, 76, -3, 6, -8, -1, -1, 6]
[-3, -47, 12, -9, 5, 12, -15, 6]
[24, 44, 6, 1, -1, 7, 36, 9]
[2, 5, -34, 3, -10, -14, 36, 6]
[8, 27, 16, -8, 10, -6, -12, 8]
[30, -17, 15, -8, 7, -22, -16, 12]
[20, 30, -62, 5, -7, -16, -26, -2]
[-1, 49, 10, 6, -5, 6, 6, 1]
[-74, 1, 64, -48, 24, -66, -12, 18]
[-2, -33, 25, -11, 8, 6, 0, 15]
[-39, -77, 2, 4, -4, -26, 28, 0]
[16, 23, -1, 2, -1, -3, -6, 6]
[-7, -37, 14, -7, -3, -42, -20, 9]
[-4, -68, -28, 7, -6, 19, 1, -4]
[-1, -66, -57, 32, -27, 14, -35, -14]
[3, -36, -10, 10, -7, 40, 15, -15]
[-2, -25, -18, 7, -1, 44, -16, -7]
[26, -62, -30, 11, -4, 2, 17, 22]
[-20, 54, -44, 9, -8, -19, -61, 22]
[1, 123, -44, 16, -7, 57, 88, 30]
[36, 92, -22, 18, -10, -8, 40, 13]
[34, -36, -56, 22, -14, -21, 4, -10]
[79, -108, 125, -97, 84, 13, -30, 2]
[-25, 49, -14, 11, -11, 21, 28, 7]
[56, 67, -17, 5, 2, 36, 37, 6]
[3, 52, -52, 19, -13, 51, 28, -9]
[8, -26, 17, -8, -5, -30, 21, 7]
[28, -1, -13, 9, -7, 44, 61, 6]
[16, -75, 21, -22, 11, 61, -9, 25]
[-6, 62, -22, -3, 3, -32, 75, 24]
[-11, -41, 61, -55, 25, -101, -67, 25]
[-44, -50, -11, 9, -13, 4, -2, -5]
[-1, -91, 25, -40, 21, 0, -108, 24]
[-14, -36, -9, 8, -14, -69, -81, 4]
[-21, 127, -107, 70, -51, 15, 53, 15]
[-6, 15, -116, 49, -22, 127, 111, -1]
[16, -72, 73, -69, 43, -70, -128, 0]
[6, -28, -14, 5, -13, -39, 16, 2]
[-15, -14, -34, 18, -18, -6, -21, -10]
[15, 4, -11, 3, 2, 1, 45, 0]
[2, -121, 56, -16, 9, -69, -87, 11]
[-10, -27, -67, 21, -15, -12, -9, -24]
[3, 64, -20, 16, -13, -28, -63, 3]
[-27, 11, -53, 18, -12, 66, 39, -5]
[42, 22, 11, -10, 3, -21, 26, -1]
[-23, 83, -52, 21, -18, 18, 45, 2]
[8, -56, 23, -5, -4, -40, -74, -4]
[-40, 127, -30, 3, -6, 75, 43, 34]
[-9, 63, 16, -8, 0, -51, 46, 19]
[0, 92, -44, 27, -22, -33, 12, -14]
[-14, -44, 71, -23, 23, 49, 45, 26]
[0, -50, -35, -20, 4, -5, 14, -31]
[-8, -40, 59, -25, 18, 13, -24, 15]
[-19, -10, -50, 11, -18, -19, -62, -18]
[-74, 49, -112, 65, -44, 38, 72, -27]
[15, -9, -20, 14, -8, 12, 45, 11]
[22, -82, 41, -27, 18, -62, -66, 17]
[-5, 42, -5, -7, -1, -52, -38, -15]
[9, 2, -1, 6, 5, 52, 66, 30]
[-28, 58, -39, 11, -15, 20, 114, 5]
[82, -63, 64, -68, 76, -5, -3, 78]
[-8, -78, 19, 0, -7, 28, -21, -53]
[-38, -69, 34, -7, -7, 10, -19, -15]
[-43, 65, -22, 5, -1, -6, -23, 10]
[-40, 125, -47, 36, -27, 6, -42, -17]
[-31, 37, -77, 48, -35, -7, -79, -26]
[-42, 38, -73, 52, -36, 49, 43, -9]
[13, -65, 4, -19, 2, -23, -48, -7]
[32, -68, 81, -56, 45, 5, 3, 36]
[16, -85, 15, -21, 0, -19, -28, -3]
[-28, 53, -55, 15, -9, 11, -14, -49]
[-71, 74, 17, -15, 5, 10, 41, 47]
[-11, -26, -101, 38, -11, -58, 73, -15]
[-16, 111, -14, 2, -2, -12, -31, -5]
[46, -41, 47, -16, 8, -2, -67, 4]
[-69, -38, -18, 8, -8, -14, -11, -13]
[-36, -26, 5, 12, -17, -14, -14, 13]
[-7, -32, 76, -49, 15, -7, -53, 24]
[-22, 39, -76, 44, -25, 35, 38, -18]
[63, 25, -14, 2, 10, 14, 9, 25]
[58, -19, 53, -37, 21, -39, -52, -3]
[-76, 67, -48, 14, 1, 79, 15, 20]
[69, 39, 53, -28, 9, -13, 2, 21]
[2, 0, 74, -33, 23, -39, 21, 8]
[6, 0, -3, -4, 4, 7, 69, 5]
[78, 71, -71, 18, -13, -66, 3, -26]
[-44, -84, 31, 3, -12, 7, -33, 19]
[-85, -39, -74, 45, -33, 61, -37, -41]
[42, 11, -12, -10, 8, -27, 72, 21]
[100, 94, -20, 19, -11, -19, -13, 15]
[-2, 4, -24, 16, -10, -30, 19, 25]
[-40, 65, -27, 1, 2, 39, -44, -1]
[-38, 32, -42, 25, -23, 38, 52, 3]
[-46, -76, 58, -19, 15, -48, -2, 18]
[-37, -59, 73, -62, 39, -29, -85, 50]
[-33, -29, -16, 8, -9, -53, -92, -1]
[13, 69, -55, 19, -15, -9, 24, -9]
[-49, -67, 38, -12, 8, 46, 71, 8]
[2, -23, 31, -21, 12, -26, -19, -11]
[-45, 8, -33, 24, -14, -12, -47, 9]
[101, 41, -12, 5, -3, 11, 20, 18]
[19, 15, 10, -9, 4, -13, 5, 5]
[-9, -10, -34, 11, -10, -28, -6, -11]
[-17, -24, -24, 17, 1, 78, 69, -14]
[-38, -34, 17, -24, 16, -33, -42, 15]
[-88, -9, -25, 13, -18, -18, -4, -4]
[-29, -48, -53, 27, -25, 2, 29, -41]
[-32, -40, -4, -3, -2, 5, 81, 2]
[24, -14, -13, 3, 6, 2, 23, 13]
[2, -23, -46, 5, -12, -6, -6, 0]
[2, -29, 35, -23, 22, 2, -49, 10]
[-25, 63, 26, -20, 7, -13, -36, 27]
[17, -83, 19, -5, 0, -23, -21, 14]
[49, -23, 46, -37, 14, -13, -43, 26]
[14, 66, -28, 13, 0, 55, 22, 17]
[-24, -38, 66, -18, 11, 9, -57, -7]
[-34, 31, -47, 17, -14, 40, 63, -5]
[14, -75, -10, -1, -4, -25, -40, 4]
[-18, -35, 44, -11, 3, -75, 39, 4]
[-10, -66, 55, -19, 10, 43, -54, 20]
[-4, -35, 12, -12, 12, -21, -44, 11]
[-22, -28, 36, -15, 2, -26, -38, -2]
[6, 15, -52, 17, -11, -5, 2, -5]
[18, -5, 25, 6, 3, 29, 9, -4]
[-5, -8, -17, -8, 3, -13, -91, 13]
[-26, -52, 9, -7, -3, -18, -2, -2]
[52, 64, 8, -11, 6, -22, 13, 14]
[39, 39, 20, -19, 24, -3, 22, 26]
[0, -50, -2, -5, -2, 23, -5, 9]
[-15, -10, -74, 34, -20, 28, 19, -4]
[-9, 16, -92, 35, -34, 58, 2, -54]
[-47, 60, -3, -8, -1, -53, -42, 16]
[-42, 58, -47, 12, -6, -15, 55, 8]
[65, -35, 13, -10, 10, -7, -2, 1]
[-1, 30, 33, -14, 6, -55, -23, 16]
[-33, 86, -77, 36, -28, -6, 44, -10]
[-37, -22, 26, -31, 19, -2, -34, 11]
[4, -70, 12, -7, 4, -8, -9, -4]
[-14, 27, 36, 2, -2, -14, 12, 20]
[22, -35, 24, -19, 18, 59, 51, 26]
[-9, -18, 2, 12, -6, 44, 17, -2]
[20, 9, 8, -11, 6, -4, -34, 1]
[-22, 18, -5, 0, -8, -49, -77, 7]
[35, -13, 19, 2, -10, -20, -20, -6]
[39, -46, 72, -52, 49, -47, -7, 38]
[-6, -53, 0, -12, 8, -6, 70, -19]
[23, -1, -48, 11, -5, 14, 25, 6]
[2, -17, -52, 31, -23, 17, 28, -18]
[-6, -32, 11, -19, 8, -11, 18, 20]
[-13, -42, -28, 3, -5, -11, -11, -5]
[-6, 41, -76, 22, -16, 49, 36, -3]
[-35, 37, -12, 3, 0, 12, 34, 6]
[52, -62, 0, -2, -1, 9, -34, -9]
[-4, -15, 34, -6, 2, 12, 42, 12]
[13, 101, -15, -2, 7, -12, -6, 14]
[1, -128, -27, -3, -5, -13, 27, 6]
[-90, -44, -46, 19, -24, 68, 72, -31]
[0, 34, 27, -5, 4, 0, -6, 4]
[-10, 25, 30, -28, 25, -22, -42, -3]
[5, 39, -10, 13, -12, 1, 7, 7]
[-23, -35, -73, 18, -16, 28, -21, 24]
[48, 63, -55, 29, -13, 7, -1, 23]
[-2, 67, -60, 30, -20, 28, 29, -35]
[23, -84, 47, -12, 17, -4, -39, 29]
[5, -66, 45, -25, 4, -11, -46, -7]
[-31, 76, 38, -14, 9, -11, 31, 9]
[-41, -114, 7, -8, 8, 13, -5, 10]
[34, -59, 44, -18, 14, -8, 5, 23]
[-2, -9, -1, -6, -4, -4, 5, 11]
[-23, -117, 40, -21, 16, 33, -11, 0]
[10, -9, 15, -11, 7, 10, 39, 13]
[42, 88, -5, -9, 7, -16, 2, 11]
[30, -71, 53, -43, 21, -41, -69, -1]
[20, 19, -17, -2, 2, 3, 15, -4]
[6, -68, 15, -14, 0, -10, -22, 2]
[-1, 67, 7, -3, 4, -14, -28, 8]
[-7, -53, 12, -2, -1, -19, -76, 5]
[-11, -63, 15, -12, 12, -15, -20, 9]
[-33, -24, -66, 35, -17, 45, -12, -19]
[-1, 11, 7, 4, -2, 29, 3, 7]
[-25, 25, 2, -14, 5, 2, 25, 9]
[35, 34, -44, 24, -18, 2, 35, 6]
[10, -82, 32, -27, 21, 48, 10, -10]
[25, 58, -18, 11, -6, -22, -3, 36]
[3, -74, -16, 16, -15, 31, 70, 8]
[-17, 5, -19, 13, -6, 16, 38, -19]
[-7, -106, 6, -6, 0, -40, -9, -1]
[7, 24, 19, 4, -6, -13, 1, 7]
[-42, -63, 31, -14, -3, -51, -65, 7]
[-79, 44, -94, 50, -41, 4, 12, -18]
[-12, 32, 5, 9, -4, -4, -17, 11]
[-20, 90, -96, 52, -34, 65, 52, -43]
[-19, -13, 11, 2, 3, 27, 32, 7]
[33, 127, -103, 50, -35, 79, 123, 4]
[17, -99, 59, -54, 38, -35, -58, 30]
[17, 33, -36, -5, 1, -38, -61, 9]
[-48, 62, -7, -1, -10, -56, -21, -12]
[14, 35, 44, -30, 16, -53, -46, 18]
[4, 90, -95, 42, -34, 68, 40, -1]
[-55, -38, 69, -2, 14, -7, -33, -10]
[-14, -63, -82, 31, -24, 31, 45, -8]
[-16, 58, -13, -5, -2, -11, -78, 15]
[-3, 73, 23, -6, 6, -26, 10, 13]
[-1, -81, 17, -1, -2, 37, 24, -3]
[14, -17, 16, -5, -3, 0, -68, 2]
[0, 74, -119, 49, -33, 49, 50, -9]
[63, -56, 32, -16, 12, -8, 7, 2]
[14, -91, 17, -19, 14, -8, -5, 21]
[-77, 89, -109, 73, -52, 63, -39, -49]
[-11, -29, -12, -1, -6, -25, -22, 4]
[8, -11, 4, -22, 18, 5, -4, 24]
[4, -27, -5, 0, -3, 15, -10, 7]
[22, -89, 21, -22, 10, -44, -20, 6]
[-35, -27, -44, 18, -12, 26, 30, -32]
[34, 20, -54, 20, -11, 21, -68, 7]
[-40, -38, 81, -45, 28, -15, 0, 40]
[53, 83, -87, 36, -27, 0, 75, -4]
[-2, 61, -42, 17, -12, 3, -24, -14]
[0, -57, 12, -5, -2, 4, 2, 4]
[51, -25, 82, -57, 45, -35, -58, 42]
[-13, 47, 13, 0, -2, -17, 12, 6]
[48, -59, -9, 3, -3, -6, -5, -1]
[-8, -7, -12, 2, -5, 2, 7, 3]
[-42, 56, -30, 7, -3, 14, 36, 10]
[-23, -29, -3, -3, -2, 4, 19, -12]
[-18, 30, -39, 9, -7, 2, -4, 7]
[-13, -22, 4, 1, 3, 11, 52, 6]
[14, 35, 4, -1, -8, -27, -89, -3]
[19, -17, 3, -14, 9, -2, -50, 24]
[32, 54, 38, -18, 18, 52, 75, 16]
[1, 52, -18, 8, -3, -16, -16, 13]
[10, -27, 8, 0, -3, -10, -21, 7]
[2, -23, -8, 6, -1, -12, -26, 3]
[-1, 2, 23, -5, 1, -48, -24, 10]
[25, 4, 46, -29, 23, -31, -64, 21]
[7, -60, 8, -5, 3, 11, 9, -9]
[17, 1, -64, 13, -18, 9, -5, -12]
[28, 58, -22, 9, -2, -21, -3, 12]
[-9, -35, -12, 2, -3, -12, -17, -3]
[-14, 69, -74, 31, -20, 36, 37, -11]
[10, -34, -19, 7, -4, 52, 40, 1]
[-7, -25, -21, 1, -4, -15, 13, 10]
[9, 54, 31, -13, 11, 0, 8, 4]
[25, 43, -50, 18, -12, 16, 31, 1]
[43, -25, 44, -34, 24, -56, -50, -11]
[-2, 73, -1, -7, 11, 0, -65, 27]
[6, 70, -44, 10, -7, 10, 39, -13]
[-59, 40, -69, 55, -35, 14, 7, 13]
[41, 63, -23, 13, -9, 6, 36, 8]
[13, -128, 25, -17, 15, 59, -16, -3]
[-2, 79, -29, -2, -4, -13, -33, 3]
[12, -79, 21, -9, 17, 20, 2, 5]
[-28, 41, 8, -11, 6, -44, 21, 28]
[58, 38, 47, -27, 15, -17, 7, 18]
[-25, -54, -29, 8, -9, -26, 39, -3]
[-18, 7, -9, 7, -7, 1, -31, -8]
[-9, -72, 12, -6, -6, -4, 11, -1]
[-10, 6, 15, -5, 2, -19, -44, 6]
[-18, -12, -2, 7, 2, 0, 13, -24]
[-41, 65, -51, 20, -10, -18, -7, 10]
[18, -80, 58, -8, 6, -34, -49, 2]
[-4, -10, -36, 16, -7, -1, 11, 16]
[-56, 59, -57, 17, -9, 0, -1, -2]
[21, 12, -31, -1, 1, -5, -29, 1]
[29, -48, 16, -17, 4, -22, -28, 22]
[47, 49, -33, -3, 3, -24, -75, 4]
[5, -22, 36, -9, 11, -10, -45, 32]
[-30, 37, -16, 11, -6, -26, -16, 25]
[34, -19, 59, -31, 14, -8, -75, 3]
[44, -32, 32, -24, 15, -19, 16, 28]
[-7, 79, -59, 27, -11, 21, 92, -9]
[-88, 0, -77, 22, -24, 42, 98, -45]
[20, -8, -60, 11, -12, -22, 71, 15]
[-4, 28, -17, 10, -12, -48, -39, -6]
[2, 15, -39, 9, -9, 28, -5, -5]
[42, -118, 62, -41, 34, -22, -101, -8]
[8, -61, 47, -36, 25, 13, -24, 16]
[35, 55, -26, 10, -2, 31, 28, 18]
[6, 10, -1, 3, -13, -65, 34, 2]
[54, -94, 45, -17, 14, -33, 34, 21]
[-19, -44, 1, 0, 12, 50, 35, -11]
[7, 9, 60, -37, 20, -93, -45, 47]
[-27, -65, 68, -40, 35, -76, -64, 8]
[-20, 20, 12, 0, 1, -26, -40, 12]
[-11, -101, 31, -21, 3, -17, -45, -2]
[37, 70, -92, 59, -48, -6, -32, -13]
[-1, 43, -22, 28, -15, 67, 43, -63]
[57, -64, 38, -65, 40, -88, -48, 40]
[-4, -27, 46, -17, 9, -1, -17, 7]
[-59, 52, -41, 67, -40, 91, -35, -10]
[0, 48, -94, 67, -42, 32, 93, -17]
[41, 82, -87, 74, -55, 22, 71, -6]
[61, 25, -41, -5, -1, -15, 84, 24]
[45, -15, 28, -24, 3, -4, -36, -12]
[92, -94, 85, -78, 53, -58, -83, 56]
[-61, -31, -4, -8, 7, -29, -41, 29]
[76, -41, 16, -7, -3, -2, -20, -10]
[-128, 78, -47, 29, -20, 15, 27, 14]
[-18, 127, -30, 18, -24, -102, 31, 21]
[37, -79, -30, 17, -12, 29, 24, 0]
[-33, -62, 45, -24, 19, 25, 67, 22]
[-72, -52, -3, 5, -10, -3, 38, 12]
[24, 76, -94, 39, -23, 36, -43, -27]
[61, -17, -42, 2, 0, -19, 36, 21]
[-107, -36, 56, -26, 13, 17, -28, 5]
[-19, 80, -109, 87, -54, 31, 50, -12]
[67, 25, 48, -39, 33, -57, -95, 38]
[17, -50, 7, 0, -1, 19, -13, 33]
[28, -84, 75, -43, 37, -30, 13, 13]
[0, 44, -40, 2, 0, 28, -22, -9]
[-1, 108, -69, 31, -25, 18, 60, 7]
[14, 34, 38, -34, 16, -46, -56, 19]
[-9, -75, -36, 8, -3, 40, 1, -3]
[-10, 65, -74, 41, -32, 57, 29, -15]
[-12, 9, 27, -13, 8, -7, -21, 1]
[-11, -59, -12, -17, 5, -47, 14, -9]
[29, -86, 94, -37, 26, -13, -44, 16]
[6, -49, -30, 10, -9, -19, -5, 0]
[32, -14, 46, -6, -11, 0, -63, -15]
[-9, 113, 7, 9, -7, 32, 37, 11]
[7, 4, 8, 8, -12, -12, -45, 9]
[-18, -103, 84, -26, 18, -73, -62, 11]
[-8, 34, -69, 41, -8, 91, -5, 15]
[-56, 92, -42, 8, -11, -39, -22, -29]
[-9, 47, -109, 16, -10, 7, 17, -3]
[-17, 42, 4, 14, -3, 47, 25, 18]
[50, -67, 58, -50, 58, 17, 57, 47]
[-7, 79, -77, 73, -65, 15, 20, -17]
[82, 45, 31, -10, 10, -5, -8, 56]
[9, 13, -19, 7, -14, 33, -23, 20]
[-5, -28, 13, -24, 3, -9, 4, 9]
[95, 63, -68, 26, 2, 83, 71, 11]
[25, -20, 17, 6, -16, -8, -22, 6]
[-41, -40, 64, -62, 33, -34, -21, -3]
[-19, -27, -18, 25, -2, -9, 2, 31]
[-15, 75, -64, 41, -7, 79, 99, 55]
[20, -74, 93, -82, 83, -107, -106, 61]
[-36, -94, 72, -24, 16, 2, -3, 3]
[-22, 56, -24, 26, -25, 54, -74, -17]
[-39, 86, -102, 62, -45, 49, 10, -16]
[17, -97, 31, -19, 11, 3, -51, 8]
[-23, 72, -26, 22, -20, 47, 101, -15]
[30, -13, 44, -16, 11, -39, -57, 6]
[28, -3, -2, -15, 6, -22, -17, 41]
[11, 27, -36, 6, -7, -29, -21, 17]
[-3, -87, 6, -8, 14, 22, 42, 15]
[0, 70, -56, 31, -28, -30, 36, -4]
[-20, 56, -19, 2, -8, -29, 54, 13]
[-68, -36, 30, 3, -2, 44, -33, -14]
[23, -43, 45, -26, 13, -45, -13, 29]
[-1, 2, 19, -38, 23, -31, -35, 14]
[3, -37, -42, 20, -22, 10, 32, -11]
[-44, -16, 5, 30, -21, 15, -3, -16]
[73, -46, 5, 1, 4, -55, -60, 12]
[-30, -2, 34, -24, 14, -29, 34, 2]
[-58, 122, -124, 40, -30, 43, 10, 7]
[-23, 94, -39, 32, -23, 67, -19, 27]
[-9, 127, -72, 20, -13, 30, 80, 24]
[16, -81, 9, -37, 25, -21, -9, 14]
[-14, 17, -27, 18, -13, -12, -14, 33]
[10, -98, 6, 0, 3, 28, -56, 13]
[-12, -16, -15, -6, 2, 34, 107, 7]
[-38, 26, -5, -10, 21, 46, -103, 7]
[-19, 68, -25, 19, -15, -3, 20, 0]
[-2, -16, -11, 24, -20, 4, 10, -17]
[-4, -78, 30, -19, 5, -20, -26, -5]
[-15, -65, 8, -2, 9, 28, -1, 3]
[-2, -99, 23, -16, 13, 65, 65, 0]
[19, 2, 13, 10, -12, -1, -36, 10]
[-16, 107, -77, 45, -19, 64, 60, 11]
[8, 73, -7, 3, 5, 17, -23, 7]
[-14, -45, 48, -27, 23, -1, -35, 15]
[2, -32, -17, 6, -3, 9, -7, -1]
[-4, 62, -84, 56, -47, 17, 9, -18]
[31, 19, -1, 7, -3, -19, -2, 41]
[-10, 92, -74, 44, -44, 4, 76, -32]
[1, 79, -76, 43, -27, 36, 98, 15]
[53, -115, 79, -70, 56, 5, -36, -43]
[-25, -34, 13, 1, -16, -21, -45, 15]
[-35, 39, -15, -4, 2, 28, 73, -23]
[-36, 57, -56, 24, -27, -4, 66, -2]
[-48, 24, -33, 21, -17, 1, -10, 51]
[-19, 37, -46, 16, -14, 41, 0, 3]
[1, 34, 3, -24, 20, -23, 15, 25]
[-7, -23, -21, 4, 7, 20, 27, 10]
[-31, -94, -13, 10, -8, 23, 11, -5]
[-31, -70, 17, 7, -6, 17, -48, 3]
[-8, -32, 21, -22, 5, -36, 29, 23]
[4, -27, -16, 11, -5, 10, 17, 5]
[28, -60, 42, -16, 2, -9, -15, 11]
[-11, 71, -39, 1, 5, -18, 49, 2]
[-7, -2, 4, -3, -3, 0, -32, -12]
[38, -72, 81, -85, 60, -34, -5, 47]
[-8, 122, -43, 39, -33, 12, -12, -5]
[-2, 31, -29, 16, -17, -5, 6, 8]
[0, 27, -7, 6, -3, 19, -12, 9]
[28, -33, -15, -3, 7, 57, -41, 6]
[-4, -2, -13, 18, -12, -16, -32, 4]
[-3, -26, 11, 1, -5, -27, -24, 11]
[-18, 58, -4, -5, 0, -15, 14, 20]
[17, -35, 1, 9, -8, 1, 7, 11]
[-10, 73, -9, 0, -6, -31, -38, 8]
[22, -52, 11, 7, -6, -7, 75, 40]
[1, 50, -11, -2, -1, 20, -3, 11]
[-1, -68, 20, 0, 2, -20, 23, 18]
[-36, -18, -9, 15, -7, 22, -1, -25]
[-16, -3, -61, 13, -8, -20, -20, -6]
[-15, -80, 11, -2, -5, 13, 25, 1]
[13, -64, 64, -41, 16, -9, -44, 21]
[28, 6, 52, -24, 18, -28, -56, 25]
[-3, 51, -39, 20, -14, 8, 38, 9]
[-27, 83, -31, 11, -6, 26, -6, 1]
[-30, -5, -63, 25, -25, -25, -61, -16]
[42, -51, 46, -44, 25, -30, -47, 26]
[-20, 80, -27, 12, -3, -6, 42, 17]
[-8, 19, -18, 16, -16, 20, 9, 12]
[-21, -12, -60, 15, -12, 4, 7, -1]
[1, -61, 44, -18, 12, 30, -20, -6]
[37, 101, -86, 24, -21, 17, 29, 13]
[-21, 30, -4, 8, -2, -1, 23, 15]
[-4, -10, -52, 18, -17, 7, 10, 1]
[29, 5, 34, -34, 36, -75, -69, 8]
[-9, -69, -6, 6, -1, 6, -19, 10]
[11, -9, -3, -3, -3, -25, 6, 17]
[4, 43, -78, 28, -23, 12, -21, -21]
[-19, -33, -19, 17, -9, 41, -18, 22]
[20, 77, 2, -5, -1, -20, -20, 2]
[-6, -21, -8, -4, 3, 24, 37, -9]
[13, 36, -24, 2, -2, 13, 8, -2]
[49, 50, 69, -31, 28, -6, 13, 26]
[-37, -86, 59, -33, 8, -22, -25, 19]
[25, -60, 42, -13, 8, 27, -28, -23]
[11, 127, -59, 35, -23, 13, 28, 13]
[-9, 35, -43, 4, -2, 19, 30, 13]
[18, -57, 38, -46, 22, -64, -93, -12]
[4, -62, 14, -9, 4, -21, 10, 35]
[-39, 2, 1, -4, -19, -56, -55, -43]
[-9, -20, -52, 14, -19, -86, 25, -5]
[-16, 23, -2, 11, 2, 17, 39, -1]
[6, 11, 13, -15, 12, 3, 23, 26]
[14, -58, -43, 7, -1, -1, 77, 18]
[-31, 56, -53, 15, 2, 54, 14, -11]
[28, 52, 26, -22, 27, 2, 9, 45]
[-5, -53, 12, -14, -1, -24, -94, 27]
[7, -31, -9, 36, -23, 99, -10, 37]
[-22, 5, -62, 7, -13, 1, -82, 1]
[28, 99, -31, 5, 12, 60, 60, 25]
[-64, 4, -85, 29, -30, -91, -60, 3]
[83, -62, 58, -66, 52, -106, -51, 56]
[-13, -13, 78, -34, 16, -39, -5, 24]
[43, -43, 3, 21, -16, 9, 46, -66]
[71, -77, 56, -55, 33, -31, -8, 25]
[-47, 13, -76, 30, -34, -32, -23, 14]
[-54, 114, -67, 44, -33, 61, 17, -36]
[-74, 58, -96, 50, -29, 127, 17, -8]
[3, 7, -15, 0, 6, -17, 48, 10]
[20, -2, 4, -12, 9, -73, 24, 44]
[65, 104, -109, 62, -61, 14, 20, 29]
[13, -60, 57, -31, 17, -46, -47, 5]
[0, -28, -30, -8, 14, 22, -20, -20]
[-11, -30, -34, 1, 4, 52, 50, -19]
[8, -67, 66, -43, 38, -3, -25, 17]
[-31, -55, 33, -9, -4, -123, -95, -4]
[44, 46, -11, -1, -2, -19, 34, 9]
[20, -23, 28, -36, 27, 9, -2, -4]
[-24, 10, -64, 57, -43, 43, 35, -19]
[31, 63, -15, -2, 14, 5, 91, 12]
[-24, 22, -12, 15, -9, 8, 34, 9]
[7, -23, -2, -1, -2, -10, -35, -3]
[34, -10, 24, -35, 28, 3, 70, 57]
[9, 120, -78, 40, -27, -5, -60, 22]
[-25, 63, -59, 25, -22, 19, -69, 7]
[-16, 31, -34, 15, -10, 22, -14, 7]
[-5, -33, 4, -7, 0, -17, -8, 14]
[-19, 47, 26, -12, 5, -41, -51, -3]
[38, -40, 20, -24, 7, -20, -4, 7]
[-20, -59, -70, 24, -9, 25, 37, -5]
[-20, -1, -32, 8, -14, 4, -21, 7]
[-34, -64, -5, 9, -4, -5, 9, 10]
[2, 64, -20, 0, -4, 18, 11, 14]
[-94, -97, 20, -1, 3, 24, 30, -1]
[5, 44, -61, 19, -24, 8, 53, -11]
[-18, 82, -63, 53, -37, 76, 34, -35]
[19, -16, -22, 2, -9, 11, 31, 18]
[14, -39, 30, -23, 22, -9, -66, 26]
[-2, -19, -14, -4, 2, -18, -11, 10]
[29, 54, -40, 12, -3, 18, 8, 2]
[-5, -76, 38, -24, 5, -51, -35, 20]
[-15, -78, 55, -23, 20, -5, 23, 17]
[-6, 46, -3, 4, -5, 16, 31, 15]
[8, 24, 48, -23, 15, 2, -77, 24]
[13, 1, -16, 1, -6, -14, 10, 20]
[-18, -17, 9, 4, -7, -40, -1, 5]
[-12, -35, 23, -10, 0, -51, 1, 11]
[-31, -86, 46, -21, 14, -17, -51, 10]
[11, 94, -42, 14, -15, -29, -31, 5]
[-32, -71, 44, -26, 9, -38, -89, 9]
[-19, -18, 27, -8, 7, 36, 33, -15]
[19, -32, -13, -7, -3, -37, -19, 18]
[52, 74, -43, 24, -19, 26, 61, -26]
[-7, 60, -54, 10, -11, -1, 57, 8]
[-15, 46, -52, 2, 7, 7, 3, 8]
[-80, 22, 55, -17, 12, 12, 41, 24]
[-2, 38, -55, 29, -23, 8, -37, -19]
[40, -67, 29, -18, 14, 15, -47, 19]
[-17, 54, -22, 8, -7, 6, -14, 9]
[-9, 31, -26, 10, -9, -10, 35, 12]
[10, 51, -24, 6, -8, 16, -36, 9]
[0, 3, 15, -1, 8, 39, 40, 19]
[-21, -28, -57, 25, -18, -14, -37, 6]
[-3, 40, -54, 22, -18, 17, 55, 13]
[22, -34, 24, -20, 17, 4, -18, 6]
[-29, -46, 12, -4, 9, 36, -66, 13]
[15, 18, -10, -17, 8, -36, -40, 2]
[-39, -81, 40, -14, 14, 64, 8, 2]
[22, 7, -14, 3, 0, 21, 24, 8]
[-4, -120, 19, -19, 1, -18, -67, 12]
[9, 79, -20, 9, -5, -9, 40, 14]
[19, -13, -20, 8, -10, -7, -7, 3]
[-38, -30, 27, -14, 11, -3, 3, 29]
[15, -60, 9, 3, -5, 18, 13, 9]
[-1, 110, -73, 26, -22, -8, 6, 5]
[23, 83, -79, 21, -20, 5, 16, 5]
[-2, -45, 22, -11, 3, -32, -54, 6]
[-3, -61, 5, -9, 6, -16, 3, 18]
[-11, -40, -44, -4, 2, -21, 6, 17]
[-18, 10, -26, 7, -4, 6, 26, 15]
[22, 74, -83, 38, -26, 27, 11, -27]
[-5, 59, -45, 23, -16, 16, 10, -7]
[11, 21, 29, -14, 8, -29, -23, 19]
[-4, 6, -19, 0, 0, -16, -21, 13]
[0, -86, 30, -11, 5, 2, -34, 24]
[6, 57, -11, 6, -11, 6, 29, 9]
[-7, -26, -12, -9, 2, -9, -5, 10]
[-10, -75, 9, -1, 2, 38, -32, 10]
[12, 43, 22, -10, 3, -33, 2, 20]
[1, 49, -36, 9, -9, -5, 8, 13]
[-9, -70, -13, 2, -1, 26, -8, 6]
[-10, 54, -26, 8, -4, 31, 45, 4]
[-4, -59, 54, -17, 19, -6, 27, 19]
[19, -95, 54, -51, 27, -49, -62, 18]
[-22, -26, 3, 9, -1, 12, 20, 23]
[-39, -38, -15, 1, -7, -11, 7, 15]
[8, -8, -14, -5, -4, -7, -17, -23]
[2, 16, 18, 2, -6, -32, 4, 11]
[-32, 37, 18, -3, -2, -17, -2, 30]
[-18, 80, -28, 3, -6, -31, -44, 18]
[-7, 65, 11, -2, 5, -10, -27, 12]
[11, -45, 15, -1, 3, 18, -45, 10]
[-36, 6, 8, -10, 5, -11, -7, 16]
[-3, -37, 3, 7, -5, 5, -26, 4]
[21, -35, -17, 6, -7, -3, 16, -10]
[10, -61, 78, -27, 21, 18, -24, 12]
[6, -81, 9, -3, 3, 1, -1, 11]
[-5, 44, -4, -4, -2, -12, -7, 11]
[-12, -48, 15, -6, -2, -9, -17, 12]
[-17, -47, 3, 0, -4, -10, -12, 11]
[-2, 31, -7, 14, -15, -15, 15, 13]
[-3, 87, -49, 24, -9, 12, 29, 14]
[-8, 48, -12, 8, -15, -3, 2, 6]
[2, -22, -3, 16, -7, -11, -24, 8]
[40, -6, 22, -8, 4, -5, -8, -1]
[3, -33, 12, -6, -2, -10, -11, 5]
[-2, 47, 8, -8, 3, -10, -27, 14]
[-16, -5, 4, -1, -1, -3, -10, 11]
[-18, -22, 1, -1, 8, 7, -13, 15]
[-28, 85, -28, 15, -10, 32, 13, -14]
[10, 23, 31, 11, 0, 4, 2, 12]
[-34, -52, 47, -17, 18, -20, -52, 25]
[2, 15, -43, 1, -6, 2, -4, 9]
[-1, -17, -67, 10, -15, -12, 9, 5]
[10, -21, 30, -7, 4, 26, 11, 15]
[19, 40, 24, 1, -3, 3, -8, 10]
[5, -4, 7, -10, -1, -11, -37, 4]
[-35, 103, -84, 45, -30, 36, 34, 30]
[6, 5, -12, 7, -6, -11, 14, 5]
[-21, 42, -34, 17, -15, 14, 0, 4]
[-1, 54, -4, -5, 1, 9, -10, 3]
[-7, 38, 17, -8, -2, -12, 2, 11]
[-16, 57, -61, 19, -14, 0, -19, 7]
[-21, -1, -4, 4, -2, -25, 13, 7]
[17, -15, -6, -5, -2, -6, 3, 8]
[42, 20, -1, -26, 24, -14, -12, 21]
[-17, 36, -50, 10, -8, 5, 19, 8]
[20, -71, 31, -21, 10, 8, 2, 6]
[6, -34, 7, -3, 2, 18, 0, 13]
[7, 36, 52, -17, 11, 6, 21, 18]
[35, 16, 41, -38, 37, -40, -5, 24]
[-19, -51, -4, 19, -7, 34, -38, -2]
[-17, 10, -32, 9, -10, -20, 0, -14]
[26, 39, -22, 13, -8, 2, 18, 14]
[14, 31, -21, 9, -6, -10, -6, 11]
[-19, -66, 13, -2, -4, 18, 11, -13]
[-1, 70, -34, 8, -13, 24, 46, 14]
[-32, -18, -57, 17, -18, 11, 19, 2]
[-8, 79, 4, -4, 11, 27, 11, 12]
[-9, -61, -5, 1, -7, 2, -10, -31]
[15, -22, -7, 0, -6, 2, -18, 8]
[11, 30, -16, 9, -3, 36, 8, 6]
[7, -51, 0, -4, 6, -20, -7, 25]
[-11, -31, -6, 3, -3, -7, -2, 17]
[-8, -58, 6, -5, 8, 16, 13, 14]
[-2, 107, -51, 5, -3, -19, 8, 24]
[-4, 47, 1, -6, 5, -33, -24, 14]
[-27, -29, -30, 5, -8, -6, -8, 8]
[-15, 28, -36, 11, -6, 29, -16, 21]
[17, 98, -41, 0, -6, -12, -6, 12]
[30, 96, -7, 8, -6, -6, -2, 12]
[0, -122, 24, -16, 6, -1, 12, 2]
[17, 21, -4, -7, 2, -21, -24, 13]
[-50, 9, -29, 7, -2, -11, -10, 19]
[-7, 2, -21, 9, -7, 3, -1, 19]
[-8, -20, -2, -4, 1, -8, -23, 11]
[42, 23, 37, -34, 22, -32, -19, 23]
[-11, -23, -15, 9, -13, 4, -39, 3]
[-36, -2, -38, 19, -15, 4, -13, 6]
[18, 39, -7, -6, 11, -3, 22, 21]
[-34, 37, -12, 9, -14, 0, 28, 15]
[-24, 86, -48, 28, -23, 21, 11, -3]
[24, -50, 56, -34, 20, -15, -36, 11]
[14, 41, -9, 5, -3, 12, -2, 12]
[11, -10, -1, -3, 0, 2, -3, 4]
[16, 71, -10, 2, 2, -5, 18, 9]
[2, -26, 0, -4, -3, -2, -11, 14]
[2, 1, -21, 5, -6, -14, -27, 10]
[-43, 72, -18, 19, -13, 22, -32, -1]
[7, 30, 41, -2, 2, -4, 5, 23]
[-29, -111, 15, -10, 2, -8, -2, 5]
[9, -53, 44, -14, 10, -11, 6, 18]
[-60, 23, -65, 44, -31, 43, 35, -50]
[10, 13, -16, 15, -10, 11, 49, 8]
[13, 27, -38, 6, -10, 1, 22, 8]
[-23, 28, -28, -4, -3, -18, -15, 19]
[17, 68, -24, -3, 4, -2, -11, 9]
[9, -44, -2, -1, 2, 3, -6, 9]
[13, -21, 34, -6, 6, 9, -7, 21]
[-1, 60, 32, -25, 15, -8, 6, 40]
[-17, -19, -1, -4, 8, -7, -11, 12]
[-36, 120, -94, 56, -42, 46, 18, -9]
[-54, -41, -26, 10, -13, 20, 22, -24]
[48, -48, 45, -25, 12, -18, -5, 14]
[13, 92, -6, -4, 2, 11, -3, 15]
[-2, -37, -5, 7, 3, 33, 12, 15]
[-20, 89, -57, 18, -23, -8, -14, 24]
[-22, -126, 2, 6, -9, -12, 10, -2]
[17, -8, -19, -1, 6, 8, -5, 7]
[2, -5, -6, -9, 0, -22, -9, 11]
[10, 71, 11, -5, 10, 7, -21, 17]
[-8, 112, -60, 20, -7, -10, 22, 9]
[-23, -34, -10, 4, 6, 18, 11, 0]
[-26, 26, -15, -3, -7, -7, -5, -9]
[-15, 3, -24, 14, -17, 5, -8, 1]
[10, -12, 5, -6, 8, -13, 8, 16]
[-5, -8, 19, -3, 4, 1, -27, 29]
[0, 113, -12, 11, -1, 20, -6, 17]
[-29, -30, 30, -18, 5, -21, -5, 10]
[12, -26, -5, -4, 0, 6, 13, 7]
[6, 2, -7, 1, -2, -10, -5, 11]
[13, -65, 9, -7, 2, -17, 25, 7]
[12, -3, -47, 1, -2, -21, -20, -3]
[-4, -19, -4, -3, -3, -9, -4, 11]
[-11, 61, -31, 16, -6, -5, -18, 9]
[7, 8, 11, 2, -8, 3, -2, 6]
[31, -62, -9, -2, 4, -7, 3, 12]
[-12, 44, -21, 3, -10, -9, -9, 25]
[-6, -11, -13, 4, -5, 8, 24, 15]
[-6, -4, 41, -13, 9, -11, -24, 22]
[5, -12, -16, 9, -1, 25, 18, 13]
[10, 12, 10, -8, 2, -2, 0, 22]
[18, 2, -32, -1, 6, -55, -31, -4]
[-2, 35, -35, 8, -5, 37, 41, 8]
[13, -81, 28, -14, 7, -7, -17, 21]
[-3, -5, 4, -2, 0, -7, -12, 20]
[-22, -34, -8, -10, -1, -16, -22, -7]
[-2, 69, 9, 5, -2, 29, -8, 16]
[8, -16, 8, -4, 3, -1, 6, 10]
[-30, 40, -47, 27, -24, 15, 57, -35]
[-2, -20, -15, -3, 2, 15, -2, 25]
[2, 12, 9, -1, 1, 1, -32, 21]
[-2, -60, 6, 2, 2, -1, -19, 19]
[13, 3, -13, -2, 3, 0, -35, 16]
[6, -35, -20, 7, -6, 24, 4, 17]
[3, -65, 16, -20, 0, -36, -9, 31]
[-6, 19, 26, 3, -3, 8, 8, 9]
[-28, 68, -37, 18, -12, 36, 17, 10]
[11, 14, -23, 2, -4, -1, -8, 10]
[13, 88, 11, 1, 4, -15, 11, 24]
[-19, 46, -28, 6, -9, -3, 4, 9]
[-2, 17, 73, -34, 25, -7, -17, 31]
[11, 57, -47, 15, -14, 17, 39, 19]
[-8, -34, 39, -1, 0, -1, 3, 5]
[-14, 64, -2, 10, -6, 16, 53, 6]
[21, -105, 83, -44, 26, -22, -27, 26]
[-2, -44, -38, -4, 1, -39, -4, -1]
[-15, -55, -24, 15, -7, 15, 4, 4]
