[-3, -66, -63, 3, -6, -13, 0, -17]
[-1, -26, -3, 5, -9, -2, 20, -17]
[-1, -14, 3, 6, 5, -2, 8, -19]
[-2, 80, 2, -1, 1, -1, 10, -18]
[0, -16, -3, -4, 0, 1, -3, -16]
[0, 41, 3, 2, 1, -1, 0, -18]
[-2, 16, -1, 0, -3, -1, 0, -18]
[1, -33, 4, -1, 2, 1, -1, -19]
[0, 32, -1, 0, 0, 3, -13, -18]
[-1, 21, -3, -3, -1, -3, 3, -18]
[-1, -14, -2, -1, -3, -1, 2, -19]
[-1, -8, -1, 1, -1, 1, 0, -19]
[0, -17, -3, -1, -3, -2, -1, -19]
[-1, -10, 7, 11, -3, -2, 1, -19]
[0, -15, 16, -2, 5, -1, -1, -19]
[1, -16, -79, -12, -5, 1, 0, -19]
[-2, 76, 6, -10, -7, -5, 0, -18]
[-2, -33, 63, -16, -3, -6, -4, -19]
[-1, -17, -6, -14, -1, -2, -2, -17]
[1, 43, -53, -32, -6, 2, 3, -17]
[-2, 39, -32, -9, -6, 5, 2, -19]
[1, 2, -61, 26, 7, 4, 2, -20]
[-5, -84, 77, 61, 5, -9, -7, -19]
[-6, -74, -128, -98, -25, -8, -5, -22]
[6, 19, 11, 65, 24, 16, 10, -22]
[7, 85, -46, -20, -3, 1, 6, -15]
[1, 39, -5, 14, -4, -10, -7, -18]
[-1, -41, -31, -32, 4, 4, 2, -16]
[-12, 90, -32, -19, -23, -1, 6, -13]
[2, -16, -103, -71, 8, 5, -4, -12]
[14, 41, 122, 10, 16, 10, -1, -20]
[-1, 127, -69, -4, 3, 11, 16, -22]
[-12, -111, -118, -47, -44, -17, -8, -18]
[-11, 20, -90, 8, -19, -6, -8, -24]
[11, -41, 73, -33, 7, 6, 6, -21]
[10, 109, 32, 87, 9, -1, 7, -22]
[-8, 26, -5, -43, -1, 1, 0, -20]
[0, -64, 32, 119, 18, -3, -4, -20]
[-13, 11, 79, 127, 15, -4, -4, -21]
[-17, -71, -21, 34, -6, -27, -20, -19]
[-14, -77, -127, -96, -16, -3, -4, -19]
[-3, 4, 127, 8, 7, -6, -3, -18]
[4, 127, -3, 42, -9, 6, 10, -20]
[-6, -72, 84, -44, 7, 1, -4, -16]
[10, 98, 60, 54, -4, 17, 10, -18]
[-10, -9, -60, -40, -25, -8, 0, -22]
[3, 127, 15, -59, -7, -3, 3, -15]
[-1, 28, -8, -15, 7, 3, 4, -20]
[0, -75, -22, 45, 16, -7, -8, -13]
[3, -30, 5, 32, -8, 8, 4, -20]
[5, 1, -20, 22, -3, 3, 3, -18]
[-8, -118, -93, -13, 5, -9, -8, -18]
[0, -88, -14, 5, -15, 4, -1, -20]
[-6, 24, -17, 49, -2, -1, 2, -20]
[2, 53, 52, -76, 6, 3, 3, -14]
[4, 52, 23, 60, -1, -1, -2, -17]
[-7, -81, -61, -4, -5, -6, -7, -21]
[2, 76, 11, 44, 6, 3, 2, -18]
[-3, 69, -79, -97, -1, -3, -2, -16]
[-2, -69, 50, 33, 7, -3, -5, -17]
[3, -59, -39, 2, 9, -1, -13, -16]
[0, 56, 5, -34, -4, -1, 0, -21]
[4, 58, -17, -6, 3, 9, 5, -19]
[3, 55, -15, -51, -5, 6, 8, -20]
[-4, 3, 21, -1, -5, -1, 2, -19]
[0, -56, 62, 96, 11, 5, 4, -16]
[-3, 5, -20, -50, -6, -6, -5, -17]
[-7, -128, 10, -46, -8, -8, -6, -24]
[2, 47, -40, -78, 0, -3, -1, -17]
[-2, 70, 35, 38, 9, 10, -1, -23]
[-4, -20, -23, -89, -6, -3, -1, -22]
[3, 39, 7, 39, 6, 7, 8, -16]
[-2, 32, 12, -12, -1, -9, -5, -18]
[-7, -128, 95, -8, -2, -19, -14, -20]
[1, -32, 102, 23, 2, 1, 4, -17]
[1, 60, 39, 73, -5, -10, -5, -12]
[0, 12, 58, 26, 10, -1, 1, -17]
[-2, -36, 39, -8, -10, -5, -3, -19]
[-4, -50, 6, 14, -2, -4, -9, -21]
[-7, 25, -51, -14, 2, 1, -3, -20]
[-1, -72, 1, 28, 3, 3, 0, -20]
[4, 64, 36, -52, -8, -6, 1, -17]
[-1, 41, 11, -17, 1, 4, 1, -18]
[0, -13, -32, 58, 4, 10, 7, -18]
[0, -44, 23, -80, -22, -16, -11, -17]
[-1, 52, 77, -4, -10, -15, -5, -17]
[1, 71, -27, 25, -3, -2, -1, -18]
[1, -60, 44, 30, 2, -3, -7, -17]
[3, -27, 52, -31, -12, 0, -3, -20]
[-1, -49, 43, -6, 15, 1, -4, -18]
[2, -74, 75, -48, 2, 2, 0, -15]
[5, 51, -3, -44, -16, 1, 5, -18]
[1, 56, -22, 9, 6, 7, 4, -21]
[-1, 75, 67, -6, 19, 7, 7, -19]
[0, 74, 114, -14, -7, 5, 3, -22]
[-1, -44, -61, -12, -2, -5, -2, -18]
[-13, -101, -66, 34, -12, -23, -15, -14]
[2, 42, 11, -22, 1, 3, 6, -14]
[5, -17, 8, 35, 14, 7, 2, -20]
[2, 25, 42, 32, 5, -4, -4, -21]
[3, 75, 15, 6, -3, 10, 10, -21]
[-1, 7, 1, 47, -7, 0, 0, -21]
[1, 49, 17, 20, -11, 4, 5, -21]
[-2, 5, 35, -17, 0, -4, -2, -13]
[-5, -43, 13, 40, 11, -5, -3, -17]
[-1, 2, -32, 27, -2, -4, -5, -19]
[-4, -74, -94, -8, -1, 2, -2, -20]
[-4, -46, -33, -41, -9, -9, -6, -21]
[1, -47, 54, -56, -1, -2, 1, -19]
[2, 91, 34, 32, 12, 8, 4, -18]
[-1, 54, 6, -33, -2, -2, -2, -17]
[-4, 18, -21, -3, -8, 1, -1, -17]
[4, 87, 127, 14, -7, -12, -3, -17]
[-6, -116, -20, -3, -16, -2, 2, -22]
[-3, -122, 16, -64, -24, -11, -6, -18]
[-4, -74, 0, 41, -5, 0, -6, -20]
[0, -22, -77, -72, -12, 2, 4, -18]
[2, 113, 1, 16, 1, -1, -1, -19]
[-5, -7, -97, -36, -12, -1, 2, -23]
[4, 52, 81, 61, 13, 7, 4, -16]
[-1, 8, -13, -34, 2, 2, -1, -19]
[4, -33, 37, 6, 1, 2, 1, -19]
[6, 75, 49, -40, 3, 5, 2, -18]
[-6, -71, -90, 103, -1, -18, -16, -14]
[-3, 73, -71, -22, -3, 1, 0, -21]
[3, -18, 75, -6, -2, -2, 2, -21]
[2, 25, 18, -58, -6, 6, 3, -18]
[1, -7, 25, 29, -8, -5, 0, -17]
[-2, -59, 30, 40, 3, -8, -7, -19]
[-1, -109, -13, 8, -1, -4, -2, -22]
[1, 56, -28, -35, 5, -1, 2, -18]
[-1, 1, 29, 17, -10, -17, -17, -19]
[-4, -26, -75, 92, 7, 5, 4, -24]
[-5, -89, 23, 41, 0, -1, 0, -21]
[-7, -32, -116, -103, -7, -11, -5, -19]
[18, 69, 125, 15, 15, 19, 11, -13]
[3, 73, 75, -2, -13, 1, 11, -17]
[-6, 54, 43, 1, -14, -5, -2, -21]
[-6, 57, -128, -3, 1, 1, -2, -23]
[2, 23, 14, -62, 6, 10, 6, -17]
[-3, 46, 75, -5, -5, -8, -5, -18]
[-1, 50, -55, -24, -5, 1, -5, -19]
[-1, -39, 29, 22, 4, -1, 0, -21]
[-3, -60, -55, 38, 3, 2, -1, -23]
[0, 67, -71, -68, -8, -8, -4, -15]
[1, 43, 81, 12, 12, 15, 9, -21]
[-7, -55, -38, -28, -4, -1, -1, -24]
[2, -56, 51, 24, 2, -1, 4, -19]
[5, 68, 30, -29, 1, 0, 1, -17]
[0, 61, 104, 37, 8, -4, -4, -18]
[-6, -94, -27, -24, -4, -2, -3, -26]
[-3, -107, -18, -3, -6, -5, -2, -19]
[2, 104, 22, -30, -4, 3, 2, -20]
[-4, -55, 32, 12, -1, -3, -3, -17]
[-2, 84, -18, -6, -7, -1, 0, -20]
[-2, 21, -69, -64, -7, -8, -7, -17]
[-2, -45, -79, -28, 4, 4, -1, -23]
[-3, 86, 78, 57, -4, 2, 0, -21]
[1, -2, 67, 59, -2, 1, 3, -18]
[-2, -116, -128, -3, 0, -7, -6, -16]
[7, 119, 7, -12, 19, 8, 1, -15]
[0, -18, 40, 76, -5, 0, -2, -19]
[1, 31, -37, 23, -1, 5, 5, -21]
[-4, -58, 45, 65, 6, -4, -4, -23]
[6, 125, -28, -33, -6, 5, 10, -18]
[0, 72, -92, -89, -13, -11, -6, -14]
[1, 105, -30, -20, 5, 8, 3, -17]
[1, 115, -1, -31, -15, 8, 6, -21]
[-3, -128, 57, 51, 16, 2, -4, -22]
[-1, -53, 42, -53, -8, -3, -3, -17]
[5, 70, -89, -95, -6, 16, 0, -20]
[7, 92, -42, 8, 5, 12, 6, -20]
[-7, -32, -71, -93, -16, -10, -8, -17]
[2, 6, 37, -6, -12, -9, -2, -17]
[5, 61, -28, -8, 4, 4, 4, -19]
[-2, 127, -23, 61, -7, 1, 4, -18]
[1, 28, 53, 65, 6, 1, -1, -19]
[2, -30, 56, 39, 2, 3, -1, -18]
[-2, -17, -40, -22, -1, 1, 2, -18]
[3, 95, -13, 6, -2, -3, 2, -17]
[-2, 27, -13, -40, 5, 1, 0, -20]
[-4, -65, -51, -24, 0, -16, -9, -19]
[4, 25, -18, 24, 3, 13, 8, -23]
[2, 60, -28, -22, -13, 0, 3, -19]
[-1, 46, 7, -42, -9, -3, -5, -19]
[0, -76, -37, -37, 10, -8, -9, -18]
[1, 72, 27, 14, 9, 8, 1, -17]
[-4, -78, -1, 4, -7, 0, 2, -19]
[-1, -83, 51, -32, -7, -4, -3, -21]
[-7, 97, 82, 14, 3, -7, -3, -20]
[3, 48, 16, -55, -5, 1, 4, -19]
[3, 108, 18, 67, 3, 8, 6, -19]
[2, 24, 40, 22, -4, 1, 3, -20]
[-4, -16, -11, 35, 9, 1, 1, -20]
[0, 61, 16, -34, -2, -3, -7, -19]
[8, -41, 8, -47, 0, 6, 3, -17]
[-3, -58, -30, -20, -2, -4, -8, -16]
[6, 50, 30, 21, -5, 1, 3, -22]
[-3, 8, -79, -86, 13, 1, 0, -19]
[-4, 34, -2, -15, -10, -8, 1, -25]
[-7, -128, -35, -54, -4, -6, -9, -19]
[-2, -57, 11, -27, 3, -2, -3, -18]
[-10, -117, -63, -31, -3, 0, -2, -22]
[4, 47, 19, -35, 2, -5, -1, -14]
[7, 65, 6, 70, 1, 6, 1, -15]
[-11, -66, -9, 61, -7, -5, -5, -24]
[-6, -75, -28, 62, -3, 4, -1, -22]
[0, -38, -56, -7, 4, 7, -2, -19]
[4, -24, 42, 10, -3, -2, 3, -20]
[2, 104, 30, -31, -7, -4, 1, -18]
[6, 127, 2, 17, -2, 1, 4, -17]
[-2, 61, 52, 42, -3, -3, 0, -20]
[-4, 36, -29, -39, 2, 1, -5, -19]
[-3, -128, 1, 91, 3, -2, -3, -21]
[-7, -73, -58, 34, -16, -7, -2, -23]
[-5, -74, -9, -96, -6, -12, -8, -15]
[7, 69, 7, -4, 7, 11, 3, -18]
[-6, -69, 72, -21, 8, -3, -1, -21]
[6, 11, 92, 85, 10, 5, 5, -21]
[-6, 21, -99, 57, -1, -1, 2, -22]
[4, 34, -50, -66, 0, 2, -2, -20]
[-3, 47, -18, 40, -3, -3, -2, -20]
[2, -46, 84, -2, 11, 1, -1, -17]
[0, 94, -44, -28, -2, 0, 3, -20]
[5, -12, 59, 12, -3, -2, -4, -19]
[-2, -71, 11, 65, -1, 2, 4, -20]
[-2, 91, -55, 34, -6, -5, 1, -15]
[4, 46, 1, 23, -1, 3, 5, -16]
[-7, -109, 28, 27, 0, -5, -19, -22]
[-1, 10, 64, 16, 1, -2, 3, -22]
[3, 17, 77, -12, 6, 6, 4, -16]
[-4, 9, -75, -85, 5, -11, -13, -16]
[-2, 60, -39, -19, -3, 2, 5, -21]
[2, -5, -12, 23, 5, 6, 8, -20]
[-3, 20, -57, -57, 2, -2, -6, -18]
[3, 73, -79, 11, 1, 8, 8, -19]
[3, 10, -6, 13, 10, 13, 4, -18]
[9, -15, 14, -42, 6, 8, 9, -19]
[-4, -72, -79, -65, -2, -12, -12, -17]
[-2, -103, -1, -4, 1, -3, -4, -18]
[1, 65, 53, 1, -5, -4, -2, -23]
[2, 92, 83, 113, 2, 3, 6, -21]
[0, -31, 60, 87, 4, 5, 1, -16]
[-5, 78, 56, 50, 4, -2, -2, -20]
[-2, -18, 24, -62, 2, 5, 7, -24]
[-3, 66, -13, 48, 0, -3, -3, -17]
[0, 50, -103, 69, 0, -2, 0, -19]
[0, 18, -55, -59, -9, -3, -3, -18]
[-5, -64, -37, -13, 3, -1, 0, -17]
[-2, -54, 41, 49, 11, -4, -4, -16]
[0, 80, 80, -109, -5, 1, 0, -18]
[-5, -71, 8, -12, 4, -3, -1, -21]
[4, 54, -68, 19, 9, 12, 5, -19]
[0, -13, 3, -11, -8, -7, -2, -20]
[-10, -123, -91, -31, -7, -6, -5, -22]
[4, 10, 68, -12, -1, 5, 4, -21]
[2, 15, -47, 54, 15, -6, -7, -17]
[2, 60, 75, -21, -5, 1, 1, -21]
[3, 47, 10, 20, 6, 6, 4, -19]
[2, -52, 46, 22, -4, 3, 3, -18]
[-5, 33, 7, 12, 8, 1, -4, -20]
[0, -67, 20, 46, -9, 8, 4, -24]
[3, 80, 16, 64, 3, -2, -1, -17]
[-2, -62, -89, -11, 1, 4, 0, -21]
[2, 43, -5, -58, -10, 0, 1, -17]
[-6, -21, -16, -40, -9, -8, -6, -18]
[6, 90, 89, 48, 16, 12, 9, -17]
[1, -53, -56, -13, -3, 1, 0, -19]
[0, 9, 15, -18, -7, 0, 3, -21]
[0, -39, 18, 35, 2, -11, -8, -18]
[0, 77, 2, 28, -9, -2, 1, -18]
[-7, -108, -128, -57, 0, 1, -7, -21]
[3, -69, 28, 28, 2, -1, 2, -19]
[1, 66, -17, -14, -15, -3, 0, -20]
[-1, 62, 3, 25, 8, -1, 1, -20]
[-1, -18, 67, 41, 1, 0, -2, -21]
[4, -76, -98, -33, -13, -4, 0, -18]
[1, -40, -29, -43, -10, -2, -1, -16]
[-2, -15, -9, 24, -1, -1, -3, -16]
[-2, -14, 51, 18, -2, -2, -3, -21]
[1, 88, 51, -1, 3, 4, 0, -22]
[-1, 35, -6, -7, -8, -4, 1, -18]
[-2, 50, 13, 18, 2, 3, 0, -19]
[2, 22, 33, -54, -1, 6, 5, -20]
[-7, 59, -61, 30, 3, -3, -5, -19]
[5, -3, 21, -14, 7, 6, 0, -19]
[0, 59, 56, -55, -9, -3, 1, -20]
[12, 29, 81, 32, 2, 5, 7, -18]
[3, 54, -1, -11, -9, -3, 1, -17]
[-6, -123, -57, 61, 2, -12, -10, -20]
[-5, -58, -128, -32, 0, 5, -1, -17]
[2, 44, -116, -31, -1, 2, 1, -21]
[-8, -104, -28, 20, -11, -18, -10, -19]
[0, -43, 71, 47, 8, 8, 1, -24]
[4, -20, 87, 14, 1, -8, -1, -16]
[4, 9, 66, -105, -7, 4, 5, -16]
[-3, 76, -10, -22, -9, -9, -1, -16]
[-5, -29, -94, -14, -10, -4, -1, -29]
[-4, 109, 69, -2, -2, -6, -9, -20]
[-1, 112, 110, 55, 8, -1, 1, -21]
[-5, -29, 31, -7, 13, 1, -6, -17]
[1, -56, -53, -12, -3, 3, 4, -19]
[6, -5, 32, -31, -4, 9, 1, -20]
[7, 60, 30, 17, -2, -4, 0, -21]
[3, 12, 6, 16, 6, 3, 3, -20]
[3, -12, -66, 0, -8, -5, -2, -20]
[0, 39, 21, 1, -5, 2, 1, -21]
[4, -88, 8, 11, 6, 3, 0, -16]
[4, -60, 13, 10, -6, -2, -4, -18]
[6, 74, 40, 47, -17, -1, 5, -20]
[-5, -41, -106, 8, -14, -10, -6, -19]
[2, 13, 116, 44, 2, 4, -5, -20]
[-3, -84, -100, -29, -3, 3, 1, -21]
[0, 32, -38, 27, -7, 7, 10, -16]
[-21, -128, -64, 91, -19, -18, -11, -27]
[-4, -70, 3, -22, -7, -9, -8, -18]
[-2, 58, -43, -58, 1, 0, 3, -19]
[-10, -20, -45, -16, 7, -11, -15, -23]
[-1, 29, -91, -79, -16, -7, -5, -18]
[-2, -13, 5, -9, -6, 14, 9, -24]
[9, 84, -27, -18, 14, 12, 4, -15]
[0, -55, -12, -39, 3, 3, 4, -21]
[0, -42, -34, -11, 3, 0, -1, -18]
[9, 76, 127, 34, 10, 3, 5, -15]
[-3, 38, 76, 42, -7, -5, -1, -20]
[-1, -36, -53, 37, 8, -2, -5, -17]
[7, 16, 112, 71, 6, 5, 4, -18]
[2, 127, -73, -28, 1, 5, 5, -18]
[2, 92, 29, 80, 9, 3, 9, -24]
[0, -104, -31, -92, -11, -5, -6, -20]
[0, 74, 87, 9, 6, 4, 2, -21]
[-3, 87, 26, 73, 4, 4, 5, -19]
[-1, -68, 25, -85, -9, -1, -3, -18]
[8, 127, -12, -74, -9, 8, 7, -16]
[-6, -107, 14, -53, -1, 0, 3, -23]
[4, -28, 38, 52, 11, -7, -6, -19]
[3, 117, -24, 25, -1, -1, -3, -19]
[-5, 44, 50, 79, 8, -6, -3, -20]
[-4, -19, -1, 15, -4, 2, -1, -23]
[-1, 26, -9, -54, -3, 3, 1, -18]
[-1, 36, -5, 20, -3, 0, -1, -16]
[-8, 61, 2, -58, -10, -5, -1, -21]
[3, 98, -69, -27, -13, 6, 8, -20]
[4, 58, 36, -86, -5, 1, 2, -20]
[-3, 13, -10, 30, -2, -4, -1, -22]
[-1, -67, -87, 13, -11, -2, 1, -22]
[1, 82, 49, 30, 9, 2, -1, -19]
[2, -53, 33, 21, -12, -5, 1, -18]
[-7, -55, -39, 24, -1, -9, -8, -21]
[2, 12, 24, 1, 5, 3, -2, -19]
[-6, -48, 2, -76, -19, -8, -1, -18]
[2, -57, -2, 13, 5, 4, 2, -19]
[-10, -52, 16, 55, -5, -4, -8, -19]
[-8, -35, 43, 60, -2, 0, 1, -22]
[4, -36, -41, -20, 4, -2, 2, -17]
[-1, 77, 78, 64, 4, 0, 2, -22]
[-11, 127, 27, 39, 12, 6, 6, -18]
[0, 41, -1, -6, 11, -4, -7, -17]
[4, -12, 5, -19, 0, 5, 2, -18]
[-2, -27, -44, -37, -20, -11, -6, -19]
[1, 56, -2, -95, -10, -1, -1, -21]
[3, -17, 91, -5, 20, 3, -2, -24]
[-5, 79, -28, -29, -13, -5, 2, -21]
[6, 103, 68, -51, -8, -1, 2, -19]
[-1, 85, 15, 56, -16, -6, 2, -21]
[0, 37, -26, 23, 7, 3, -2, -19]
[3, 127, -87, -34, 1, 4, 3, -18]
[-3, 29, 15, -9, -2, -2, -1, -21]
[2, -60, 18, 48, 0, 1, 0, -21]
[-11, -14, -30, 34, -3, 1, -2, -26]
[1, -117, -34, 26, -1, -4, -5, -20]
[4, 67, 97, -42, 8, 8, 5, -19]
[2, -20, -24, 51, 1, -2, -4, -17]
[2, -26, 35, -49, -1, 6, 5, -17]
[-3, -18, -35, -62, 4, -11, -6, -17]
[-2, 8, 15, 7, -4, -2, 4, -23]
[-4, -101, 6, 56, -3, -7, -7, -20]
[2, 57, -58, -20, 4, 1, -1, -18]
[-5, 44, -46, -35, -11, -2, 0, -23]
[5, 1, 116, 29, 4, 2, 2, -18]
[1, 17, 56, 1, 1, 7, 0, -18]
[-1, -21, 42, -60, 0, -1, -3, -19]
[1, 7, 44, 41, 1, 8, 2, -20]
[3, 0, 32, 49, -3, 0, 3, -18]
[-2, 61, -41, 9, -3, -3, -5, -21]
[-5, 36, -47, 96, 12, -7, -10, -18]
[-7, -83, 30, 29, 2, -6, -7, -21]
[0, -104, -27, 13, 4, 4, -1, -22]
[1, 127, -86, 24, 5, 9, 6, -19]
[3, 89, -23, -21, -3, 0, 2, -19]
[1, -1, 54, -98, 3, 0, -3, -19]
[0, -73, -1, -28, 2, -3, -3, -19]
[-10, -67, -76, 47, 7, -17, -13, -21]
[-3, 51, 29, 46, 1, 0, 2, -23]
[-4, 91, -15, 1, -12, -3, -2, -20]
[-7, 20, 92, -23, -10, -13, -4, -21]
[1, 40, -46, 18, -10, 2, 1, -18]
[-10, -57, 6, -17, -4, -14, -10, -23]
[4, 72, -4, -12, 9, 8, -3, -15]
[6, 44, 81, 55, 13, 6, 5, -19]
[3, 76, -37, 79, 5, 3, 0, -18]
[-7, -93, -7, 1, -4, -9, -7, -20]
[-3, -25, -117, -75, -9, -1, -3, -20]
[-4, -52, -79, -59, -10, 0, 1, -21]
[-1, 10, -68, -18, 3, 1, 3, -22]
[2, 127, 30, -36, -9, 5, 8, -21]
[-1, 58, -1, -17, -2, -8, -3, -18]
[0, -57, 57, 1, 9, -2, -5, -18]
[-2, 97, -3, 14, 1, -2, 1, -19]
[-3, -39, 90, -28, 3, -4, -20, -21]
[-2, 22, -11, 3, -5, 2, -1, -21]
[-2, 62, 43, -36, 1, -3, 0, -16]
[4, 25, 64, 62, 12, 11, 10, -22]
[4, -3, -18, -16, -1, 2, -1, -19]
[2, 120, 78, 33, 14, 3, -1, -16]
[-4, -56, -59, -68, 15, -4, -6, -19]
[1, -24, 10, -18, -4, 2, 0, -19]
[2, 81, 99, -13, -18, 0, 3, -22]
[2, 51, 51, -13, 2, -9, -6, -14]
[-9, -107, -53, -10, -8, -9, -9, -20]
[5, 127, 75, 37, 4, 10, 8, -18]
[-3, -27, -12, -28, 3, 0, 1, -21]
[-9, -128, -10, 64, -9, -5, -8, -20]
[7, 55, -13, 16, -3, 4, -1, -18]
[2, 73, 45, -53, -22, -1, -11, -26]
[-1, 25, 43, -26, 6, -3, -11, -22]
[-2, 12, -55, -8, -16, -2, 7, -22]
[-1, 53, 97, 32, 7, -4, 0, -16]
[-1, -23, 21, 0, -8, -2, 4, -20]
[4, 61, 45, 28, 13, 6, 2, -17]
[-1, -49, 30, -7, -1, -5, 2, -20]
[-1, -1, -54, 1, 4, 6, 13, -21]
[-7, -15, 81, 25, -1, -8, -6, -21]
[-3, 28, -56, -4, 6, 0, 2, -20]
[-3, 42, -31, -30, -6, -5, 1, -20]
[-9, -82, -58, 41, 5, -5, -10, -22]
[1, 98, 19, 6, -2, 5, 0, -21]
[4, -58, -19, 10, 1, -2, -4, -20]
[-1, -13, -31, 31, 1, 7, 6, -23]
[-6, -92, -20, -38, 1, -5, -5, -20]
[0, 95, 79, -80, 9, 3, 0, -19]
[4, -24, 115, 25, -1, -10, -4, -18]
[0, 38, -105, 30, -7, -1, 0, -21]
[-5, -38, 74, 28, -1, 1, -3, -22]
[-2, 52, -12, 37, 0, -2, -2, -18]
[0, 17, 38, 44, -2, 2, 3, -19]
[3, 5, 2, 5, 0, 2, -2, -21]
[-4, -78, -63, -11, 1, -2, -5, -19]
[0, 22, 5, 8, 3, 1, -2, -21]
[-2, 26, 88, 63, 3, 3, 2, -21]
[0, -25, 9, 9, -6, -6, -1, -16]
[-1, 60, -2, -60, -1, -14, -15, -14]
[-6, -89, 38, -19, -13, -14, -2, -20]
[-4, 127, 36, -21, -8, 1, 2, -20]
[-6, -95, -35, -1, -10, -10, -1, -22]
[-2, -61, -49, -27, -8, -6, -3, -19]
[4, -50, 36, 0, 4, 2, 6, -20]
[-2, -20, -72, -51, -5, 0, -1, -22]
[1, -35, 32, 8, 3, -1, 0, -22]
[-2, 86, -10, -4, 4, 0, 3, -20]
[-2, 53, -110, -16, -10, -2, -2, -22]
[-3, -68, 13, 18, -2, -1, -3, -20]
[2, -15, 45, 1, -1, -8, -2, -20]
[-4, -38, 37, -35, -6, -4, -4, -19]
[1, 27, -21, -4, -9, -1, 2, -22]
[1, 79, -28, 8, 19, 2, -11, -17]
[2, 48, -4, 11, 1, 2, 0, -20]
[-3, -49, -33, -51, -7, -3, 2, -18]
[-4, -90, 31, 28, 1, -14, -12, -22]
[1, 64, 28, 20, -2, 4, 6, -22]
[-5, -103, -51, -55, -7, -5, 0, -22]
[1, -1, 80, 4, -2, 2, 4, -22]
[5, -15, 108, 13, 8, 13, 5, -19]
[-2, -16, 32, 15, -7, -3, 2, -19]
[5, -28, 75, 61, 3, -1, -3, -20]
[-2, -4, -12, -31, -9, -5, -4, -21]
[-5, 1, 72, -5, 1, -8, -6, -21]
[-1, 44, -36, 0, -10, -6, 0, -23]
[-3, -92, -66, 5, -2, 0, 2, -19]
[-2, 82, -35, 15, -4, -2, 1, -20]
[5, 60, 11, 2, 2, 0, 0, -17]
[-2, 31, -20, 11, 9, 11, 5, -19]
[-1, -84, 32, -90, -3, -1, -3, -21]
[-1, 33, 28, 19, 0, -3, -15, -22]
[-1, -27, -32, -14, -6, -3, 2, -19]
[-4, -16, 50, -5, -3, -2, 2, -21]
[-2, 45, 37, 12, -7, -1, -2, -20]
[0, 6, 16, 4, -3, -4, -1, -21]
[-3, 22, -6, -28, -5, -7, -3, -20]
[-7, 6, -7, 8, -3, -3, -1, -20]
[2, 87, 32, 19, 0, 3, 6, -18]
[-1, -63, -2, -3, -2, -5, -5, -20]
[-2, -50, -38, -36, 4, 0, 0, -20]
[0, 19, 13, 33, 7, 3, -1, -21]
[0, 13, 2, -27, -1, 1, 0, -20]
[-4, 33, -29, 8, -2, -3, 2, -23]
[-2, 17, 5, 12, -6, -7, 1, -17]
[-1, -7, -41, -13, -5, -3, -5, -21]
[3, -24, 13, -1, 6, 1, 1, -17]
[0, 19, 31, -16, 0, 0, 0, -20]
[0, 43, -47, -39, 0, -3, 0, -21]
[2, -29, 12, 4, -7, -5, -2, -20]
[-2, 17, -19, 8, 5, 5, -2, -18]
[-2, -39, -17, -30, 2, 2, -2, -21]
[0, -30, 35, 11, 6, 4, -1, -21]
[-6, 23, -86, -38, -14, 2, 3, -23]
[-1, 90, -61, -13, -1, -1, -1, -18]
[-1, 84, -42, 19, -5, -2, -3, -20]
[-1, 69, -5, 51, 3, -2, 2, -19]
[-2, -121, -40, 16, -6, -3, -6, -22]
[1, 10, 10, -10, 7, 4, 0, -18]
[-1, 29, -32, 2, -9, 1, 2, -21]
[-1, 23, 42, -8, 1, -1, -2, -20]
[-5, 29, -33, -30, 1, -2, 5, -21]
[4, -18, -90, -20, 6, -3, -3, -17]
[2, -83, 3, 18, -3, -4, -1, -18]
[1, -60, 70, -24, 0, -7, -4, -17]
[-5, -28, 38, -4, 0, -2, -4, -20]
[0, 10, 28, 25, -2, -4, -3, -18]
[3, 92, -14, -40, 3, 7, 5, -19]
[1, 18, -37, -20, -1, -1, -1, -21]
[-1, -13, -25, 11, -5, 1, -2, -23]
[1, 39, -14, -11, -3, 2, 4, -19]
[0, -83, 5, -72, -10, -9, -4, -18]
[0, -67, -4, 32, -6, -3, -6, -20]
[-1, -31, -16, 5, -2, 5, 5, -23]
[-2, 66, -57, 13, -3, -3, 0, -17]
[3, 9, 10, -24, -7, -3, 1, -21]
[-5, -21, 33, -95, -3, 0, 3, -19]
[0, 47, -87, 14, -7, 3, 2, -21]
[3, -1, 127, 28, 10, -1, -5, -20]
[-1, -64, -28, 25, 1, 2, 1, -21]
[-3, -19, -76, -45, -6, -2, -2, -21]
[1, -10, 54, 13, 7, 1, -2, -20]
[-8, -45, -67, -11, 1, -3, -4, -19]
[-3, 21, 34, -11, 3, 4, 0, -22]
[-1, 96, 27, -48, -6, 2, 4, -22]
[-1, 11, -71, -64, -2, 2, -1, -23]
[1, 62, 40, 51, 4, 2, 2, -18]
[-2, 10, -2, -36, -7, -2, -4, -20]
[1, 35, 52, 44, 2, 1, 3, -19]
[-3, -15, -61, -46, -8, -2, 2, -23]
[0, -96, 5, 11, 4, -3, -5, -19]
[-4, 44, -42, -7, -4, -1, -1, -20]
[1, -26, 77, 30, 2, 4, 1, -20]
[6, 18, 29, -24, 5, 2, -1, -20]
[-3, -54, 72, 80, 0, -3, -3, -22]
[-1, -50, -46, -13, -3, 0, 0, -18]
[-1, -17, -86, -40, -10, -7, 0, -20]
[3, -27, 28, -9, 9, 0, 0, -20]
[-1, -10, -30, 20, -6, -1, -2, -21]
[0, -28, 49, 6, -5, -2, -1, -19]
[3, 121, -86, -25, 0, 1, 0, -18]
[-1, 28, 0, -11, 1, 2, 1, -21]
[-1, 54, -10, 9, -3, -1, -1, -19]
[-1, 14, 29, -10, 1, -1, 0, -22]
[2, -46, -5, -31, -4, 2, 1, -21]
[-1, -47, -13, -13, 0, -1, 0, -19]
[0, -24, 5, -17, 1, 1, 0, -25]
[-1, 85, 17, 28, 3, 4, 4, -18]
[-2, -35, -14, 8, 8, -2, -10, -19]
[0, 62, 13, 8, 5, -1, 1, -19]
[-1, 35, 11, 28, -3, -2, -1, -19]
[0, -48, 1, 28, -6, -7, -6, -19]
[0, -103, -4, 24, -10, -8, -2, -23]
[-1, 91, 60, -41, 1, -1, 3, -20]
[1, -21, -27, -13, -7, 3, 4, -20]
[-4, -46, -93, -58, 0, -3, -6, -21]
[0, 85, 19, -7, -3, 3, 2, -19]
[0, 69, 35, 18, -6, -3, 6, -19]
[-3, -89, 59, -21, -5, -3, -2, -21]
[4, -51, -24, 48, 0, -3, -1, -22]
[-3, 32, -77, -52, 1, 2, 2, -22]
[-8, -13, -6, 9, -9, -6, -1, -19]
[-4, -48, 36, -2, -6, -2, -1, -20]
[-1, 55, 52, -11, -6, -2, 1, -19]
[7, 17, 77, 17, 4, 6, 3, -21]
[-5, -35, -5, 79, 1, 4, 0, -20]
[-4, -26, 20, 11, 1, 2, -1, -20]
[-2, 30, 7, -1, 2, 8, 2, -22]
[-4, 4, 12, -23, 2, -7, -6, -19]
[0, 72, -35, 1, -1, -5, -1, -19]
[2, 54, -38, -53, 3, 0, 0, -20]
[-4, -11, -23, -85, -6, 1, 1, -22]
[-8, 48, -10, -101, -10, -3, -2, -19]
[1, -42, 14, 68, 9, 4, 1, -19]
[5, 127, 52, 23, -2, -3, 0, -18]
[4, -5, -88, -35, -6, 3, 3, -20]
[-5, -7, -66, 1, -5, 1, 3, -20]
[-2, 45, -4, -36, -6, -10, -5, -19]
[-4, 28, 24, 44, 6, -2, -4, -19]
[0, -46, 20, 19, 0, 1, -3, -22]
[-1, -19, -95, -25, -3, -8, 2, -20]
[-4, -42, -17, -28, -10, -12, -9, -20]
[-1, 39, 11, 5, 0, 3, 3, -21]
[3, 48, 127, 50, -6, -1, 0, -21]
[0, 83, -83, 23, 0, 4, 1, -21]
[-2, -38, 39, 2, 4, 11, 5, -19]
[6, -6, 58, 26, 4, 5, 3, -19]
[4, 120, -117, -45, -8, 3, 3, -18]
[0, 58, -57, -83, -6, 3, 6, -21]
[-1, -76, 5, -33, -1, 11, 4, -20]
[0, -54, 33, 12, 1, -14, -12, -19]
[-5, -48, -58, -68, 3, -2, -10, -20]
[-5, 14, -30, 0, -5, -3, 2, -21]
[-2, -1, 79, 105, 2, -5, -3, -21]
[2, 44, 41, 44, -4, -2, 1, -20]
[-2, -37, -67, 10, 14, -4, -6, -19]
[1, -34, 7, 11, 8, 3, 1, -21]
[-4, 2, 21, 1, 7, 1, 2, -20]
[-9, -49, -62, -94, -8, -5, -4, -20]
[0, 38, -90, -2, -9, -9, -5, -21]
[0, 32, -89, -20, -7, -1, -2, -19]
[-1, 16, 61, -7, -9, -4, 2, -23]
[-3, -90, 83, 48, 15, 8, 3, -23]
[7, 5, 95, 116, 9, 14, 7, -19]
[-3, -87, -63, -16, 1, 0, -5, -21]
[1, 88, -59, 47, 7, 12, 4, -22]
[-3, 24, -37, -27, -12, 12, 7, -26]
[-1, -20, 35, -46, -1, -9, -11, -17]
[-5, -47, 35, 49, 7, -17, -15, -16]
[-4, -128, -113, -118, -23, -4, 2, -23]
[-2, -9, 64, -55, -4, -6, -3, -18]
[5, 64, -4, -38, -5, 2, -8, -17]
[-5, 12, -8, -110, 13, 5, 5, -24]
[3, 127, 60, 127, -2, 2, 4, -18]
[1, -102, 95, 9, 20, 4, 1, -22]
[3, -32, 5, 107, 8, 2, -3, -21]
[-12, 62, 17, 35, 3, -20, -12, -20]
[-2, -32, 67, 54, -15, -1, -1, -24]
[-3, -48, 25, -14, -4, -1, -4, -19]
[5, -61, -62, -57, 0, 6, 6, -18]
[1, -115, 11, -69, 3, -9, -4, -21]
[3, 69, -89, 76, 15, -1, 3, -21]
[-2, 4, -21, -55, 3, 1, -2, -19]
[2, 30, -9, -35, -9, -2, 3, -23]
[-6, -32, -36, 62, 1, -13, -6, -20]
[3, -75, 4, -55, -13, -3, -2, -20]
[-7, -60, 54, 25, -2, -6, -2, -22]
[-9, -37, -39, 31, 2, -13, -7, -21]
[4, 44, -3, -7, 0, 9, 6, -18]
[2, 127, 88, -5, -3, -5, -2, -18]
[-1, -60, 12, -10, -8, 0, -5, -24]
[-7, 7, -128, -16, -21, -12, -5, -22]
[-8, 76, 99, 62, 13, 9, 2, -28]
[5, -77, -33, -42, -7, 0, 2, -19]
[2, 66, 96, 50, 4, -6, -1, -15]
[-2, -85, 59, -20, -8, -6, -3, -21]
[1, -50, -40, 23, 16, 9, 7, -17]
[-7, -15, 41, -9, -8, -6, -5, -18]
[-8, 45, -14, 36, -1, -8, -4, -22]
[-1, -46, -8, -27, -1, -5, -4, -19]
[-2, -80, 79, 10, 16, -1, 1, -21]
[-5, 25, 49, 77, 8, -2, -6, -17]
[4, -42, -40, -3, -12, -7, -5, -19]
[1, 12, 1, -41, 2, 6, 3, -22]
[5, 50, 53, -17, -1, 5, 4, -18]
[-2, -5, -33, -30, -15, 2, 8, -20]
[-3, 84, 35, -82, -2, 10, 6, -21]
[2, 16, 9, 29, -4, -2, -1, -20]
[6, 106, -45, 5, -9, -1, 1, -19]
[2, 65, 116, 43, 4, 2, 2, -17]
[8, 32, 65, -25, 1, 13, 9, -19]
[-5, -92, -47, -36, -19, -11, -5, -20]
[0, -59, -65, -23, 3, 6, 5, -20]
[0, 71, 59, -42, -1, 7, 3, -18]
[-2, -40, -28, -15, 3, -17, -13, -18]
[0, -58, 36, 54, -2, -10, -8, -18]
[-18, -82, -110, -26, -8, -12, -11, -27]
[-7, 77, 73, 14, -1, -2, -3, -22]
[7, 15, 104, 96, 2, 0, -1, -20]
[7, -3, 70, -42, 4, 10, 5, -21]
[-1, -126, -26, -69, -12, 1, 1, -22]
[-9, -18, 93, 26, 15, -8, -14, -13]
[7, 21, 12, 18, -3, 6, 6, -18]
[3, 77, -4, 45, -5, -3, 0, -22]
[-8, -55, -27, -9, -6, -1, 1, -23]
[6, 79, -22, 2, 24, 9, 6, -17]
[3, 32, 68, 4, -3, -5, 0, -19]
[1, -1, -42, -10, -11, -3, 1, -22]
[-3, 68, 8, 45, -1, -2, -1, -20]
[-3, -79, 47, 50, 0, -1, -3, -21]
[-1, 13, -80, 34, -5, -1, -1, -21]
[-5, 39, -17, 14, 2, -4, -2, -19]
[5, 59, 0, -35, -2, 2, 3, -19]
[2, -56, 15, -2, -5, 4, 2, -21]
[-2, -92, 26, 57, 3, 2, -1, -21]
[-3, -69, 62, -23, 8, 1, -3, -21]
[1, 56, 13, 4, 7, 7, 7, -23]
[-1, 86, -16, -3, 2, 3, 2, -21]
[-3, -20, 34, 16, -6, -5, -5, -20]
[-1, -70, 32, -44, -10, -3, -7, -20]
[7, -12, 3, -66, 5, -1, -3, -17]
[-2, -128, -18, -28, 2, -1, -5, -21]
[0, -3, -54, -5, -1, -2, 1, -21]
[-3, 46, 98, 3, -3, -1, 0, -21]
[-2, 82, -48, 26, -2, 2, 5, -23]
[1, 16, 62, -36, 0, 3, -2, -21]
[-4, 36, 10, -17, -1, -3, 0, -19]
[0, -15, 8, 6, 2, 0, 1, -20]
[0, 8, -15, -17, -5, -2, 2, -21]
[-2, 23, 7, 39, 0, -5, -6, -18]
[-2, -72, -99, -52, -18, -5, -3, -18]
[4, 83, -6, -6, 2, 5, 3, -20]
[2, 40, 61, 46, 1, -1, 0, -19]
[1, -23, 30, 14, 12, -2, 0, -19]
[3, 74, 4, 13, 0, 2, 3, -20]
[-6, -89, -17, -48, -6, -9, -3, -23]
[-1, -43, 17, -38, 1, 1, -4, -23]
[-1, 10, -53, -5, -3, -1, -1, -21]
[3, -23, 12, -1, 9, 4, 2, -19]
[0, 45, -16, -47, 1, -2, -7, -19]
[1, 36, -2, 3, 1, -3, 12, -19]
[4, -4, -7, 21, -5, -2, 3, -21]
[1, 50, 59, -28, -4, -3, -5, -19]
[-2, -77, -10, 30, -4, 1, -6, -21]
[0, -70, 36, -29, -3, -3, -13, -20]
[-2, -40, -16, -12, -7, -6, -5, -20]
[2, 8, 47, 0, -2, 2, -1, -21]
[0, -24, -80, 21, -1, 6, -2, -23]
[-3, -47, -128, -43, -3, -2, 0, -21]
[0, -12, 2, 4, -1, -1, 7, -20]
[-3, -122, -9, -63, -8, -5, -8, -20]
[3, 14, 39, 16, -3, 0, -1, -22]
[-2, 19, 17, 16, 1, 4, -1, -21]
[-2, 93, -11, 5, 8, 2, -3, -20]
[1, 70, 18, 2, -2, -2, -2, -19]
[2, -82, 10, 41, 0, 3, -2, -20]
[-2, -91, -54, -7, -13, -2, -2, -23]
[-4, -67, 37, -34, -3, -2, -3, -20]
[-1, 13, 24, 4, -3, 1, 2, -21]
[-6, -108, 26, 26, -6, -9, -7, -20]
[0, 31, -9, 0, -1, -5, -2, -19]
[-4, -26, 5, -1, -5, -1, -3, -19]
[-1, 33, 2, -20, 0, 2, 1, -22]
[1, 43, 75, 12, 1, 5, 3, -19]
[-1, 38, 11, -5, -5, -2, -2, -21]
[-2, 4, 23, -21, 3, 5, 1, -20]
[0, -8, -49, -32, -5, -12, -6, -20]
[-6, 3, -96, 38, 14, 1, -9, -22]
[2, -34, -30, 28, -4, 3, 0, -21]
[-1, -31, -35, -6, 2, 6, 4, -23]
[-1, -79, 0, -1, -2, -3, -4, -21]
[-1, 115, -15, 40, -3, -3, 1, -18]
[-2, 30, -3, -36, -6, -2, 0, -19]
[3, 9, 62, 13, 12, 5, 0, -19]
[-1, 60, -71, -4, 11, 1, -1, -19]
[-5, -68, -63, 42, -8, 0, 0, -24]
[-3, 78, -50, 10, 9, 2, 4, -21]
[-1, -87, 12, -19, 1, 1, -1, -21]
[1, 10, 78, -23, -10, -1, -2, -19]
[1, -30, -12, -6, -1, -2, 3, -19]
[0, -79, 10, 0, -10, -7, -1, -23]
[1, 1, 23, -4, 5, -1, -1, -19]
[-5, -14, 14, 72, -1, -4, -4, -20]
[0, -11, -13, -30, 0, -1, 2, -21]
[1, 56, 24, -4, -2, -1, -3, -20]
[-1, 56, -5, 31, 16, 7, 7, -19]
[2, -28, 2, -1, 2, 3, 2, -19]
[-4, -3, -2, 6, 1, 4, 0, -20]
[2, -32, 13, -10, -2, -1, -1, -21]
[-3, 53, -31, -24, 2, -2, 2, -21]
[2, -71, 12, -14, -5, -6, -4, -20]
[0, -51, -53, -37, 3, -5, -2, -19]
[1, -112, 33, -7, -3, -1, -2, -20]
[-1, 19, -7, -33, 8, 3, 1, -19]
[-5, 8, 68, 29, 0, -4, -2, -20]
[1, -98, 22, 6, -2, -6, -4, -20]
[-2, -24, 31, 1, -4, -2, 2, -20]
[-1, 79, -17, -1, -3, 2, 2, -18]
[-1, 106, -21, 2, -12, -5, 0, -20]
[-4, -42, -10, -3, 0, -2, 1, -22]
[-1, -33, 9, -17, 0, 2, -4, -20]
[2, 41, 2, 30, -2, 4, 0, -19]
[0, 1, 5, -12, -1, -3, -2, -21]
[-1, 4, -14, 9, 2, 3, 3, -21]
[-1, 25, -23, -6, -11, -8, -2, -22]
[-1, -34, 12, 82, 9, 2, -1, -21]
[3, -77, 28, -38, 5, -7, -6, -19]
[-6, 99, 5, 6, 1, 2, 2, -20]
[0, 7, -21, -16, -8, 0, 2, -22]
[1, -14, -55, 28, -6, -2, -2, -19]
[1, 82, 43, 17, -4, -5, -1, -20]
[-3, -5, 60, -8, -5, -2, 2, -21]
[-1, 58, 26, -7, 3, 8, 1, -21]
[1, -37, 19, 37, -6, -7, -4, -20]
[7, 43, -7, 13, 2, 0, 3, -19]
[1, 49, -27, -1, 2, 3, 3, -18]
[-1, 27, -34, -43, -13, -2, -3, -21]
[-5, -34, 46, 10, 4, -4, -5, -21]
[-3, 53, -2, -21, -2, 4, 2, -21]
[1, 99, -17, -3, 6, 5, 5, -20]
[3, 6, 3, -12, 4, 4, 1, -18]
[-3, -25, -45, 26, -3, -1, -2, -19]
[-2, -104, 68, 9, -1, -2, -2, -19]
[1, -25, 21, 25, 0, -2, 3, -22]
[0, 6, -24, 32, -6, 0, 2, -21]
[0, -79, 3, 42, -1, 2, 2, -21]
[0, 8, 13, 33, -3, 0, 1, -19]
[-2, 28, -38, -57, -1, 1, 2, -20]
[1, -21, 84, 50, 0, 1, -1, -21]
[-5, 57, -54, -16, 1, -4, -6, -20]
[-3, -54, -53, 16, -1, -5, -4, -19]
[-8, -62, 79, -25, 0, -5, -4, -20]
[-5, -57, 48, 54, 2, -4, -4, -21]
[2, 48, -4, 31, -10, -3, 3, -21]
[-1, -61, -60, -21, -5, -6, -6, -20]
[4, 50, 33, -70, 10, -1, -3, -19]
[4, 20, 62, 82, 13, 5, 3, -19]
[-1, 20, 2, 1, 2, -1, -2, -22]
[-1, 33, -6, 4, 3, -5, -3, -19]
[-2, 98, -11, -3, 2, 3, 1, -19]
[-7, 27, 87, 23, 5, -9, -4, -19]
[3, -4, -36, -9, -5, 2, -1, -19]
[2, 41, -6, 51, 4, -1, -2, -19]
[-3, -95, 3, 7, -1, -4, -1, -21]
[-2, 25, 28, 23, -9, -2, -6, -19]
[5, 49, -3, -42, -3, 1, 3, -19]
[-2, 20, -52, -42, -8, -5, 2, -18]
[-2, 26, -32, -4, 5, 0, -3, -20]
[2, -24, 45, -59, -6, 3, 4, -24]
[1, -21, -51, -18, -1, 8, 3, -21]
[-7, -50, -19, 33, -3, -4, 0, -22]
[-1, 58, -47, -73, 5, 4, -1, -18]
[0, 41, 85, 56, 5, 3, -2, -19]
[0, 38, 70, 14, -7, 0, 9, -20]
[3, 127, -22, -73, -8, -4, 6, -19]
[-8, 17, -60, -90, 0, -10, -11, -18]
[2, -86, 64, -28, -4, -2, -4, -22]
[3, -98, 57, 12, 1, 0, -1, -19]
[-5, 8, 70, -40, -2, -2, -3, -22]
[8, 71, 37, 39, 11, 10, 9, -19]
[1, 103, -71, 14, -2, 1, 5, -21]
[-2, 84, -53, -23, -3, -3, -2, -22]
[-6, 61, -70, 38, -1, -13, -8, -18]
[3, -60, 76, -5, -8, -7, -2, -20]
[-3, -21, -71, -56, -2, -8, -8, -19]
[2, -116, 68, 61, -2, 1, -4, -22]
[1, -34, 0, -26, 4, 4, 0, -19]
[-9, -84, -56, -44, -18, -15, -5, -22]
[-1, 10, -5, -17, 0, 4, 3, -20]
[-4, 83, 14, 36, 10, -5, -1, -22]
[2, 25, -11, -51, -3, 0, 1, -21]
[-4, 48, -56, 20, 4, 0, 0, -20]
[-6, -57, 72, -1, -4, 1, 3, -23]
[-3, 24, 48, 85, 8, -1, 1, -21]
[-1, -119, 6, -40, -6, -1, 1, -20]
[-4, -24, -128, 3, -15, -2, 1, -19]
[-9, -128, -73, -2, -32, -18, -13, -23]
[5, 61, -22, -72, -2, -3, -4, -16]
[6, 3, -9, 44, 24, 12, 7, -19]
[0, -30, 10, 99, 4, 7, 8, -18]
[3, 17, -63, -28, 13, 8, 3, -19]
[-1, -1, -47, 106, 5, -7, -2, -17]
[-7, 89, 94, 17, 21, -1, -4, -17]
[7, 44, -24, 2, -1, -1, 5, -16]
[0, -111, -46, -102, -21, -10, -4, -18]
[2, 1, -70, -13, -8, -3, -8, -20]
[1, 71, -40, 85, 11, -5, -3, -18]
[-3, -82, -88, -63, -28, -5, 0, -23]
[0, -13, 52, -32, 4, 5, 2, -19]
[0, 30, -62, 45, -7, 4, 4, -20]
[1, 127, 48, -59, 0, 0, 6, -18]
[-8, -47, 30, 28, -5, -8, 1, -24]
[-4, -123, 97, 93, 5, -6, -5, -25]
[4, 58, 64, 37, 6, 1, 0, -20]
[-6, -40, 68, 61, 16, -14, -8, -21]
[-1, -31, -93, -58, -4, -5, -3, -17]
[13, 86, 35, -85, 1, 12, 9, -18]
[4, 127, 111, -96, -18, 2, 1, -19]
[-18, -120, 19, 75, 1, -12, -11, -26]
[-13, -81, -18, 49, 14, -6, -4, -24]
[-3, -3, -23, 49, 24, 3, 0, -22]
[10, 84, 24, -7, -3, 7, 1, -16]
[-10, 18, -24, -37, -23, -10, -12, -23]
[2, -42, -98, -115, -8, -3, -3, -17]
[1, 127, 67, -14, 3, 5, 3, -19]
[-1, 71, -82, 10, 13, -3, -2, -19]
[5, 51, 67, -4, -9, 2, 3, -19]
[3, 26, 17, -80, -8, 3, 2, -18]
[-1, -103, -21, -13, -1, -2, -5, -19]
[7, 78, 11, -109, -14, 3, 3, -21]
[-8, -58, -5, -43, -30, -11, 0, -23]
[-3, 82, -102, -25, -24, -8, -2, -20]
[0, -57, -70, 2, -1, 0, 0, -22]
[1, 16, 44, 3, 8, 5, -8, -19]
[0, 96, -14, 53, 17, 5, 4, -21]
[-6, 119, 73, 2, 1, -7, -9, -16]
[-2, -32, 39, -52, 2, -3, -5, -19]
[3, 62, 47, 9, 1, 3, 7, -20]
[-8, -110, -56, -34, -15, -13, -8, -19]
[-6, -60, 48, 82, 7, -3, -3, -24]
[0, -64, 59, 25, -13, 3, 0, -20]
[-4, -43, 119, 15, -4, 0, 2, -24]
[1, 52, 1, 16, 0, -4, -1, -21]
[4, -58, 75, 2, 9, 10, 2, -21]
[4, 32, -62, 4, -13, -4, -3, -16]
[-4, -3, -82, 4, -17, -17, -4, -21]
[0, -26, -28, 12, -10, -7, 1, -19]
[2, -7, -56, 6, 1, 8, -1, -21]
[-4, -66, 21, 28, 3, 1, 4, -21]
[-2, 106, -33, -88, 1, -13, -11, -16]
[-1, -74, -34, -7, 11, 6, 4, -20]
[-13, -7, -28, -64, -8, -18, -20, -26]
[3, -9, 21, 15, -4, -2, 2, -19]
[3, 35, 64, 14, 0, 0, -3, -19]
[-1, 1, -5, 20, 8, 2, 0, -19]
[0, 127, 35, -18, 41, 3, -3, -17]
[-1, -15, 35, 47, -7, 11, 3, -22]
[-6, -65, -62, 14, -33, -12, -7, -24]
[-5, -114, 38, -41, -15, -19, -2, -19]
[0, 48, 69, 56, 12, 9, 6, -21]
[-1, 116, 21, 24, 8, 2, -3, -19]
[5, 82, 47, 45, -4, 2, -3, -18]
[-7, -109, -62, -28, -5, 0, -5, -19]
[1, -46, 24, -13, -4, -1, -11, -22]
[3, 44, 36, 17, 2, -2, -3, -18]
[-4, -63, 38, -14, -5, -8, -4, -22]
[-1, 2, 97, 74, 0, 3, 3, -23]
[0, -112, 23, -6, -1, 2, -1, -22]
[-5, -36, -102, 63, 5, -3, -6, -19]
[2, -15, -128, -23, 3, 0, -3, -18]
[1, 104, -1, 14, 18, 7, 6, -20]
[-3, -45, -42, -5, -6, -1, 0, -20]
[-3, 61, -24, -48, -15, -4, -1, -21]
[3, -41, 43, 40, -2, -6, -5, -19]
[0, 39, 43, 16, -3, 3, 2, -21]
[-2, -33, -33, 30, -2, -9, -3, -21]
[1, -22, 67, -2, 13, -2, 0, -19]
[0, -7, -35, -15, -15, -2, -3, -20]
[5, 7, 51, 22, 1, 1, 2, -20]
[0, -13, -24, -38, -6, 4, 4, -21]
[-2, 20, 7, 9, -4, -4, 0, -21]
[4, -25, 30, -3, -6, 2, -2, -21]
[2, 31, 2, -46, -10, -1, 2, -21]
[-1, 101, 19, -53, -5, -2, -2, -18]
[1, 84, 93, 3, 15, 7, 3, -19]
[-2, 56, 26, -8, 12, 6, 2, -16]
[0, -66, -66, -50, -2, -3, -2, -20]
[-1, -79, -36, 24, 1, -6, -4, -20]
[1, 44, -58, -4, -3, 3, 3, -21]
[-4, -80, -43, -11, -12, -3, -3, -22]
[1, 38, 79, 2, 9, 7, 4, -20]
[-2, 3, -7, 5, 2, 2, 2, -22]
[-2, -35, -102, 22, 11, -2, -3, -19]
[-2, -50, 22, 13, 7, 3, -1, -21]
[3, 3, 85, 48, 0, -5, -2, -22]
[-2, 73, 15, 0, -11, -1, -1, -20]
[5, 34, 25, -3, -8, -1, 4, -19]
[-3, -70, 14, -17, 7, 4, -2, -20]
[-9, -101, -43, -55, 5, -8, -6, -21]
[5, -5, 39, -36, 4, 7, 7, -20]
[-1, 106, 68, -20, 1, 2, -2, -20]
[1, 1, -33, 4, -11, -4, 3, -21]
[2, 34, 29, 23, 1, -10, -2, -18]
[4, -5, 66, 29, -3, 2, 2, -20]
[3, 35, -32, 0, -2, 2, 1, -21]
[-3, -35, -42, -19, -8, -4, 0, -20]
[-3, -4, -19, 8, -4, 2, 4, -24]
[1, -61, -36, -3, -3, 3, 1, -19]
[-5, 105, 47, 12, 1, -2, -2, -20]
[0, 47, -7, -4, -11, 0, 1, -20]
[-5, 4, -33, -30, 1, -3, 2, -21]
[2, -80, 117, 76, 10, 3, -5, -20]
[3, -52, 5, 29, -1, -3, -5, -18]
[0, 98, -6, -37, 2, 4, 5, -18]
[-3, -107, -110, -11, -8, -10, -7, -23]
[3, 56, -4, 21, 1, 9, 7, -22]
[1, 54, -53, -11, 13, 0, 1, -20]
[-3, -76, -47, -44, -6, 0, 0, -20]
[-3, -24, 28, -7, -7, -5, -5, -21]
[-3, 60, 6, 16, -3, -4, -2, -20]
[-3, 27, 29, 2, 7, -2, -2, -21]
[-5, 13, 62, 43, 9, -3, -1, -23]
[-2, -80, -22, 8, 2, 8, 0, -21]
[1, -109, -50, -59, -3, -8, -4, -19]
[3, 127, 36, 38, 7, 4, 4, -17]
[-2, -81, 5, 33, -15, -8, -5, -20]
[2, -43, -21, -43, -5, 3, 2, -17]
[-8, -78, -31, -13, -1, -6, -4, -22]
[-1, -27, -53, -14, -5, -2, -1, -20]
[-1, -13, 42, 5, -4, -1, 0, -20]
[0, -22, -34, -21, 11, 2, 1, -21]
[4, -26, 3, -19, 9, 5, -1, -17]
[-3, -9, -39, -10, -7, -8, -1, -20]
[2, 127, 40, -3, 6, 7, 4, -19]
[-2, -64, -62, -33, -10, -4, -4, -19]
[0, 34, 6, 0, -5, 2, 4, -19]
[0, 58, -1, 3, 1, -5, -4, -21]
[1, 6, -29, 17, 2, 4, 2, -23]
[-4, -49, 13, 0, -10, -5, 0, -22]
[-2, -5, -11, -3, 6, 2, 0, -21]
[0, 48, -64, -64, -12, 0, 2, -18]
[3, 5, 2, -12, -9, -2, -3, -19]
[0, -117, -117, -54, 0, -3, -6, -20]
[-7, -37, 55, 40, 7, -1, -2, -22]
[1, -37, 28, 7, -12, -6, -2, -18]
[-2, 80, 61, -27, 5, 0, -3, -19]
[3, 20, -27, -17, 6, -2, 1, -19]
[-8, -68, 50, 20, 4, 2, 0, -21]
[2, 21, -11, 83, -4, 2, 2, -21]
[-1, 63, 42, 34, -11, -10, -3, -20]
[1, 15, -46, 26, -17, -6, 0, -19]
[0, -2, 4, -45, -11, -3, -1, -21]
[-3, -4, 13, 44, 7, 0, -4, -20]
[-1, 18, 19, -12, 3, 5, 0, -20]
[-3, 41, -33, 12, -5, 1, 2, -22]
[0, -92, -65, -64, -2, -1, -1, -20]
[5, 40, 51, 3, 2, 0, 1, -21]
[-7, -63, 26, 8, -3, -2, -3, -19]
[3, -10, 56, 15, -3, -1, -1, -19]
[0, 79, 48, -59, -3, 3, 1, -19]
[-2, -10, -6, -16, -3, 2, -2, -21]
[-4, -33, -27, -66, -9, -7, -3, -20]
[-2, 74, 43, 15, -6, 0, 0, -21]
[-1, -34, -72, 1, -10, -4, 1, -22]
[-2, -67, 29, -19, -1, -2, -2, -19]
[-8, -85, -8, 21, 4, 2, -7, -21]
[6, 122, 18, -17, 5, 3, 2, -19]
[-1, 34, -80, -10, -1, -3, 1, -20]
[-1, 11, -10, -12, 2, 7, 2, -24]
[5, 2, 56, 75, 0, 3, 5, -20]
[2, -72, 31, -11, -8, -4, -3, -19]
[2, 21, -11, 3, 0, -3, -2, -20]
[0, 74, 17, 28, 7, 0, -3, -23]
[2, 42, 18, -8, -4, 3, 3, -20]
[0, -53, 36, 5, 5, 4, 2, -20]
[-1, -16, 80, 33, -4, -3, -2, -21]
[-2, 28, 18, -29, 0, 0, -3, -20]
[0, 10, -34, 8, 6, 4, 1, -20]
[4, 20, -13, 1, 3, 7, 3, -19]
[0, 58, 13, 32, 2, 9, 6, -19]
[0, 6, -11, -7, -9, -6, -1, -21]
[-3, -38, -13, -81, -9, -9, -5, -18]
[-5, -26, 35, 3, 4, -1, -2, -19]
[1, -115, 32, 8, 6, 5, -1, -22]
[1, 39, 8, 28, 13, 8, 6, -22]
[0, -29, 39, 3, -6, -2, -4, -19]
[2, 127, 25, -7, 1, -2, 3, -19]
[2, 0, 21, -34, -3, -1, -1, -20]
[-11, -8, -66, 1, 8, 0, -2, -20]
[6, 70, 104, 89, 5, 3, 2, -21]
[1, -91, -42, -31, -2, 1, 2, -22]
[-3, 18, -17, -9, -2, -4, -3, -19]
[1, 82, -55, -22, -7, -3, 0, -21]
[-6, -89, 9, 29, 4, -8, -6, -20]
[5, 61, 14, -3, 0, 3, 4, -21]
[0, 60, 3, -5, -9, -3, 2, -19]
[1, -51, 52, 2, -4, -3, -2, -21]
[1, -58, 52, -43, -8, -10, -3, -20]
[-3, -120, -31, -9, -6, 1, -1, -23]
[2, 11, -19, 16, 5, -3, 0, -20]
[-1, 51, -11, 13, -2, 3, 1, -20]
[2, -13, 51, 32, -7, -2, 4, -21]
[-3, -21, 5, -6, -3, -8, -8, -20]
[-1, -31, 61, -29, -1, -1, -2, -19]
[0, -65, -25, 0, -4, -5, -5, -20]
[-1, -37, 43, 11, 0, -1, -1, -19]
[-1, -13, -28, 24, -8, -5, -4, -19]
[2, 30, 28, -3, -6, -3, -2, -20]
[0, 21, 17, -1, 10, 5, -1, -19]
[2, 111, 13, -24, 3, 0, 0, -20]
[-3, 68, 5, 2, -3, 1, 5, -22]
[1, -61, 19, 5, 4, -1, -2, -21]
[-1, -78, 11, -5, -4, -3, -2, -21]
[3, 61, 32, 16, -4, -1, 1, -21]
[-2, 68, -9, -9, -11, -6, 1, -20]
[1, 25, -12, -19, -5, -3, 1, -20]
[-3, 68, -54, 16, 6, 2, 0, -19]
[1, 37, 36, 2, 3, 0, 1, -20]
[2, -48, 70, -33, 3, 0, -2, -20]
[-1, -18, 19, 32, -3, -3, -3, -21]
[-2, -36, -42, -8, -10, -8, -3, -22]
[1, -33, 39, -2, -6, -8, -5, -20]
[-1, 85, 41, 22, -8, 5, 2, -21]
[1, -41, 26, 8, 3, -1, -2, -21]
[0, -13, -45, 4, -9, 2, 2, -23]
[0, -63, -7, -16, -1, -6, 1, -21]
[1, -10, -29, -8, -1, 3, 0, -23]
[0, -80, -28, -27, 3, -5, -3, -19]
[-4, 25, -24, -7, 1, 1, -3, -19]
[0, -57, -38, -47, -12, -3, -2, -20]
[2, 73, 4, 2, 3, 4, 3, -19]
[-1, -81, 8, 4, 5, 0, -5, -20]
[-3, 16, -65, -44, 1, 0, 1, -19]
[1, 48, 49, 28, 17, 13, 2, -20]
[0, -51, 8, 10, 1, -2, 0, -21]
[0, -13, 44, 28, 15, -2, -4, -20]
[2, 49, -2, -16, -8, 0, 0, -20]
[0, 22, 4, 11, 3, 7, 3, -22]
[-2, -7, 1, -22, -11, -4, 2, -22]
[0, 0, 30, 20, -4, -1, 2, -21]
[0, 33, 10, 20, -1, 0, 0, -19]
[2, 29, 50, 13, 7, 3, 2, -19]
[-1, -69, -9, -19, 3, 5, 1, -23]
[1, 84, -60, -24, -3, 0, 1, -19]
[-3, -75, 80, 25, -7, -6, -3, -22]
[0, 80, -18, 5, 0, -4, -2, -19]
[-1, 39, -17, 7, 0, -1, -3, -18]
[2, -43, 23, 29, -1, 0, -1, -20]
[-2, -30, 37, -10, -9, -3, -1, -19]
[-2, -30, -68, -23, -5, -3, -3, -20]
[2, 72, 51, 14, 6, -1, 4, -18]
[-2, 19, -38, 27, -1, 1, 1, -22]
[2, 39, -39, -50, -1, 0, 1, -20]
[-2, -18, 11, 12, 5, 3, 0, -21]
[0, -50, -8, -10, -2, 1, -3, -21]
[-1, 21, 16, -14, -3, 0, 3, -19]
[-3, -64, -6, -9, -5, -3, 0, -22]
[-1, 46, -7, 17, 2, 1, 0, -21]
[0, 46, -2, 21, -3, 2, -3, -19]
[1, -44, 2, -11, 0, -4, 0, -19]
[1, 19, -64, -19, -14, 1, 2, -19]
[-2, -27, -39, -41, -8, -3, -2, -20]
[0, 53, 24, -31, 3, 8, 2, -21]
[-3, -38, 3, 22, 1, -5, -4, -21]
[-9, -19, -93, -22, 0, -6, -2, -21]
[1, 28, 85, 46, 3, 1, 1, -21]
[-2, 103, 12, 13, -2, 0, -4, -22]
[5, -33, 36, 22, 23, 14, -5, -20]
[-3, 34, -63, 0, 3, -3, 0, -20]
[3, -64, 6, -11, -10, -5, -2, -21]
[2, 12, 101, 44, -4, -3, -1, -18]
[-3, 72, -59, 2, -1, 0, 2, -20]
[-2, -45, -17, 33, 6, -1, 4, -22]
[3, -33, 10, -25, -5, -2, -8, -19]
[0, 15, -11, -20, -4, -2, -1, -19]
[0, -47, -10, 27, -5, -7, -8, -21]
[-6, -122, 70, -38, 3, 2, 1, -21]
[0, -81, 14, 23, -9, -5, -3, -21]
[2, 15, 28, 48, -3, -3, 0, -19]
[1, 49, -100, -16, 13, 5, -1, -18]
[-2, 27, 8, -15, 2, 4, -1, -21]
[-2, 47, -28, -29, -8, -1, 1, -21]
[2, -3, -34, -48, -10, -3, -1, -20]
[-1, -17, 54, -42, -9, -3, 2, -22]
[2, 80, -14, 44, 18, 3, 1, -18]
[-3, 22, 48, 57, -3, -4, -2, -23]
[1, 75, 43, 13, 0, 2, 4, -16]
[-2, 8, -84, -32, -13, -6, -3, -20]
[-1, -65, 16, 48, -2, -3, -4, -22]
[2, -30, 76, 20, 4, -3, -2, -19]
[2, 52, 51, 34, 4, 1, -2, -22]
[-2, 7, -42, 22, 13, 5, -1, -16]
[-2, -41, 41, -7, -13, -6, -1, -22]
[-3, 24, -64, 5, 4, 1, -2, -24]
[2, 17, 6, -1, 2, -4, -2, -18]
[-2, -3, 25, -14, -1, -1, -2, -22]
[-3, 26, 35, 25, 5, -4, -5, -20]
[-1, 42, -5, 35, -1, 1, 2, -21]
[2, -15, 21, -53, -3, 3, 0, -21]
[4, -42, 14, -60, -21, -7, 4, -22]
[-2, 67, -27, 17, 3, 1, 2, -20]
[1, -92, -10, 59, 5, 2, -2, -20]
[3, 50, 20, 11, 5, 11, 6, -21]
[-2, 26, -33, 45, 1, 14, 8, -23]
[-5, -116, -14, 22, -5, -7, -2, -24]
[0, 63, -69, 0, 2, -4, -5, -20]
[3, 6, 6, -36, -1, 0, 1, -21]
[-1, -11, 6, -12, 13, 1, 0, -17]
[-2, -43, 30, 35, 7, 2, 2, -22]
[-5, 61, 125, 63, 13, 2, -4, -23]
[-3, -75, -11, -44, 0, -14, -9, -19]
[-7, 4, 1, -19, 2, 2, 0, -21]
[1, 94, -25, -56, -7, -2, 0, -18]
[-3, -81, -63, -35, -14, -12, -6, -20]
[5, 124, -31, 1, 7, 2, 3, -18]
[3, 56, -44, -10, -3, 5, 5, -21]
[-2, -48, -53, 50, -3, -4, -6, -22]
[2, -76, -128, -12, -2, -2, -2, -20]
[-7, -119, -40, -53, -2, -9, -3, -21]
[1, 16, 65, 61, 5, -4, -7, -20]
[-3, -58, -37, 5, -5, -3, -2, -21]
[-3, 50, -37, -91, -22, -13, -2, -21]
[-15, -94, 97, 65, 0, -1, 6, -31]
[-1, -85, -17, -17, -5, 2, -4, -21]
[1, -124, -36, -34, 6, -5, -5, -22]
[5, 11, -38, -35, 4, 5, 1, -20]
[3, 68, 51, 73, -15, 2, 2, -21]
[1, -49, 7, 7, 13, 7, -2, -19]
[-1, -22, -51, -67, -2, -10, -2, -19]
[1, -28, 50, 10, -3, 3, 2, -18]
[1, -38, 48, 36, -7, 5, 5, -21]
[1, 108, -32, -40, 5, 3, 1, -20]
[-14, -112, 9, 58, -5, -16, -14, -26]
[1, 125, -4, 42, 4, -4, -18, -17]
[3, 57, -48, -13, 9, 14, 8, -20]
[-8, -96, -52, -20, 0, -6, -2, -20]
[1, -39, -50, -76, -1, -3, 2, -19]
[2, -18, 73, 3, 12, 0, 1, -20]
[-11, -77, -67, 1, 1, -3, -5, -23]
[4, -29, 29, 31, -13, -3, 4, -22]
[-1, 30, -37, -44, 15, 7, 1, -19]
[-3, -91, 115, 14, -11, -6, -4, -21]
[2, -25, -26, -40, -3, 0, 0, -19]
[5, 121, -96, 68, -3, -1, 0, -19]
[5, 51, 68, -22, 2, 0, 6, -22]
[3, 74, 105, -71, -10, -7, -3, -18]
[-4, 92, -68, 50, 0, 7, 6, -24]
[-6, -65, -91, 2, -6, -6, -5, -20]
[-7, -128, 27, -1, -3, -6, -2, -21]
[-2, 32, 75, 39, 1, -5, -3, -21]
[-1, 11, -47, -27, -1, 9, 6, -24]
[-2, -21, -119, -9, 1, 0, 3, -24]
[3, 66, 0, 27, 11, 1, -2, -14]
[-6, -69, 11, 8, 0, 2, -1, -24]
[-1, 55, 66, 58, -6, -2, -1, -21]
[-1, -48, -63, -45, 2, 2, -2, -17]
[2, -83, -21, -43, -6, -4, -2, -20]
[-2, 28, -94, -66, -3, -1, -12, -22]
[0, -9, -31, -71, -27, -1, 4, -25]
[-2, -121, -79, -23, -13, -1, 3, -23]
[5, 6, 91, 24, 7, -6, -1, -18]
[5, 19, 66, 31, 8, 6, 2, -22]
[3, 107, 21, 56, 10, 10, 7, -20]
[3, 12, 29, 8, 0, 2, 1, -21]
[0, -8, 43, -41, -1, -4, -2, -22]
[-1, 45, -56, -8, 5, 8, 6, -19]
[-3, -60, -78, -37, -3, -5, -5, -21]
[4, -19, -10, -8, 6, 5, 3, -22]
[-4, -37, 19, -34, 12, -2, -4, -19]
[2, 92, -79, -16, -5, -1, 7, -18]
[3, -16, -39, -32, -18, -8, -6, -19]
[6, 59, 65, 122, 11, 5, 4, -19]
[-8, -41, -124, -46, -2, -5, -4, -21]
[0, -4, 24, -10, 3, 3, 0, -20]
[-2, 57, 3, 108, 5, -7, -2, -22]
[-2, 11, -41, -58, 16, -1, 0, -19]
[-2, -20, -41, 30, 6, 1, -2, -21]
[3, 45, 19, -55, -6, 1, 2, -19]
[-2, -28, 50, -16, -13, -4, 0, -19]
[4, -4, 55, -37, 2, 4, 3, -19]
[-2, 55, 67, 6, 6, 8, 2, -21]
[-2, -26, -42, -8, 9, 2, 3, -21]
[-5, -78, 36, -5, 6, -1, -6, -23]
[0, -12, 52, 4, 14, 12, 2, -20]
[1, 67, 85, 39, 16, 2, -3, -17]
[-1, 38, 17, -12, -5, -6, 1, -20]
[-3, -16, -31, -6, -3, -8, -3, -21]
[-8, 6, -10, -72, -11, -3, -2, -18]
[3, -26, 10, -7, 4, -2, 0, -20]
[0, 19, 55, -44, -11, -8, -2, -19]
[3, -27, 28, 43, 2, 3, 4, -23]
[0, 30, -17, -10, -11, 2, -1, -21]
[-7, -73, -52, -49, -5, 0, -6, -20]
[5, 38, -17, -12, 8, 9, 3, -19]
[3, 111, 38, 41, 5, 9, 6, -20]
[2, 97, 28, -16, 3, 3, 4, -18]
[-1, 28, -2, -41, -12, -6, -5, -19]
[2, 93, -85, 12, 3, -4, -1, -18]
[2, 78, -84, 33, 6, 1, 0, -20]
[-2, -100, -14, 4, -7, -10, -7, -19]
[-10, -128, 10, 112, -12, -20, -12, -25]
[-3, 59, 69, -33, 13, -5, -8, -17]
[2, -67, 13, 38, 9, 8, 3, -21]
[3, -79, 48, -5, 5, 4, 0, -20]
[2, 107, -82, -3, -11, 0, 3, -19]
[1, -6, 81, -21, 6, 0, -2, -20]
[1, 43, 25, -29, -4, 2, 4, -18]
[1, 70, 11, 41, 5, 1, 2, -21]
[-1, 35, 48, 0, 8, 1, -3, -19]
[-4, 27, -57, -25, -1, 1, 2, -19]
[5, -53, 55, -11, -5, -2, -3, -20]
[0, -39, 28, -29, 3, 6, 0, -21]
[-3, -31, -22, -9, 5, -2, -1, -21]
[2, -43, 7, 18, 4, 2, 0, -20]
[-6, -79, 55, 51, 0, 1, 1, -22]
[0, -17, -55, -39, 1, -1, -3, -20]
[2, 120, 10, 6, 9, 4, 0, -19]
[-6, 61, -1, 34, 0, -3, 0, -20]
[2, -84, 43, 18, -8, -5, -4, -21]
[4, 125, 34, -15, -1, 8, 2, -21]
[-5, -31, -17, -5, -13, -9, -4, -22]
[1, 20, -68, -13, 0, 0, -3, -18]
[-9, -78, -17, -24, 0, -3, -5, -22]
[-1, -128, 69, 22, 14, -10, -3, -22]
[0, -50, 26, -70, -9, -2, 2, -21]
[1, 49, -6, 5, 13, 10, 4, -16]
[-2, -48, 8, -17, -7, -3, -5, -19]
[0, -12, -7, 42, -4, -5, -2, -21]
[-8, -99, -104, 45, -12, -12, -10, -21]
[2, 67, 32, 1, 1, 7, 0, -17]
[2, -24, 17, 81, 7, 2, 0, -22]
[-2, 30, -53, -42, -10, 1, 0, -22]
[-2, -91, -65, -6, -5, -8, -7, -22]
[0, 57, 27, -6, -12, -6, -2, -21]
[1, -50, 10, -37, -3, -4, -6, -20]
[-4, -88, 41, -19, -6, -13, -11, -22]
[0, 12, 28, 21, 4, 7, 2, -20]
[-1, -16, 34, 53, 1, 1, 0, -19]
[-2, 94, -6, 3, 10, -1, -3, -17]
[-1, 76, 59, -64, 25, 12, -1, -20]
[-3, -73, -95, 4, -3, -13, -9, -18]
[-6, 24, -49, 28, 6, -3, -5, -16]
[-2, -79, -98, 3, -7, -5, 0, -22]
[-1, 26, -11, 2, -6, -1, 2, -20]
[-1, -11, 111, -23, -5, 1, 1, -20]
[1, 48, -10, 2, 2, 3, -1, -19]
[0, 77, -1, -12, -2, 3, 7, -21]
[1, -22, -93, 0, -7, -2, 1, -22]
[0, -43, 59, 1, -7, -6, -2, -19]
[5, 0, 33, 80, 8, 5, 0, -23]
[-4, -13, -31, 21, -3, -3, 0, -20]
[1, 94, 20, -26, 11, 6, 2, -23]
[-2, 6, -3, 2, 5, -2, -1, -20]
[-2, -71, -90, -40, 3, -5, -6, -20]
[2, 64, 34, 8, -14, -5, -1, -20]
[-3, 0, 25, -11, -14, -3, 1, -22]
[-3, -70, -16, -43, 6, 1, -1, -23]
[-4, -26, -9, -7, -6, -1, 3, -22]
[4, 38, -33, 29, -13, -9, -3, -18]
[-2, -26, -75, 7, -1, -9, -5, -19]
[-4, -121, 4, -3, -6, -5, -1, -22]
[-4, -14, 7, 11, -6, -2, -1, -20]
[-2, 4, 21, 33, 6, 9, -1, -20]
[-7, 74, -14, 3, 9, 4, 2, -21]
[5, 65, 66, 14, 0, 1, 1, -18]
[1, -23, 8, -97, -10, -3, -4, -22]
[3, 38, 8, -14, 2, -3, -5, -18]
[-4, 58, -16, 40, -3, -1, 3, -22]
[1, -68, -96, 0, 2, 2, 0, -20]
[-4, -106, 2, -54, -3, -11, -4, -20]
[-5, 6, -26, 15, 6, 3, -2, -21]
[3, 0, 75, 24, -8, -2, -1, -20]
[-1, 111, 77, 23, -4, -6, -3, -23]
[-4, -13, -7, 3, 0, -4, -1, -21]
[-2, 38, -51, -60, -7, -3, 2, -20]
[-3, -28, 21, 2, -15, 4, -5, -19]
[1, -42, -23, -17, 0, -5, 2, -18]
[2, 73, -72, -9, 6, 3, -1, -20]
[2, -3, 71, 24, -4, 0, 1, -20]
[1, 66, 61, 42, 3, 5, 6, -23]
[-2, -77, 68, 38, 3, -6, -9, -17]
[-6, -100, -22, 28, 3, -5, -5, -21]
[0, 30, 26, -30, -6, -8, 0, -19]
[-1, 35, -32, -14, 5, -1, -3, -19]
[3, -2, 30, 12, 9, 3, 0, -19]
[4, 36, 63, 15, 0, -2, 0, -21]
[6, 55, 52, -3, 3, 1, 2, -21]
[-8, 0, -31, -29, 5, 2, -3, -21]
[-1, 16, -24, 27, -6, -2, 2, -23]
[-3, -64, -29, -5, 0, 5, 6, -23]
[-4, -94, -9, -55, -12, -4, -3, -19]
[-3, 48, -48, 23, -13, -4, 4, -20]
[-3, -72, 59, 5, 0, -3, -2, -21]
[-4, -41, -43, 31, 5, -8, -1, -24]
[1, -101, 1, 5, 0, -7, -3, -21]
[-2, -24, -34, -3, -22, -8, -3, -19]
[-3, 95, -31, -36, -3, 7, 8, -22]
[1, 127, -22, -3, 5, 2, 0, -19]
[4, 9, 1, -47, -1, 2, 2, -18]
[-6, -56, -53, 14, 2, -4, -4, -21]
[-8, -77, 101, 51, 3, -2, -3, -24]
[2, 116, -53, -46, -4, -2, 3, -18]
[2, 127, -12, -13, -2, 10, 5, -18]
[-10, -74, -79, -84, -5, -24, -17, -17]
[-1, -18, 78, -19, 9, 4, 1, -19]
[-7, -93, -2, 12, 14, -7, -6, -23]
[-5, -20, 30, 16, -6, -5, -3, -24]
[4, 58, -55, -53, 1, 4, 7, -19]
[3, 88, 12, 14, 9, 10, 1, -20]
[-5, -91, 127, 69, 2, -5, -8, -25]
[6, 33, 7, -26, -13, 0, 6, -18]
[-10, -58, -59, -82, -18, -2, -6, -23]
[5, 42, 47, 16, 2, 3, 11, -19]
[5, 68, 45, -27, 7, 6, 6, -16]
[-1, 48, 66, 15, -4, -3, -4, -18]
[1, 9, 17, 12, 5, -3, -5, -21]
[-3, -58, 27, 37, -5, -4, -2, -23]
[4, 77, 13, 72, -5, 1, -2, -21]
[-3, -64, 0, 23, -1, -4, -4, -22]
[-5, -63, 8, -42, -14, -4, 1, -23]
[-6, -93, -101, -18, 5, -6, -5, -19]
[0, 40, 115, 8, 3, -1, -3, -21]
[1, 21, 13, 9, 5, 11, 12, -22]
[3, 117, 99, 0, 3, 5, 4, -19]
[-4, 39, 2, -45, 4, 1, 4, -19]
[-2, 17, 85, -31, 0, -11, -10, -18]
[-3, -10, -106, -31, -22, -5, 0, -21]
[-1, -66, -92, 7, 0, 2, 1, -20]
[1, -82, 31, 65, -2, -5, -3, -20]
[-1, -4, -39, -65, -10, 1, -1, -19]
[2, 127, 110, -31, 3, 0, 2, -20]
[-2, 8, -52, -41, -4, -2, -5, -20]
[-3, -31, 8, -6, -6, -6, -3, -23]
[0, 11, 78, 86, 17, 4, 1, -22]
[0, -22, -10, 37, 10, 0, -1, -19]
[-5, -83, 51, 10, 5, -5, -5, -18]
[5, 26, -49, -16, -7, 0, 3, -20]
[2, 51, -106, -44, 9, -2, 4, -19]
[0, -11, 28, 6, 1, 1, 0, -23]
[4, -99, 19, -17, 0, 3, -5, -20]
[4, -13, 46, 9, 7, 10, 6, -20]
[-3, 39, 73, 37, 13, -2, -2, -21]
[0, -44, -12, -20, -13, -6, -4, -18]
[1, -63, -5, 26, 4, 2, 3, -20]
[-5, 0, -27, -4, -6, -15, -5, -21]
[-4, -109, -72, -49, -6, -6, -1, -21]
[-11, -44, 27, 46, -9, -6, 0, -27]
[-4, 29, -67, -1, 5, 1, 0, -20]
[-6, -92, 25, -25, -3, -6, -2, -21]
[2, -29, -25, -9, -4, -7, -4, -18]
[2, 71, 46, -14, -3, 5, 7, -21]
[1, 124, -23, -80, -11, -2, 0, -21]
[0, -56, 75, 35, 2, 9, 4, -24]
[-2, 103, 38, 30, 0, 5, 4, -21]
[-4, -15, -3, -39, 3, -2, 0, -19]
[4, 24, -93, 83, 4, 7, 3, -19]
[-7, -113, 32, 52, 1, -3, -7, -21]
[6, -48, 74, -26, -12, -3, 2, -19]
[-13, 16, -98, -53, 0, -10, -6, -22]
[6, 77, 114, -9, -4, -2, -3, -20]
[-2, -5, -83, 6, 10, 5, 2, -21]
[5, 90, -46, 21, 1, 1, -1, -18]
[-5, 77, -28, -31, 2, 3, 2, -22]
[-2, -21, 13, 27, 1, 13, 6, -21]
[0, -99, 16, -43, 7, -7, -3, -20]
[-2, 35, 0, -3, -15, -13, -6, -20]
[-1, 49, 40, -15, 6, -3, -3, -19]
[3, 21, -34, -46, 1, 2, 2, -20]
[5, 11, -8, -13, 5, 5, 2, -20]
[-3, 21, 67, 39, 2, 0, 1, -20]
[1, -20, -1, -26, -11, -6, -2, -23]
[-1, -65, -32, -5, -6, -6, -1, -21]
[5, 71, 76, 7, 4, 5, 2, -19]
[-6, -39, -52, 2, -2, -2, 0, -22]
[-1, -35, 14, 24, 7, 13, 8, -24]
[2, -11, 24, -11, 6, 3, 0, -19]
[-5, 90, -4, -69, 3, -9, -4, -21]
[0, 33, 76, 21, -4, 1, -1, -21]
[2, -5, 80, -30, 6, 5, -2, -15]
[1, -94, -60, 11, 3, 3, 1, -19]
[3, -9, 77, 41, 8, 3, 2, -21]
[-1, 91, 14, -27, -1, 3, 1, -18]
[-10, -121, -45, -36, -9, -5, -7, -26]
[-7, -30, -29, 25, -1, -6, -2, -22]
[2, 60, -62, -36, -7, -4, 1, -20]
[-4, 29, -65, 2, -6, 2, -3, -20]
[0, -118, 28, 10, -6, -5, -5, -21]
[1, -39, -31, -17, 10, 3, 4, -22]
[2, 48, 127, -54, -11, 1, 2, -20]
[4, 34, -33, -26, 11, -1, 1, -16]
[2, 84, 8, 32, 6, 0, 3, -22]
[0, -104, 2, -7, -2, -1, -1, -20]
[-3, -48, -41, -31, -5, 2, 1, -21]
[-6, -110, 14, -6, 6, -2, -4, -20]
[1, 127, -98, 19, 3, 11, 4, -19]
[-1, 22, 48, 26, -3, -11, -4, -19]
[1, -31, -42, -9, -7, -6, -3, -20]
[-9, -80, 21, 21, 15, -2, -4, -20]
[-3, -67, -52, -51, -11, -1, -1, -19]
[1, 51, 2, -4, 0, 0, 2, -19]
[-1, 50, -12, 1, -6, -5, -4, -20]
[1, -4, 8, 13, 0, -4, -3, -21]
[5, 40, 49, -65, 11, 13, 2, -19]
[0, 49, 11, 2, 6, -6, 0, -20]
[-2, -55, 63, 114, 17, 4, 1, -22]
[-14, -93, -111, -18, -22, -12, -5, -20]
[0, -19, 101, 47, 4, -2, 0, -22]
[3, -77, 44, -9, -4, -3, -6, -21]
[2, 76, 29, 25, -4, -2, 0, -19]
[0, -20, 6, -2, -1, -2, -2, -21]
[-2, 57, 54, -13, 7, -3, -2, -20]
[6, 27, -54, -2, -3, 2, 3, -22]
[2, 35, -33, -74, -12, 7, 5, -19]
[1, 7, 3, 20, -7, -3, 2, -22]
[4, -18, -44, -20, 0, 0, 0, -18]
[0, 30, 35, 72, 14, -4, -7, -18]
[-2, -82, -1, 12, -3, -2, 1, -22]
[-1, -10, 4, 2, -5, 1, 0, -20]
[-1, 11, -19, -7, 4, 2, 5, -20]
[-1, -4, -25, -65, -12, 1, -1, -23]
[-1, 21, 15, 13, 0, -4, 1, -20]
[2, -36, 46, 20, 4, -3, -2, -19]
[-5, 117, -31, 2, -8, -4, -18, -18]
[-3, -18, -17, -19, 4, -1, 1, -23]
[-6, -32, -81, -57, -10, -8, 0, -22]
[2, -86, 10, 0, 4, 7, -7, -19]
[-4, 55, -24, -7, -1, 1, 6, -22]
[-2, -107, 5, 19, -12, -6, 9, -21]
[1, 62, 5, 11, 3, 3, -1, -18]
[0, -17, -28, -15, -7, 4, 0, -21]
[4, -70, 25, 16, 0, -3, -12, -18]
[2, 25, -25, -14, 5, -1, 4, -19]
[-4, -32, 14, 31, 2, -4, -1, -20]
[-4, 24, 52, 13, 1, -3, -12, -20]
[-2, 8, 13, 9, -1, 0, -3, -22]
[-5, -25, -8, 37, 8, -2, 2, -21]
[1, -48, 45, 3, -1, 1, 10, -21]
[1, -8, 25, -9, -3, -2, -2, -21]
[-3, 38, 18, -9, -5, 3, 6, -23]
[1, -18, 0, -24, -7, 4, 4, -21]
[3, 36, -19, 6, 3, 2, 8, -21]
[-2, 25, 31, 24, -5, -2, 3, -20]
[-2, -19, -13, -15, 0, 2, 4, -20]
[-4, 94, -41, -32, -6, -2, 1, -21]
[-5, 7, -7, -16, -17, -7, 6, -18]
[-1, -4, 17, 11, 2, 2, -5, -19]
[0, -38, -3, 8, -1, 0, -4, -23]
[2, -5, -23, -41, -2, 1, -3, -19]
[2, 19, -10, -4, 1, 0, 3, -20]
[-1, -37, 31, 21, 12, 2, -1, -20]
[2, -63, 5, -3, -5, 1, 6, -22]
[4, -53, -41, -74, -16, -9, -1, -19]
[0, 55, 49, -22, 3, 3, 3, -21]
[-3, 63, 10, 25, 1, 1, 0, -21]
[-3, 45, -22, -5, 19, 11, 2, -21]
[1, -9, 25, 4, -6, -5, -3, -19]
[1, -55, -60, -18, -7, -5, -3, -21]
[-6, 74, 1, 1, -5, -1, 3, -21]
[1, -69, -33, -15, -7, 1, -4, -22]
[1, -46, -47, 4, 1, -3, 2, -22]
[6, -23, 42, 28, 11, 1, 1, -23]
[-1, -66, 21, -5, -6, -2, -1, -20]
[-1, 80, -32, -20, -5, -8, -3, -19]
[-2, 7, 7, -8, -2, -2, -1, -19]
[3, -128, -53, 17, -1, -6, -6, -20]
[-4, -82, 19, -20, 1, 0, 11, -20]
[6, -26, -41, 0, -15, -3, -2, -21]
[-7, -24, 22, -8, -1, -8, -3, -21]
[1, 37, -22, -22, -2, -6, 2, -21]
[-5, 57, -5, 7, 6, 1, -2, -20]
[1, 19, 21, 17, 2, 2, 4, -20]
[-1, -124, 15, 7, -6, -2, -4, -22]
[-1, -84, -58, 3, 8, 4, -6, -20]
[-4, -51, -51, -10, -12, -9, -6, -21]
[-1, 23, -14, -6, -12, -6, -7, -22]
[-1, 53, -34, 13, 3, 2, 1, -20]
[-2, -128, 5, 29, 5, -3, -5, -21]
[-2, 2, 12, 43, -8, -5, 3, -19]
[3, 56, 43, 37, 13, 13, 4, -22]
[2, -26, -8, -4, 3, 2, -2, -19]
[0, -49, -16, -8, -4, -1, 0, -20]
[2, 71, -42, -23, -6, 1, 2, -21]
[-4, -59, 39, 16, 11, -1, -6, -20]
[1, -36, -11, -5, -2, 0, 1, -20]
[-2, -36, 1, 48, 4, -3, -6, -21]
[-2, -64, 17, 8, -1, -1, 0, -23]
[2, -15, 7, 9, 1, -1, 2, -20]
[2, 41, -34, -20, -4, 5, 5, -21]
[-1, 19, -21, -7, 8, 3, 0, -20]
[-1, 58, -17, 48, 10, -1, -3, -20]
[-3, -21, -52, 1, -1, -9, -2, -21]
[1, -20, 3, 20, 0, 5, 4, -21]
[-2, -23, 41, 13, -10, -6, -1, -22]
[-2, -15, 12, 9, -2, -8, -6, -19]
[0, 7, -31, 46, -1, -2, -2, -20]
[-1, 84, 6, 7, 11, -1, -1, -20]
[0, -90, 106, 84, 9, -7, 0, -20]
[-3, 24, 68, 27, 0, 3, 3, -20]
[-5, -60, -82, -71, -11, -7, -4, -18]
[4, 83, 65, -36, 9, 6, 2, -17]
[-1, -56, 55, 6, -10, -6, -3, -21]
[2, -27, -98, -17, -7, -5, -2, -21]
[-2, 36, 36, -52, 15, 13, 1, -22]
[-1, 55, -9, 42, -6, -8, 0, -18]
[3, 41, -98, -60, -7, -2, -4, -18]
[2, 12, -8, 16, -9, 0, -1, -20]
[1, 5, 112, 53, 0, 3, 3, -23]
[1, 26, 27, 44, -1, 5, 7, -21]
[6, 46, 17, -93, 4, 0, 1, -18]
[-1, 40, -27, 103, -11, -6, 0, -20]
[-2, -51, 53, 25, 3, -2, -2, -26]
[-2, -22, 57, -7, -8, 0, -1, -22]
[-1, -1, 92, -54, -5, -7, -3, -19]
[-3, 1, -109, -14, 6, 0, 2, -20]
[-4, 56, -63, -43, 8, 2, -5, -21]
[-5, -42, -77, -7, 3, -6, -6, -21]
[-8, -96, -43, 25, 2, -4, -6, -22]
[0, -53, -11, -45, 1, 0, 2, -22]
[-2, -90, -85, -18, -13, -7, -4, -20]
[2, 37, 38, -44, -7, -2, -2, -18]
[-4, -26, 4, 4, 0, -6, -7, -21]
[4, 11, -66, 12, -3, -3, -7, -18]
[-2, 66, -42, -60, -5, -7, -1, -20]
[7, 106, 52, -17, -7, 0, -1, -21]
[-18, -110, -38, 60, -1, -11, -9, -25]
[4, -59, 32, -35, -2, 2, 3, -19]
[1, 63, 23, 19, -4, 9, 7, -22]
[0, -89, -4, 9, 21, 6, -1, -20]
[6, 18, 93, -10, -4, 3, 4, -19]
[-5, -42, 49, -4, 2, -9, -9, -19]
[-1, 69, 40, 114, 4, -6, -2, -18]
[3, -31, 67, 18, 8, 9, 4, -23]
[1, -55, -60, 31, -8, -6, -5, -19]
[0, -15, 44, 76, 15, 12, 6, -23]
[9, 39, 113, 13, -5, -5, -3, -17]
[-2, 48, -73, -71, -12, -3, 5, -19]
[-7, 2, -73, -44, -15, -7, -4, -18]
[5, 79, 95, 97, 14, 6, 5, -20]
[3, 100, 18, 15, 8, 4, -4, -19]
[-3, 48, -42, 94, 15, 11, 7, -23]
[-6, -128, -50, 8, 8, -16, -15, -20]
[-6, 1, -1, 13, -16, -5, 0, -26]
[1, -98, 67, -82, -18, -14, -8, -19]
[-13, -41, -52, -92, -25, -23, -7, -18]
[-2, 90, -62, 2, -9, -8, 2, -19]
[5, -45, 37, 55, 22, 7, 0, -21]
[0, 55, 48, 33, 9, 15, 5, -23]
[-1, -27, 23, -19, 2, -3, -18, -22]
[12, -12, -42, 78, 13, 1, -19, -20]
[-2, 12, 14, 12, 11, 1, 5, -21]
[-8, 127, 10, -51, -19, -4, 40, -18]
[-8, -39, 54, 64, -1, -2, 3, -19]
[3, 43, -41, -108, -23, -2, 1, -22]
[8, 120, 29, -57, -4, 1, -2, -19]
[-2, -123, 42, 52, 2, 6, -1, -23]
[-6, -68, -9, 103, 7, -9, -10, -22]
[-7, -93, -68, 14, -9, -6, -5, -22]
[-8, 127, -20, 24, 35, -3, -2, -15]
[8, 97, -6, -50, 4, 7, 2, -23]
[2, 113, 29, -20, -13, 5, 1, -21]
[4, -2, 67, -10, -8, -6, 1, -20]
[-3, -51, -37, 7, -5, -12, -6, -22]
[4, -63, -63, -28, -5, 5, 11, -20]
[2, 30, 10, -14, -7, -7, -2, -19]
[0, 25, 25, -3, -3, 1, 3, -22]
[2, 83, -43, -45, -10, -4, -12, -20]
[2, 97, 35, 0, -8, 5, 5, -20]
[3, -7, -6, 47, -16, 1, 4, -21]
[0, 81, 26, 17, 9, 11, 7, -19]
[-1, -6, 89, 83, 0, 4, -3, -27]
[-6, -36, -88, -14, -15, -6, 0, -25]
[6, -16, 40, 37, 12, -1, -4, -19]
[-2, 14, 25, -10, -8, -6, -15, -20]
[10, -43, 114, -5, 10, 5, -10, -21]
[-1, -5, 41, 16, 3, 0, 6, -20]
[3, -3, 10, -41, -10, 3, 5, -21]
[-9, -2, -105, 16, -6, -2, -2, -23]
[2, 37, 75, -62, -7, 0, 14, -19]
[4, -44, 84, 26, 9, 4, -1, -20]
[-1, -14, 6, 57, -10, -8, -9, -20]
[2, 99, -55, 0, 7, 13, 0, -18]
[-3, -22, -46, -21, -3, 1, 2, -20]
[10, 119, -54, 9, 7, 14, 6, -18]
[1, -103, 30, 19, -1, 3, -11, -20]
[-2, 1, -31, -39, -7, -2, 3, -24]
[-7, 51, -9, 33, 4, -2, 0, -21]
[-18, -79, 68, 60, -6, -24, -16, -27]
[0, -92, -12, 12, -8, -4, 0, -19]
[-3, -108, -79, -8, 9, 2, 0, -23]
[-1, -13, -34, -8, -1, -2, -1, -20]
[3, 127, -28, 22, 4, 5, 6, -20]
[-10, -128, -15, -38, -1, -10, -11, -22]
[2, -41, 32, -11, -3, -3, -2, -20]
[-8, 23, -24, -18, -6, -3, -4, -18]
[-2, -6, 88, -8, -11, -1, 2, -22]
[2, -23, 9, 12, 10, 5, 0, -20]
[6, 36, -14, -10, -11, -1, 2, -20]
[0, -57, 23, 5, 0, -4, -3, -21]
[-3, 74, -30, 47, -3, 1, 3, -21]
[0, 41, -87, -10, -20, -5, -2, -19]
[0, 127, 45, -5, -1, 0, 1, -19]
[0, -43, 34, -13, -1, -2, 0, -20]
[-5, 46, -59, -28, -4, -8, -7, -18]
[2, 81, -82, -75, 5, 7, 4, -18]
[-6, 13, -1, -44, 0, -8, -3, -20]
[-3, -103, -9, -14, 8, 1, -1, -21]
[0, -48, 17, -48, -2, -2, 2, -20]
[0, -40, -10, -9, -19, -2, -3, -20]
[-1, 43, -23, -5, 6, 8, 10, -20]
[2, -40, -31, -32, 2, 3, -4, -20]
[-5, -6, 42, -7, -10, -4, 2, -23]
[2, 8, -19, 33, 1, 1, -1, -20]
[3, 50, 14, -29, -2, -2, -4, -20]
[-2, -68, 1, -1, 0, -2, -3, -22]
[0, 26, 23, 19, 5, 2, 3, -21]
[7, 127, 46, 70, 7, 0, 2, -18]
[2, 34, 16, -2, 8, 5, -1, -20]
[-3, -3, 17, -54, -16, -6, 0, -21]
[-2, 87, -3, 22, -3, -1, -2, -21]
[-1, 21, -52, 16, -1, -4, -3, -21]
[1, 5, -15, -35, -6, 3, 0, -20]
[-1, 43, 10, -14, 4, 0, 0, -22]
[-1, 16, 7, -61, -6, -2, -1, -22]
[-3, -80, -115, -45, -5, -7, -9, -20]
[1, -33, 9, 10, 10, 1, 1, -19]
[2, 4, -9, 25, 3, 6, 1, -20]
[2, -38, 31, 12, -1, 2, 3, -21]
[3, -82, -47, -31, 5, 2, -1, -18]
[1, 9, -19, -42, -6, -5, -1, -20]
[-4, -11, 27, 46, -1, -2, -2, -22]
[0, 25, 21, 9, -2, -1, -3, -18]
[-1, -44, 26, 23, -1, -3, -1, -21]
[-2, 35, 32, 5, 1, 0, 1, -21]
[-6, -26, -75, 64, 0, -5, -3, -23]
[-1, -32, 22, -35, 4, 3, -2, -22]
[1, 78, 30, -33, 0, -4, 1, -19]
[-5, -84, -44, 41, -9, -6, -6, -21]
[-2, 28, -41, -4, -8, -1, 2, -20]
[-4, -59, 20, -6, -4, -1, -4, -23]
[0, 50, 49, 61, -7, 1, 3, -21]
[-9, -117, -21, 9, -6, -6, -7, -21]
[4, 44, 6, -16, -3, -5, 1, -18]
[2, -4, -17, -16, 6, 7, 7, -21]
[-1, -66, -35, 1, 6, 0, -1, -19]
[4, 127, -22, -26, 9, 8, 4, -18]
[0, -21, -28, -34, -10, 1, 2, -22]
[1, -28, -41, -2, -12, -3, 0, -20]
[5, 75, 35, -56, 10, 3, 1, -19]
[2, -55, -10, -35, 1, 5, 0, -19]
[2, -1, 25, -103, -5, -4, -3, -19]
[3, 50, -64, -42, -18, -7, -1, -19]
[-2, -65, -74, -71, -14, -3, -4, -22]
[-9, -112, -128, -37, -18, -5, -8, -23]
[0, 98, 20, 4, 11, 3, 0, -19]
[-5, -31, -48, -28, -8, -8, -3, -23]
[4, -5, 13, -11, 10, 3, 1, -21]
[-1, -73, -13, -27, 2, 3, -3, -20]
[0, -63, -39, 6, 1, 6, -3, -18]
[0, 62, -24, 22, 3, -2, -2, -20]
[-1, 41, -1, 16, 2, 4, 4, -22]
[-4, 35, -14, 11, 4, 0, 1, -20]
[4, 20, -9, 20, 4, 4, 0, -17]
[-7, -94, -14, -73, -9, -11, -7, -22]
[-3, 18, -1, 19, -5, -3, -2, -20]
[-3, -29, -94, -29, -10, 3, 0, -24]
[-3, 42, 89, 54, -6, -4, -5, -20]
[3, 79, 60, 38, -4, 1, 1, -19]
[-2, -68, 75, -6, 2, -4, -3, -22]
[-5, -14, -7, 28, 9, 2, -3, -20]
[-2, 15, -44, -10, -3, -5, -2, -23]
[-1, -23, -7, 31, -2, -5, -3, -19]
[3, 49, -60, 2, 3, 1, 5, -20]
[-7, -128, -85, -22, -14, -8, -8, -22]
[-4, -49, 55, 52, -3, -2, 1, -23]
[0, 10, -30, -7, 2, -2, 2, -22]
[-2, 63, -79, -66, 5, 2, -2, -21]
[1, 59, -21, -29, -5, -1, 0, -20]
[-1, 65, 65, 2, -3, 6, 3, -22]
[4, -13, 37, 16, 1, 3, 4, -20]
[1, -98, -11, 23, 4, -4, 0, -20]
[-6, 30, 33, 12, 20, 2, 0, -21]
[-2, 17, 61, 60, 9, -2, -3, -21]
[-4, 55, -39, 36, -3, -5, 0, -20]
[-4, -56, -25, -2, -3, -9, -8, -19]
[-2, 106, 15, -21, 6, 5, 2, -18]
[-2, -62, 26, -9, -8, -5, -3, -21]
[4, 67, 27, -33, 3, 3, 2, -20]
[0, -50, 35, 52, 5, -3, -5, -21]
[1, -29, -40, -2, -2, 1, 3, -21]
[4, -6, 75, -12, 1, 1, -1, -22]
[-1, 97, 93, 41, 4, 13, 6, -19]
[2, 50, 19, -32, -7, -6, -3, -20]
[-5, -41, -106, -62, -1, -4, -5, -21]
[-18, -76, -49, 42, -11, -14, -11, -29]
[4, -6, 42, 75, 2, 10, 14, -18]
[0, 46, -81, -66, -15, -2, 21, -19]
[2, 18, 39, 8, -11, -7, -6, -20]
[9, 4, 89, 21, 3, -9, -17, -16]
[3, 29, 42, -11, 20, 1, 0, -14]
[7, -80, 83, -32, 0, 0, 9, -21]
[1, 91, -10, -32, 4, 7, -1, -20]
[-1, 72, 20, -48, -6, 5, -1, -16]
[-7, 37, 21, 68, 2, 3, 1, -19]
[-2, 12, 10, -62, 15, 9, -1, -21]
[-3, 13, -28, -16, -8, -9, -4, -21]
[-2, -88, -48, 0, 17, 0, 1, -20]
[0, 79, 21, 14, -5, 1, -1, -21]
[1, 39, 54, 1, -25, 1, -1, -20]
[-4, 42, 47, -7, -1, 3, -1, -22]
[4, -18, 31, 19, 2, -2, 3, -19]
[-1, 114, -28, -82, -9, -5, 3, -18]
[-5, 43, 5, 47, -13, -5, -3, -21]
[0, -34, -42, 3, -6, -6, 1, -21]
[-4, -61, -46, 5, 6, -4, -4, -21]
[1, -45, 63, 91, 12, 3, -2, -21]
[-3, -68, 37, -21, 6, 0, -3, -22]
[-1, -35, 41, -1, -2, -3, -3, -21]
[0, -41, 77, -6, 4, -7, 6, -22]
[-4, 21, 53, 5, -19, -8, 0, -24]
[0, -98, 43, 42, -9, -6, 2, -20]
[-3, -29, 3, -23, 9, 1, -1, -20]
[-5, 23, 77, -31, 6, -3, -4, -19]
[2, 107, -72, -53, -31, -9, 0, -21]
[3, 62, 8, -16, 7, -7, 0, -19]
[-5, -86, -79, -6, -2, 5, 2, -22]
[0, 34, 50, 40, -14, -7, -4, -24]
[-6, 3, -62, 6, 9, 1, -6, -23]
[0, -55, 28, -79, -11, 4, 8, -24]
[0, 40, 101, -56, -5, -4, 2, -18]
[-1, -81, 8, 37, -8, -8, -8, -19]
[0, -5, -34, -4, -10, 0, -1, -21]
[2, -61, -120, -36, -14, -9, 0, -20]
[-1, 26, 14, 10, 6, 6, 1, -19]
[1, 25, 18, -20, -13, -1, 1, -20]
[5, 28, 97, -4, -2, -5, -3, -19]
[3, 34, 99, 2, 11, 5, -2, -19]
[-3, 53, -23, -33, -9, 4, 8, -22]
[-4, -32, -18, -51, -2, -2, 0, -19]
[1, -73, 52, 45, 5, -4, -5, -20]
[0, 62, -5, -32, 8, -1, 0, -19]
[1, -49, 34, -34, 4, 0, 3, -20]
[1, 55, -8, -31, -8, -4, -2, -20]
[0, -11, 37, 35, -2, -4, -1, -21]
[3, -39, 7, 16, -5, 2, 0, -18]
[-4, -8, 14, 6, 1, -4, -3, -19]
[-3, -110, 42, 3, -6, -4, -5, -22]
[0, 52, -99, 32, 3, 4, 3, -20]
[-3, -29, -102, -38, -6, -3, -2, -23]
[-3, -60, -27, -3, 5, 1, -3, -21]
[-4, -5, -27, 3, 2, 0, 0, -21]
[1, 67, 47, -99, -1, 2, 2, -19]
[1, 0, 30, 13, 1, -5, 2, -22]
[-6, -84, -94, -73, -34, -9, -6, -19]
[-2, -42, 32, 39, 9, -1, 3, -23]
[0, 82, -44, 6, -9, 0, -2, -20]
[-3, 33, 25, 40, 12, 2, -4, -20]
[1, -28, -73, -12, 2, 3, 4, -21]
[-7, 22, -87, 15, 3, 4, 2, -21]
[2, -2, -85, -36, -4, -1, -5, -21]
[1, 8, 28, -42, -2, -1, -3, -21]
[-2, -3, 11, 25, 20, 5, -1, -23]
[3, 49, 46, -15, -5, 4, -2, -20]
[-3, 16, -87, -14, 0, 1, 3, -19]
[0, -45, -3, -15, 5, -4, -2, -22]
[-3, -26, 27, 26, 4, 1, -1, -21]
[-1, -22, 66, 21, 2, 0, -2, -19]
[4, 91, -46, 2, -8, 1, 2, -21]
[-1, -30, -50, -68, -18, -8, -2, -21]
[-3, -18, 16, 28, 5, 5, -1, -21]
[0, -39, 50, -11, -9, -7, 1, -21]
[-6, 9, 112, 7, -6, -13, -2, -21]
[-1, 17, -48, 41, 0, 10, 3, -22]
[0, 63, -57, -3, 5, -6, 0, -20]
[2, -26, -48, -18, 10, 10, -1, -22]
[-1, 47, 14, 2, 8, 2, -5, -19]
[-2, -105, -76, 2, -4, -7, -7, -20]
[4, 92, 48, 25, -2, 0, 5, -21]
[0, -13, -4, 4, 4, 1, 1, -20]
[0, 103, -5, 8, 23, 6, 3, -20]
[1, 44, 39, 27, 2, 10, 2, -18]
[-1, -25, 112, 63, 9, 3, 2, -22]
[-3, 58, 21, 11, 1, -2, -1, -20]
[4, 26, -49, -22, -15, -7, -6, -19]
[-3, -81, -45, -35, -13, -6, -3, -20]
[-5, 38, 95, 13, 5, -7, -5, -22]
[-1, 3, -59, 9, -2, 0, 0, -21]
[-2, -51, 7, -24, -9, -5, 0, -23]
[-1, -32, -3, 32, -20, -15, 2, -21]
[3, -42, -30, -14, 4, -1, -1, -19]
[2, 10, -8, -1, -2, 5, 5, -20]
[-5, -35, -10, -13, -13, -7, -4, -24]
[2, 81, 78, 62, 17, 4, 1, -20]
[0, 38, 102, 20, -3, -5, -2, -20]
[-2, -52, -7, -46, 4, 2, -3, -17]
[2, 70, -53, 4, -4, 4, 4, -23]
[2, 7, -42, 20, -7, -5, -1, -22]
[-2, -41, -19, -4, 7, -3, 5, -19]
[-1, 45, -44, 1, -6, 0, 2, -21]
[2, -79, 20, 9, -3, -2, 5, -21]
[4, -37, 2, -15, 5, -6, -8, -20]
[0, 23, 70, -44, -7, -6, 1, -21]
[-8, -72, -86, 35, -5, 0, -5, -24]
[-2, -15, 84, 10, -8, -2, 0, -22]
[1, 9, 20, 20, 9, -4, -7, -16]
[2, 37, -20, 29, 10, 11, 4, -20]
[3, 25, 23, 71, 10, 5, 1, -22]
[1, -78, -51, -19, -5, 0, -2, -20]
[6, 20, -12, -5, 7, 12, 6, -18]
[-1, 47, 63, -16, -5, -1, -3, -19]
[-6, 62, -51, -1, -2, -1, -1, -20]
[-5, -72, -69, -25, -2, -9, -7, -21]
[0, 36, 6, -25, 4, 2, -2, -22]
[-2, -37, -8, -29, 5, 1, -5, -20]
[-1, 2, -7, -8, -5, 1, 1, -22]
[1, 43, -17, 0, -20, -3, 0, -23]
[-2, 75, -6, 31, 5, -5, -4, -20]
[-1, 46, 15, -6, -7, -2, 1, -20]
[2, 35, 32, -14, 7, 3, 1, -19]
[0, 6, -1, 36, -2, -1, -3, -19]
[2, -70, 88, -23, 2, 2, 0, -19]
[-7, -55, -14, 0, 1, -2, -1, -20]
[0, -38, -20, -41, -5, -3, -4, -23]
[-3, 41, -47, 9, -2, 3, 0, -22]
[-6, -66, -74, -72, -3, -6, -5, -21]
[2, 25, -39, 34, 0, 5, 1, -20]
[6, -90, 24, -19, 1, -3, -1, -18]
[1, -14, 77, 67, -5, -5, -18, -24]
[1, 94, -36, -35, 6, 2, 6, -21]
[1, 9, -97, 15, 14, 1, -1, -17]
[9, 127, 96, 77, 2, 9, 11, -20]
[-1, 25, -48, -51, -9, 1, 2, -21]
[-3, 56, 42, 60, -9, -1, 5, -24]
[-4, 28, -3, 41, -8, -2, 0, -22]
[0, 15, -61, -34, -2, 0, -4, -21]
[-1, -30, 69, 86, 20, 7, 2, -18]
[2, 28, -61, 30, 6, 5, 3, -19]
[2, -30, 89, -22, 2, -2, -1, -19]
[2, 25, 43, -46, -9, 3, -3, -21]
[7, 22, 72, 10, 8, 0, 4, -19]
[6, 41, -75, 15, -10, -6, 2, -16]
[-2, 95, 45, 52, 2, 1, -2, -20]
[1, -5, 29, -14, 8, 12, 3, -20]
[1, -81, 10, -14, 0, -3, 1, -22]
[0, 58, 10, -25, 11, 2, 0, -20]
[-5, -73, -70, -68, -20, -9, -2, -24]
[-1, -45, -39, -45, 8, -4, 2, -18]
[-2, 59, -37, -23, -4, -2, -1, -21]
[-3, -47, 36, 40, 14, 1, -5, -19]
[-8, -54, 58, 21, -24, -6, 0, -24]
[-10, -90, -84, -17, -10, 12, 16, -21]
[2, 73, 15, 17, 7, 10, 8, -21]
[0, 94, 43, -58, -7, -6, -4, -20]
[7, 77, -51, -9, 10, 2, -2, -22]
[2, -128, 76, -24, -11, 0, 4, -21]
[-6, -70, 78, -8, -2, 3, 0, -24]
[-2, 90, 56, 15, -11, -7, 0, -22]
[-2, 12, -30, 6, -7, -3, 4, -21]
[1, 11, -59, 18, -2, -8, 0, -17]
[4, 27, -76, 17, 1, 3, 1, -16]
[-8, -80, 33, 43, 13, 6, 0, -22]
[-6, -120, 13, 31, 2, 0, -2, -22]
[-6, 127, -101, -128, -14, -10, -4, -20]
[-9, 84, -63, 5, -10, -1, -14, -22]
[2, -71, 22, 74, 17, -6, -5, -17]
[-5, -102, 70, -34, 3, -4, 2, -21]
[-2, -48, -65, -43, 4, -1, 2, -21]
[2, 127, 100, 83, 5, 1, 1, -18]
[-2, -70, -11, -8, -7, -7, -2, -21]
[0, 24, -57, -39, -6, -4, -3, -17]
[-2, -1, 3, -49, -14, -2, -3, -24]
[2, 5, -63, -42, -9, -4, -1, -19]
[-4, -27, 45, 47, -16, -5, -4, -23]
[1, 40, 48, -22, -6, 3, 6, -21]
[0, -51, 8, 53, -5, -4, -1, -19]
[-9, -43, -25, -59, -1, -5, -9, -21]
[8, 75, -27, -80, -14, 10, 10, -20]
[2, -8, 48, -8, -5, -2, 3, -19]
[-9, -101, 71, 75, 0, -10, -10, -22]
[1, -29, 12, -99, -1, -1, 0, -19]
[1, 37, -3, -15, -4, -6, 0, -21]
[-3, -67, 36, 81, 8, -1, -1, -21]
[-3, 83, 38, 17, 11, 8, 5, -20]
[9, 95, 54, 11, 7, 10, 5, -17]
[3, 12, -70, 45, -9, 2, 5, -25]
[0, -33, -6, 8, 1, -6, -8, -19]
[-1, 27, 51, 13, -6, 6, 4, -22]
[0, -35, -42, -34, 4, -10, -8, -22]
[1, 48, -65, -13, -2, 3, 4, -19]
[-6, -120, -32, 0, -24, -11, -7, -22]
[6, -65, 72, 2, 5, 3, -2, -20]
[1, -4, -62, -16, 16, 6, -1, -21]
[-1, 56, -67, -41, 1, 8, 10, -20]
[-4, 12, -17, 6, -7, 6, 3, -21]
[0, 96, 19, -35, -21, -2, 1, -20]
[0, 3, -59, -15, 8, 8, -2, -21]
[-3, -10, -46, 19, 13, -5, -11, -17]
[-4, -65, 52, -10, 17, 4, 1, -25]
[0, 44, 10, -4, -4, 5, 4, -22]
[0, -65, 4, 50, -7, 6, 6, -20]
[0, 36, -87, -39, -5, 3, 0, -21]
[2, -74, -21, -5, -1, 0, 0, -21]
[-5, 2, -6, 23, -13, -12, -2, -21]
[1, 30, 22, -30, -8, -2, 0, -22]
[-2, 6, -3, 47, -8, -4, -2, -21]
[1, -27, 51, 20, -2, 3, -2, -20]
[-10, -128, 3, -10, -7, -6, -5, -20]
[2, 10, 12, -2, -3, -3, -1, -19]
[-5, 56, 43, 19, 3, -5, -4, -20]
[3, -55, 109, -13, -3, -3, -4, -19]
[4, 119, -42, 58, -11, -4, 1, -20]
[1, 74, -9, -11, -1, 1, 1, -19]
[3, 59, 8, -42, -25, -3, 4, -22]
[1, -21, -9, 19, -3, -2, 0, -20]
[1, 65, 35, 17, 13, -5, -1, -20]
[1, -10, 8, -12, 16, 4, 1, -20]
[3, 16, 32, -29, 4, -2, -3, -18]
[-2, -16, 5, 8, -2, -4, -3, -21]
[0, 24, 32, 53, 4, 2, 0, -23]
[1, -85, 4, -2, 3, 0, -2, -18]
[-7, -122, -128, -32, -14, -6, -6, -25]
[0, 47, 63, 9, -1, -6, 2, -20]
[0, 66, -28, 13, -6, 3, 3, -18]
[1, -16, 16, 33, 3, -1, -2, -18]
[-7, -128, -12, -16, -8, -11, -5, -21]
[2, 79, 82, -27, 11, -3, -1, -17]
[0, 53, -19, -4, 11, 5, 0, -18]
[-1, -50, 20, 14, -8, -3, 1, -19]
[-5, -46, 14, 33, -11, -1, 2, -25]
[-8, -1, -81, -52, -9, -10, -5, -24]
[3, -102, 14, 4, -4, 5, 3, -22]
[1, -16, -23, -56, 2, 3, 2, -22]
[2, 31, 29, -10, -3, 3, 4, -23]
[-1, 57, 40, 45, 1, 2, 1, -20]
[1, -19, 58, 24, 2, 3, 0, -19]
[0, 2, -11, -14, -6, -2, -1, -21]
[1, -62, 39, 10, 10, -3, -9, -21]
[-4, 11, -10, -6, 0, -1, -2, -22]
[-2, -70, -54, -4, -2, 2, 0, -22]
[5, 80, 69, 6, 6, 9, 3, -20]
[-5, -21, 2, 8, -1, 1, -1, -21]
[2, 52, 26, -41, -11, -6, -2, -20]
[-1, 11, -27, 14, 2, -2, 1, -20]
[2, 53, -10, -5, 0, 2, 0, -20]
[-1, 32, 29, -10, -6, -3, 3, -20]
[-6, -94, -12, -16, 16, -5, -9, -20]
[-3, 37, -34, 6, -7, -3, 1, -21]
[-1, 13, -57, -16, -4, -1, 2, -22]
[0, 39, -12, 16, -5, 2, 1, -20]
[1, 42, -40, -32, 3, 6, 0, -20]
[0, -42, 18, 2, -8, 0, 1, -20]
[1, -17, 22, -2, -10, -4, 0, -22]
[-2, 127, 19, 9, 2, -1, 0, -21]
[-1, -26, 7, -9, -4, -3, 10, -21]
[-2, -7, 20, 14, 4, 2, -5, -22]
[-2, 49, -11, 23, -3, 2, 1, -20]
[-1, -94, 23, 10, -4, -6, -4, -20]
[3, 23, -1, 2, 0, -2, -1, -19]
[0, 63, 37, 18, -2, 0, -1, -20]
[0, 0, -34, -18, 11, 9, 4, -21]
[-4, 16, -58, 10, -9, -10, -3, -21]
[-4, -28, 45, -8, 0, -4, -2, -20]
[0, 17, -40, -30, -5, -7, -3, -21]
[1, -15, 44, -53, -2, 4, -1, -20]
[-2, -34, -60, -8, -2, -2, 2, -20]
[0, -36, -33, 2, -9, -3, -4, -20]
[-3, -59, -9, 5, -1, -2, -5, -21]
[1, 37, 9, -1, 1, -2, -4, -21]
[-2, -84, 25, 22, 2, 4, -1, -22]
[1, -1, -55, -41, -3, -4, -2, -18]
[1, -11, 33, 50, 7, 1, 3, -19]
[0, 127, 15, 15, -9, 0, 5, -20]
[0, -29, 1, -6, 6, 12, -1, -21]
[-7, 54, 46, 7, 4, 0, 1, -22]
[-2, 25, -59, -3, 4, -5, 1, -19]
[3, -28, -14, 24, -2, -4, -3, -20]
[-5, -50, -92, 9, 0, 9, -3, -22]
[6, 45, 5, 20, 2, 6, 0, -18]
[-2, 38, 16, 6, -9, -4, 2, -23]
[-1, 58, -1, -21, 1, 2, 0, -19]
[-1, 50, 6, 0, -3, -4, 2, -22]
[-2, 48, 6, 5, 1, 1, 0, -21]
[-1, -103, -4, 5, 0, -8, -2, -22]
[1, -17, 24, 4, -1, -6, -1, -18]
[0, 95, -68, -10, -4, -4, -3, -18]
[0, -94, -10, -22, 0, 1, -3, -20]
[-2, 14, 9, 6, -2, 6, 3, -22]
[-2, 35, -43, -18, -8, -3, -2, -20]
[3, 17, 67, 48, 3, 1, 0, -21]
[1, -58, 32, 15, -7, -4, -7, -21]
[0, -38, 42, 10, 0, -3, -1, -19]
[1, 50, 21, 13, -2, -4, 2, -19]
[0, 44, -8, -24, -7, -3, 0, -21]
[-6, -78, -34, 31, 4, 8, 4, -23]
[-2, 0, 45, -15, 3, 8, 2, -21]
[-1, -47, -8, 26, 1, -1, 2, -20]
[-4, 21, 44, -24, 0, 3, 2, -22]
[3, 80, 56, -22, -10, -2, -1, -18]
[-3, 68, -28, 8, 3, -7, -5, -20]
[3, 20, 3, 42, 4, -5, -4, -16]
[-9, -63, -85, 35, -6, -5, -2, -21]
[2, -23, -56, -5, 2, -1, -1, -21]
[-8, -66, -63, -66, -6, -2, -2, -23]
[0, -16, 36, 37, 7, 4, 1, -20]
[-8, 7, -60, -21, -5, 1, -2, -21]
[5, 87, 37, -7, -3, -3, -3, -19]
[1, 61, 13, -12, 14, 4, -3, -18]
[2, 108, 45, 20, -3, -12, -5, -19]
[2, -11, -14, -16, 8, 0, -1, -19]
[0, -123, 10, -1, -11, -7, -3, -23]
[-3, -16, -7, 3, 8, 4, 0, -21]
[-6, 4, -46, 3, 8, -10, -11, -18]
[2, -102, 54, -20, -11, -3, 4, -22]
[2, -78, 43, -15, -2, 7, 4, -22]
[-9, 0, -8, 25, 3, 6, -1, -22]
[3, 83, 62, 12, 11, 9, 5, -21]
[2, 116, 103, 33, 1, 3, -1, -19]
[1, -92, 47, 111, 14, 0, -7, -19]
[2, -57, -83, -36, -9, -4, -2, -18]
[-1, -41, 37, -24, -12, -1, 7, -22]
[-6, -63, -73, -67, -3, 1, -4, -21]
[-6, 122, 61, 11, -5, 16, 15, -20]
[-4, 85, 61, 17, 1, 6, 4, -21]
[-1, 97, -88, -18, 4, 1, -1, -18]
[8, -65, -96, -94, -6, -7, -5, -19]
[3, -10, 63, 43, -1, 0, 11, -20]
[0, -128, 29, -17, -7, -8, -6, -22]
[2, -67, 110, 40, 4, -9, -8, -23]
[-6, -11, 95, -22, 1, -14, -16, -18]
[0, 3, -12, 35, 3, 0, 5, -22]
[1, 119, 46, 62, 12, 16, 9, -20]
[-2, 3, -56, -41, -15, -3, -2, -23]
[-7, -33, -26, -36, -2, -8, -12, -28]
[2, -5, 48, 57, 11, 0, 8, -21]
[1, -14, 17, 8, -3, 3, 7, -21]
[-4, -122, 82, 101, -13, -18, -4, -20]
[5, 76, -18, -113, 15, -1, -12, -9]
[7, 54, 5, -19, 8, 11, 13, -20]
[-11, -27, -72, 6, -5, 2, 3, -26]
[2, 52, 14, -50, 9, 2, -1, -20]
[-7, -103, -59, -10, -2, -12, -12, -21]
[0, 127, 108, -57, -15, -4, 0, -21]
[-4, -128, -128, 90, 10, -2, -5, -23]
[-11, -47, -62, 28, -13, -9, -2, -26]
[8, 42, -69, 3, -4, 7, 8, -18]
[2, 63, 48, -10, 16, -15, -22, -16]
[-2, 78, 6, 39, -6, -5, -11, -21]
[-5, -103, 52, 55, -3, -8, -6, -23]
[5, 26, 88, 22, 2, 2, 5, -20]
[-5, -59, 44, -19, -17, -2, 3, -23]
[-1, 79, 31, 66, 3, 2, 0, -24]
[1, -76, -37, -7, -1, 2, 4, -21]
[5, 127, -50, -95, -5, 8, 11, -17]
[-7, -69, -52, 29, -4, 2, -3, -22]
[-8, -44, -89, -17, -13, -8, -3, -25]
[0, -38, 83, -48, 0, -4, -8, -20]
[-1, 99, 102, -25, 6, -6, -3, -17]
[-2, 34, 8, 16, 6, 4, 2, -20]
[2, 57, -42, -13, 13, 5, -17, -19]
[-1, -33, 44, 31, -2, 6, 2, -21]
[-2, -35, -42, 18, -28, -4, 2, -22]
[3, 27, 7, 4, 2, -1, 8, -21]
[-11, -74, -53, 53, 0, -20, -9, -21]
[-4, -74, 47, 47, 1, -4, -2, -19]
[-2, 32, -55, -73, 1, 4, 2, -23]
[-6, 106, -55, 64, 13, 6, 3, -19]
[6, 27, -18, -96, -12, 2, 6, -24]
[-4, -86, 116, 25, 4, 2, -3, -23]
[3, 13, -31, 37, -1, 11, 3, -15]
[11, 44, 100, -11, 4, 2, -1, -15]
[-3, -23, -55, -57, 15, -1, 7, -18]
[2, 118, 17, 22, 3, 2, 3, -19]
[4, 127, 8, 1, 10, 23, 13, -20]
[-5, -7, 36, -43, 6, 3, -3, -22]
[4, 7, -23, -48, -6, -12, -18, -15]
[3, -128, -49, -34, 1, -1, -4, -22]
[0, 38, 28, 45, 2, 6, -4, -23]
[-1, -128, -34, -1, 6, 1, -3, -23]
[-2, 77, -43, 0, -10, 1, 5, -20]
[-3, 18, -18, -24, -5, -2, -14, -23]
[-4, -57, 26, -15, -10, -1, 7, -23]
[1, 47, 96, -5, 4, 2, 3, -19]
[-5, -46, 65, 16, -3, -9, -4, -21]
[-5, -28, 56, 19, 12, 2, -6, -19]
[6, -98, -90, -49, -4, -6, -4, -20]
[0, -29, 64, -24, 5, 6, 2, -20]
[-3, 7, -25, -70, 5, 1, 3, -19]
[-4, -40, -26, 36, -5, 2, 6, -25]
[-2, 19, -80, -68, -11, -8, -2, -20]
[4, -1, -12, 14, 4, -2, -1, -17]
[1, -41, 93, 7, 12, 3, -2, -17]
[-1, 103, 39, 75, 18, 9, 14, -23]
[-4, 21, -30, -4, -4, 2, 1, -20]
[-1, 113, -55, -17, -6, -3, -3, -20]
[4, 52, 33, 31, 3, 2, 2, -18]
[-7, 41, 31, 34, -5, -2, -4, -25]
[-9, 80, -50, 25, -1, -3, 16, -19]
[6, -42, 10, 6, 17, 3, 2, -17]
[-1, 105, 13, 46, 9, -5, -5, -20]
[-3, 27, 39, 85, 2, -2, 0, -25]
[1, 77, 27, -81, -8, -4, 1, -16]
[2, -99, 92, -54, 4, 16, 3, -22]
[-3, -18, -49, -34, 3, 11, 2, -23]
[2, -79, 3, -19, 0, -3, -2, -19]
[0, 46, -57, 24, 9, 2, 2, -21]
[-4, 127, -33, 53, 5, -1, 2, -17]
[-2, 65, 46, 1, -6, -2, 0, -19]
[-1, -55, 24, 11, 29, 15, 7, -20]
[0, -114, 27, 23, 5, -3, -4, -22]
[0, -18, 9, 34, -1, 5, -1, -22]
[-4, 32, -27, -44, -13, -2, 1, -22]
[-5, -29, -66, 61, -6, -5, -2, -21]
[-7, -16, 49, 27, -3, -7, -6, -24]
[-2, 62, -41, 8, 10, 2, -2, -20]
[-3, 35, -55, -26, -6, 0, 5, -22]
[-8, -46, 47, -28, 2, -6, -5, -16]
[1, -2, 15, 40, 7, -3, -5, -20]
[3, 72, 71, 27, 11, 9, 5, -21]
[1, 43, -6, 20, 0, -4, -1, -21]
[-3, -100, -17, -49, -15, -9, -4, -22]
[-3, -37, 19, -40, -5, -7, -3, -21]
[3, -75, -28, 40, -12, -2, -2, -21]
[7, 45, -54, -6, -5, 0, -1, -19]
[-3, 10, 13, 5, 2, -1, -2, -21]
[-2, 13, 24, -47, -9, 1, 3, -20]
[-12, 56, 12, -32, -10, -11, -5, -20]
[6, 111, 105, 2, 1, 6, 3, -17]
[7, 69, 53, 12, -7, -6, -1, -18]
[-5, 41, -22, -6, 6, 3, -1, -23]
[-1, -62, -15, -33, -4, 0, -1, -21]
[5, -51, 5, -4, 0, 3, 1, -19]
[-1, 95, -79, -69, 5, 8, 18, -19]
[0, 54, 87, 61, 4, 7, 10, -19]
[-1, 41, -50, 10, -5, -7, -10, -20]
[-2, 6, -24, -16, 2, 2, -3, -20]
[-9, -104, 108, 3, 5, 1, -2, -21]
[0, 71, -23, -9, 7, 0, -3, -16]
[4, -73, 71, 15, -6, -5, -11, -20]
[-3, 33, 38, -9, 6, -9, 2, -23]
[5, 32, 16, 99, 1, 4, 6, -18]
[-2, -76, -128, -53, -2, 3, -5, -18]
[0, 51, 23, 2, 1, 3, 4, -22]
[-1, 51, -35, 26, -6, -1, 2, -22]
[1, 15, 16, 19, -9, -6, -2, -23]
[2, 40, 71, -12, 7, -1, 0, -20]
[-9, -109, 65, 10, 5, -6, -6, -20]
[3, 19, 56, -7, 13, 1, -1, -17]
[-4, -1, -43, -27, -4, -5, -1, -22]
[2, 50, -25, -60, -4, 8, 0, -19]
[-1, -103, -31, -30, -13, -4, -2, -23]
[1, 65, -17, 11, -4, 3, 1, -20]
[-4, -7, 65, 53, 1, -4, -10, -21]
[-6, -100, 42, -11, 12, 4, -1, -23]
[-4, -51, -30, -27, -10, -5, -3, -24]
[1, -2, -25, -18, -11, -7, 0, -18]
[1, 104, -12, -9, -4, 5, 8, -17]
[0, -61, -45, 35, 3, -3, -6, -21]
[0, -100, 86, 13, -3, -10, -3, -22]
[-5, -16, -21, -28, -3, 2, 5, -25]
[-3, 100, 60, -4, 6, 6, 0, -19]
[-5, -85, -95, 45, -2, 2, 0, -23]
[10, 54, -49, -3, 26, 13, 4, -18]
[6, 6, 9, -16, -1, 2, -1, -18]
[1, 29, 49, -55, -8, 0, 4, -20]
[-9, -26, 29, 31, -2, -10, -3, -24]
[1, -35, -116, -28, -2, 3, 1, -22]
[1, 126, 45, -51, 4, -1, 2, -17]
[-6, -43, -16, 7, -22, 0, 1, -25]
[4, -17, -33, 64, -2, 4, -5, -22]
[-1, 55, -34, -11, -5, -5, 2, -16]
[-5, -71, -62, -32, -9, -8, -3, -24]
[-5, 47, 127, 9, 6, -5, -5, -19]
[7, -31, 10, 26, 12, 3, 3, -17]
[1, 30, 43, 101, 4, 2, 4, -19]
[-10, -60, -95, -44, -4, -9, -9, -21]
[4, -21, 69, -10, -1, 3, 5, -18]
[3, -59, 97, 50, 2, -10, -7, -19]
[8, 127, 3, -1, -12, 15, 9, -19]
[-6, 38, -75, 52, -8, -2, 5, -23]
[0, 46, 72, 0, -9, 0, 2, -19]
[-6, -125, -9, 101, 2, -6, -9, -21]
[-5, -97, -77, -57, -6, -6, -2, -24]
[1, 124, 0, -55, -11, -6, -2, -20]
[-2, -23, -41, -20, 10, -4, -7, -17]
[0, -125, 5, 29, -10, -2, -1, -21]
[3, 13, -18, -20, 1, 6, 7, -21]
[-2, 103, 24, -12, 26, 4, 2, -21]
[-4, 63, -48, -13, -16, -4, 1, -19]
[3, 56, -40, -20, -8, -2, 0, -19]
[0, -128, 72, 5, 7, -3, -6, -22]
[-4, -2, 20, 72, -2, -3, -5, -20]
[3, -35, 37, -41, -9, -3, 0, -22]
[-3, 84, -86, -50, -8, -4, -1, -20]
[-4, -76, 27, -13, -4, -3, 1, -25]
[3, 29, 23, -2, -1, 5, 1, -19]
[-2, 16, -66, 13, 13, 2, -1, -20]
[-11, -14, 65, 36, 0, -1, 7, -21]
[3, 62, 34, -28, -6, -2, -3, -19]
[5, 61, 0, 7, 2, 12, 6, -23]
[-1, 41, 33, 0, -5, -10, -2, -21]
[-11, -128, -57, 83, -5, -11, -12, -25]
[0, 83, -56, -21, 16, 3, -1, -18]
[4, 96, 127, 54, -12, -3, -1, -17]
[-7, -43, -113, -63, 1, 8, 2, -24]
[6, 108, 41, -48, 10, 15, 4, -19]
[1, -27, -25, -34, -4, -3, -4, -17]
[4, 65, 9, -52, 10, 0, 3, -17]
[-1, -4, 18, 26, -3, -8, -3, -20]
[-5, -105, 29, -23, -7, -9, -6, -22]
[0, 17, -95, -15, -19, 1, 0, -20]
[-11, -61, 5, 45, -5, -7, -2, -21]
[2, 106, 50, 12, 1, 1, 2, -17]
[3, -47, 101, -28, -7, -5, -1, -21]
[2, -10, -44, -2, -4, 0, -2, -21]
[-4, -39, -48, 76, 16, 3, -2, -23]
[-7, -2, -47, 21, 4, 1, -4, -23]
[0, -27, 34, 52, 6, -6, -8, -20]
[-1, 75, 84, 51, 2, 9, 0, -19]
[-4, -32, 30, -6, -11, -1, -5, -22]
[-4, 61, 32, 18, 7, 1, 3, -21]
[-1, -31, 19, 17, 1, -1, -4, -20]
[-4, 27, 12, -19, -17, -4, -3, -19]
[3, -24, 8, 28, 8, -5, -3, -21]
[4, -53, 38, 12, 7, -1, -4, -19]
[0, -70, -14, 7, -1, 1, 0, -20]
[4, 86, 77, -10, 11, 4, 0, -20]
[-5, -105, 20, 8, 5, -9, -11, -21]
[-1, 36, -14, -74, -12, 0, -2, -22]
[-5, 59, 13, -9, 5, 5, 4, -24]
[4, 66, -8, 68, 7, 2, 1, -20]
[-4, 25, 46, 71, 9, -3, -1, -21]
[2, 67, 62, 27, -1, 4, 4, -22]
[2, -95, -24, 8, -2, -2, -2, -20]
[0, 25, -44, -17, -4, -1, -1, -21]
[0, -49, 75, -16, -23, -4, -3, -24]
[-3, 0, -42, -28, -6, -2, -1, -20]
[-3, -117, 62, -79, -8, -10, -7, -19]
[-2, 53, -21, 8, 3, 1, -2, -20]
[5, -30, 2, -7, 6, 1, -5, -21]
[3, 59, -82, -14, 7, 0, 1, -21]
[-3, -24, 47, -23, 2, 3, 2, -19]
[2, 82, -27, -49, 0, -4, 1, -20]
[0, 43, -29, 15, -3, -1, 0, -20]
[-6, 1, 85, -44, 3, 0, -5, -22]
[1, -16, 10, 26, -2, 0, 2, -21]
[-2, 0, -18, 6, -11, 0, 1, -20]
[-1, 65, -17, 36, 3, -4, -1, -19]
[2, 61, -23, -9, -1, 3, 6, -21]
[-2, 70, 16, 19, 8, -1, -1, -18]
[-1, -75, 36, 8, -6, -1, -1, -21]
[-2, -53, -3, -7, 4, 1, -2, -19]
[4, -66, 32, -18, -2, 3, -1, -21]
[1, -4, 25, -22, -3, -2, -2, -20]
[5, 125, 37, 84, 3, 7, 8, -21]
[4, 37, -8, 3, 1, 2, -1, -19]
[2, -12, 13, -18, -4, 3, -2, -19]
[-4, 92, -10, 22, -4, 1, 2, -22]
[-5, -64, -65, -3, 4, 0, -3, -21]
[-1, 37, 0, 25, -2, -3, -4, -22]
[-3, -19, 4, 74, -1, 1, 1, -19]
[3, 30, 61, 9, 2, -2, 16, -21]
[-5, -59, -11, 24, -5, -2, -2, -21]
[-5, -70, -22, -14, 0, 2, -4, -24]
[-4, 63, -72, -13, -6, -3, -3, -23]
[-6, 17, 16, -12, 0, -4, -3, -19]
[-2, 112, -54, -15, 9, 10, 7, -19]
[3, -96, 10, 11, -1, 2, 1, -19]
[0, 34, -23, -23, 2, -3, -2, -17]
[0, -35, -71, -16, -7, -4, -6, -21]
[3, -69, -5, 0, 3, -2, 12, -19]
[-1, 18, -61, -4, -7, -5, -4, -22]
[3, 26, -16, -57, -11, -3, -1, -18]
[0, 86, 30, -6, 9, 2, -11, -19]
[-1, -46, -30, 6, -6, -7, -4, -19]
[-5, -58, 56, 3, -1, -5, -6, -22]
[1, 24, 17, 21, 1, 3, 2, -24]
[-5, -46, -30, -24, -1, -6, -2, -20]
[2, 9, 54, -27, -3, -2, -2, -22]
[-8, -26, -50, -4, 3, -6, -5, -18]
[2, 19, 19, -10, -2, 3, 1, -22]
[0, -79, -12, -6, -2, -1, -4, -23]
[1, 56, -1, 15, 6, 7, 4, -18]
[-3, 48, -19, 3, -13, -4, -1, -23]
[-3, -62, -14, -23, -4, -3, -3, -21]
[-9, -65, -40, 94, -10, -11, -4, -24]
[2, -18, -11, -7, -5, -1, -2, -20]
[-1, -18, 43, -9, 4, 0, -1, -22]
[8, -67, 8, -17, 3, 0, 0, -20]
[-4, -41, 24, -15, 2, -3, 5, -21]
[2, 83, -52, -61, 18, 6, -1, -21]
[4, 14, 31, -9, -5, 1, -2, -20]
[-2, 127, 32, 49, 9, 5, 5, -19]
[-4, 11, -40, -8, -6, -5, -3, -20]
[-1, 11, 0, -4, -4, 7, 3, -22]
[1, -7, 33, 20, -3, 1, 1, -20]
[-2, -63, 72, -28, -9, -12, -9, -20]
[-1, -76, -29, -14, -4, -2, -5, -22]
[3, -13, 11, 2, 2, 5, 4, -19]
[-6, 15, -53, -6, -10, -5, 2, -21]
[1, -102, 11, 1, 1, -2, -1, -21]
[2, -1, -5, 9, 0, -4, -3, -19]
[1, 33, -12, 9, -2, 0, -1, -21]
[0, 12, 17, -2, -5, -4, 0, -21]
[-11, -7, 3, 0, -2, 2, -3, -20]
[-2, 34, -21, 14, -1, 1, 1, -20]
[3, 32, -27, -31, -7, -6, 0, -18]
[-6, -48, -37, 0, -3, 3, 1, -22]
[1, 1, -10, -24, 1, -4, -2, -20]
[2, 45, 20, 14, 8, 3, 0, -19]
[4, -13, 16, 8, -2, -5, -4, -19]
[-1, 17, 22, -26, -6, 1, 0, -21]
[2, -52, 49, 11, 5, 0, 1, -21]
[-1, -8, 12, -1, 7, 5, 3, -21]
[-2, 35, 40, 30, 3, -1, 2, -22]
[-3, -77, 11, -23, -4, -3, -3, -21]
[-2, 40, -85, -22, -4, 1, 2, -21]
[0, 54, 28, -17, -5, -2, 2, -21]
[3, -73, -54, -23, 0, 0, -4, -20]
[0, -122, -37, -41, -6, -5, -4, -20]
[4, 100, 62, 54, 11, 1, 4, -20]
[-1, 5, 112, 88, 13, 8, 2, -22]
[0, -73, -7, -2, 25, 3, 0, -21]
[7, -62, 9, 38, -2, -1, -1, -20]
[0, 63, 54, 33, 8, 5, 5, -20]
[5, 125, 109, 61, -6, 2, 5, -20]
[0, 73, 52, 47, 3, 13, 8, -23]
[-3, -38, 8, 62, 2, -2, 0, -23]
[-9, -19, -67, -18, -9, -5, -1, -24]
[-5, -21, 14, -13, 0, 2, 3, -22]
[1, 85, -34, -11, 7, -11, -5, -19]
[-1, -19, 51, 37, -12, 0, 5, -20]
[0, -6, -71, 0, -6, -5, -7, -19]
[14, 92, 73, 18, 18, 19, 10, -19]
[-10, -105, -96, -28, -16, -11, -7, -19]
[-5, -106, 127, 96, 2, 0, -1, -23]
[-1, 60, -118, 22, 8, -2, -4, -18]
[-8, 127, 22, 3, -14, 6, 11, -20]
[3, 54, 11, 42, 5, 5, 6, -16]
[1, 61, 6, -22, -13, -5, 1, -19]
