[-4, -78, 30, 23, 17, 4, -2, -17]
[0, -55, 5, -19, -22, -18, -3, -21]
[1, -106, -38, -6, -11, 0, 2, -21]
[-16, 75, -3, 11, -4, -11, -3, -21]
[-4, -66, -22, -44, -11, 2, -2, -22]
[4, -35, -1, 7, -8, -10, -1, -16]
[5, 62, 7, -9, -10, 4, 2, -20]
[38, -86, 75, -35, 13, -19, -28, -23]
[-6, 23, -3, -12, -3, 2, 7, -16]
[1, -128, 25, -5, 34, -3, -11, -27]
[3, -10, -14, -18, -6, 13, 10, -23]
[-13, 127, -33, 18, -14, 6, 11, -18]
[-4, 76, -37, 24, 11, -6, -3, -7]
[2, 65, 1, 47, 5, 2, 0, -19]
[-14, -56, -51, 17, -19, 0, 4, -24]
[21, -14, 68, -85, 16, -24, -28, -17]
[-20, -74, -10, 24, -30, 1, 13, -20]
[8, -128, -26, 24, -3, 8, 4, -30]
[-19, 89, -1, 13, -15, 0, 8, -24]
[6, 11, -4, 4, 12, 7, 2, -21]
[-7, 76, -41, 17, -11, 8, 22, -21]
[27, -74, 57, -89, -4, -25, -25, -23]
[-9, -3, -41, 24, 13, 12, 11, -17]
[3, -99, 3, -1, 5, 8, -3, -24]
[-8, 58, 23, 49, 19, -1, -2, -20]
[-18, -128, 10, 3, 4, -1, -9, -23]
[-15, 127, -77, 16, -32, 4, 13, -20]
[-35, -40, -46, 90, 3, 4, 13, -23]
[-1, 22, -21, 9, -8, -3, -2, -20]
[-5, 39, 70, 11, 9, -8, -15, -20]
[-8, -53, -2, 23, 9, -5, -10, -25]
[14, -85, 1, 13, 10, 18, 6, -33]
[-17, 127, -49, 23, -26, 9, 11, -16]
[10, 71, -2, 24, 16, 2, 3, -19]
[14, -54, 66, -8, 28, -9, -25, -20]
[-5, 25, -28, -12, -17, -1, 7, -22]
[8, 54, 16, -17, 2, -1, 3, -20]
[15, -91, 14, -5, 16, -3, -6, -19]
[5, 35, 20, -6, 3, -4, -7, -20]
[4, -35, 53, -1, 1, -13, -12, -22]
[-1, -86, 19, -23, -10, 0, 4, -19]
[-8, 12, -23, 30, 25, 0, -3, -17]
[-4, -90, 21, -15, -5, 5, 3, -23]
[7, -112, 39, -17, 21, -10, -18, -26]
[8, -99, 17, 15, 6, 1, -5, -22]
[0, -35, 2, -2, 1, -1, -4, -22]
[4, 29, -1, 13, -12, -4, -5, -19]
[-6, 88, -4, -15, 4, 2, 1, -20]
[2, -13, 14, 1, -9, -4, -5, -20]
[-6, -115, -32, -32, -22, 3, 8, -23]
[5, 50, 34, 21, 13, 4, 6, -24]
[-5, -114, 30, -3, 6, -5, -12, -17]
[1, -97, -22, -9, -1, 10, 9, -29]
[-11, 63, -29, -1, -9, -3, 1, -22]
[-3, -12, -12, 13, -1, 6, 18, -25]
[-7, 38, -21, -10, -14, 4, 3, -14]
[-8, -11, -43, 15, -42, 11, 19, -18]
[5, 101, 25, -51, 8, -18, -20, -17]
[-4, -44, 28, 28, -4, -1, -4, -25]
[-17, 53, -8, -14, -17, 2, 11, -20]
[-7, 16, -43, 24, 5, 7, 2, -24]
[4, 66, 13, -18, -13, -8, -3, -19]
[8, -128, 10, -7, -6, -5, -2, -24]
[2, -27, 12, 19, 10, 3, -15, -24]
[9, 20, 0, -18, 0, 1, 4, -22]
[-17, 86, -12, 12, -13, 3, 2, -21]
[0, 28, -22, -22, 2, -13, -16, -21]
[-7, 26, 4, 50, -23, -6, 8, -20]
[-11, 113, -22, 12, 21, -5, -6, -6]
[9, 13, -18, -47, -9, -18, -16, -17]
[11, -128, 2, -33, -8, 6, 11, -25]
[-56, 14, -79, 14, -9, -5, 6, -32]
[27, -128, 45, -2, 7, -3, -16, -24]
[26, -69, 69, -30, 20, -13, -17, -19]
[-9, 41, 1, 41, -13, 1, 2, -18]
[-15, 41, -22, 13, -15, 16, 15, -24]
[7, 61, -9, -18, -24, -5, 2, -22]
[0, -67, 8, 5, -4, 3, -1, -22]
[-6, 33, 8, -8, 25, 1, 1, -15]
[4, -128, 17, -20, 7, -3, -7, -23]
[-1, -31, -14, -2, 0, -4, -7, -20]
[9, -78, 14, -2, 15, -5, -4, -17]
[-5, -3, -15, -6, -13, 4, 3, -23]
[-1, -8, -34, 19, 9, 16, 9, -20]
[9, -60, 67, -18, 23, -4, -7, -20]
[-18, -21, 25, -21, -1, -12, -7, -20]
[10, 26, -14, 49, 19, 5, 6, -21]
[-2, -59, -46, -4, 23, 4, 0, -20]
[-7, -96, -6, -18, -14, -10, -6, -22]
[-2, -87, -57, 14, 8, 6, 8, -22]
[-1, -61, 28, -33, 7, -8, -12, -20]
[16, -45, 76, 20, 12, -1, -14, -21]
[-18, 105, -37, 7, -19, 7, 14, -13]
[13, -54, 19, -21, 32, -12, -40, -22]
[-13, 22, -33, 11, -16, 3, 19, -27]
[3, -53, 0, -3, 8, 2, -20, -25]
[-6, 35, 2, 37, 15, 1, 62, -14]
[18, -104, 50, 12, 14, -7, 2, -18]
[30, 7, 57, -36, 16, -12, -25, -24]
[22, -128, 57, -27, 12, 2, 32, -30]
[26, -23, 29, -31, 20, -12, -17, -32]
[-7, -97, 44, 18, 38, 9, -42, -27]
[-41, 127, -91, 41, -26, 25, 80, -19]
[-3, -31, -31, -13, -10, -1, -15, -16]
[-9, -99, -28, 48, -30, 4, 25, -34]
[25, 96, 92, -43, 69, -31, -46, -10]
[-13, -63, -41, -6, -10, 7, 12, -23]
[-17, 26, -93, 83, 4, 17, 25, -28]
[11, -31, -5, -47, -12, 1, 13, -18]
[6, 127, 17, -16, 2, -7, 44, -17]
[-12, -105, 15, 18, 1, 4, -16, -26]
[0, -103, -5, 20, 18, 10, -22, -18]
[-4, 69, -79, -19, -1, 6, -5, -17]
[8, -62, 115, -27, 78, -16, -42, -19]
[-3, -22, 25, 15, 16, -8, -62, -19]
[22, -124, 56, -11, 18, -6, -31, -26]
[-15, 120, -46, 2, -46, 0, 26, -23]
[-18, -9, -55, -18, -4, -3, -22, -23]
[11, -72, 14, 13, 6, 6, 9, -21]
[-7, 121, -34, -9, -18, 3, 13, -8]
[-5, -30, -60, 22, -6, 10, 12, -28]
[-1, -81, -18, -5, -10, 6, -8, -28]
[-5, 90, 8, 30, -2, 6, 2, -17]
[-1, 49, -18, -17, -2, -4, -6, -17]
[23, -98, 127, 3, 36, -21, -23, -20]
[-1, -36, -50, 35, -11, 6, 27, -18]
[-7, -39, -5, -10, 3, -1, -4, -23]
[-16, -65, -38, 47, 3, 1, 0, -15]
[15, -75, -24, -43, 2, 2, 7, -17]
[-5, -19, 0, -28, -12, -3, -11, -20]
[-5, -39, 30, -8, 12, -10, -15, -23]
[4, -59, -7, 33, -16, 19, 23, -28]
[-25, 127, -72, 10, -21, 5, 25, -18]
[-2, 80, 10, -15, 8, -15, -27, -13]
[-13, 100, 12, 33, 3, -5, 20, -18]
[-16, -12, -14, 5, -21, 7, -7, -20]
[-31, 52, -38, 26, -42, 7, 9, -23]
[-2, 3, -10, -17, 2, 2, -11, -21]
[-4, -85, -20, 14, -8, 2, 3, -29]
[29, -128, 113, -29, 32, -13, -32, -33]
[-14, 22, -65, 9, -30, 5, 22, -17]
[-1, -103, 38, -13, 4, -11, -11, -23]
[-5, 81, -2, 2, 17, -2, 36, -26]
[7, 60, -2, 9, -17, 3, 15, -16]
[-4, -68, -4, 5, 4, 3, -18, -28]
[-9, -128, -37, 11, -36, 23, 32, -30]
[3, -31, 8, -7, 8, -8, -10, -19]
[16, 49, 52, -20, 34, -17, -26, -9]
[-7, 86, -23, 9, -16, -4, -1, -18]
[8, -60, -2, -36, 8, 9, -4, -29]
[-3, -78, -40, 31, -31, 8, -21, -35]
[-12, 49, -19, 20, -14, 6, 20, -21]
[-13, 47, 4, 8, -1, -26, -15, -11]
[5, -68, 7, 16, -1, -2, -1, -20]
[29, -97, 56, -1, 28, 15, -24, -38]
[-26, 58, -81, 46, -35, 7, 29, -14]
[-10, 127, -30, -13, -9, -4, 0, -17]
[13, -86, -5, -6, -8, 11, 12, -42]
[-15, 3, -11, 6, -27, -10, 3, -8]
[3, -74, 8, -9, 10, -4, -4, -18]
[17, -61, 19, -5, 10, 3, -14, -25]
[-17, 94, -30, 17, -11, 9, 17, -19]
[6, 127, 61, -32, 18, -23, -23, -9]
[17, -55, 45, -42, 18, -19, -19, -20]
[6, -72, -3, 47, 3, 6, 5, -17]
[-12, 119, -3, 5, 12, -7, -2, -9]
[-3, -126, -20, -4, -5, 1, -2, -25]
[-12, 58, -45, 2, -24, 6, 27, -22]
[18, -43, 11, -24, 26, 0, -13, -19]
[-14, 62, -16, 8, -9, -1, 5, -12]
[-21, 89, -61, 21, -5, 1, 4, -12]
[-6, 89, -29, 16, -1, 2, 5, -23]
[25, -42, 76, -34, 39, -20, -27, -24]
[-9, -61, -14, -35, -3, -4, -3, -23]
[-8, 52, -29, 18, 10, 12, 10, -24]
[-13, 35, -27, 1, -9, 4, 10, -20]
[28, -128, 23, -15, 23, 8, 0, -25]
[-7, -116, -46, 2, -16, 6, 8, -25]
[-12, 56, -13, -23, -9, -1, 1, -13]
[-19, 61, -16, 9, -17, 3, 9, -22]
[-3, -59, -14, 28, -4, 0, 4, -22]
[4, 51, 39, -6, 13, 0, -14, -17]
[33, -128, 93, -34, 45, -15, -41, -34]
[19, -128, 11, -42, -21, -7, -4, -34]
[-18, 127, -40, 16, -4, 7, 10, -11]
[10, -122, 14, -7, -23, 1, 3, -29]
[-9, -93, -16, -8, -3, 4, 4, -29]
[9, 104, -6, 1, -8, -12, -6, -12]
[-1, 59, -8, 11, -10, -6, -5, -14]
[30, -128, 90, -59, 31, -9, -20, -27]
[-2, 69, -14, -21, -42, -1, 1, -26]
[-8, 48, -25, 19, 7, 6, 8, -10]
[-6, 13, 19, -18, 11, -13, -14, -3]
[-11, -86, -28, 37, 9, 1, 8, -30]
[13, -128, 18, -6, 4, -1, -5, -32]
[-4, -124, -23, 18, 6, 10, 8, -24]
[-9, -59, -50, 18, -21, 2, 9, -21]
[-5, -55, -17, -13, -13, 4, 5, -29]
[-14, -3, -61, 70, 2, 7, 15, -21]
[-13, 5, -2, 44, 5, 6, 4, -15]
[-3, -20, -3, 5, 14, 3, 9, -25]
[-6, -25, -43, -22, -14, 4, 10, -26]
[12, -128, 16, -31, 3, 8, 3, -29]
[7, 61, 39, -21, 28, -4, -13, -13]
[1, 83, -30, -16, -9, -1, 0, -24]
[4, -128, -4, -22, -18, 0, -10, -24]
[2, -11, 30, -20, 12, -17, -19, -25]
[-11, -117, -51, 5, -9, 1, 4, -24]
[-2, 58, -19, -3, -19, 2, 12, -20]
[4, -61, 36, -35, -24, -11, -4, -20]
[7, -28, 8, 23, 32, 1, 3, -28]
[3, 96, 17, 4, 1, -1, 3, -12]
[35, -91, 108, -44, 43, -16, -36, -26]
[-13, 31, -52, 25, -11, 13, 16, -18]
[-2, -85, -36, -2, -14, 2, 2, -23]
[-4, 85, -2, 1, 16, -7, -17, -20]
[-14, 18, -31, 30, -10, 12, 10, -21]
[0, -17, 32, 44, -14, -5, -1, -22]
[-9, 61, -21, -29, -32, -6, 8, -22]
[4, 89, -35, -8, 1, 16, 9, -22]
[10, -128, 15, -5, 13, 6, 0, -25]
[-3, -128, -5, -23, -13, 2, 4, -24]
[8, -128, -6, -49, -13, -6, -16, -29]
[-11, -23, -17, 36, -6, 2, 7, -20]
[0, 33, 32, 58, 52, 5, -7, -15]
[-4, -39, -42, 3, -36, 8, 12, -30]
[3, 127, -42, -22, -11, -1, -6, -15]
[-5, 2, 2, 27, 6, -3, 5, -20]
[13, 16, 58, -6, 13, -10, -15, -14]
[-14, 23, -53, 2, -28, 7, 12, -27]
[-2, -88, 6, 3, 15, -1, -5, -21]
[15, -105, 34, -14, 6, 2, -3, -26]
[4, 43, 19, -10, 1, 3, 0, -17]
[2, 25, 4, 59, 22, 9, 15, -19]
[-6, -9, -2, 3, -4, 4, 4, -24]
[-6, -82, -29, -5, 1, 0, 5, -22]
[-14, 41, -35, 15, 5, -1, 1, -20]
[6, -62, -2, 25, 5, 1, 1, -25]
[6, -96, 14, -16, 4, -1, -6, -22]
[9, 89, 7, -25, -10, -5, 0, -15]
[-10, 110, 7, 21, 14, 1, -4, -16]
[15, -128, 29, 3, 31, 9, -2, -23]
[-1, 8, 6, 46, 0, 6, -9, -25]
[2, -24, 4, 13, -14, -6, -4, -18]
[-11, 79, -29, 4, -29, 1, 14, -21]
[-7, -111, -53, 1, -13, 12, 16, -23]
[10, 58, 28, -20, -3, -6, -12, -19]
[3, -128, 22, -13, -5, -1, -5, -22]
[12, -75, 78, -19, 29, -8, -17, -15]
[-4, -125, -25, -31, -3, -7, -7, -20]
[0, -111, 3, -5, 18, -2, -3, -24]
[-19, 127, -30, 11, -8, -12, 1, -17]
[1, 73, -44, 10, -20, 0, 3, -11]
[2, -34, 6, 8, -1, 3, 4, -22]
[5, -91, 28, -23, 5, -9, -12, -25]
[-3, -100, -1, -46, -36, -5, 1, -28]
[4, 93, 14, -11, 0, -7, -8, -20]
[-10, -11, -13, 3, 6, -4, 0, -23]
[5, -72, -4, -48, -19, -2, 1, -25]
[13, 25, 48, -38, 17, -15, -21, -13]
[1, -113, 13, 2, 12, 9, 6, -25]
[-12, 127, -30, 35, -4, -3, 3, -17]
[-12, -3, -30, 12, -13, -6, -8, -25]
[6, -73, 12, -14, 30, 4, -8, -30]
[-14, 126, -54, 11, 18, -2, 1, -15]
[17, -95, 43, 0, 10, 2, -1, -22]
[11, -128, 2, -15, -12, -4, -3, -25]
[6, -3, 13, -12, 4, 1, -9, -15]
[-10, 91, -37, 30, -19, 3, 12, -18]
[-13, 84, 2, -28, -3, -3, -2, -23]
[7, -110, 62, -7, -7, -10, -11, -22]
[14, 7, 37, -10, 12, -6, -12, -13]
[7, -116, 35, 12, 7, 3, -6, -27]
[2, 57, 16, -25, -1, -5, -6, -17]
[-14, 23, -82, 11, -30, 8, 20, -26]
[-17, 63, -22, 50, 10, 3, 5, -12]
[6, -99, 5, 7, 10, 8, 2, -25]
[-21, -26, -87, -6, -32, 13, 20, -22]
[4, -7, -7, 13, 5, 4, 6, -17]
[-6, -58, -14, -16, -14, -4, -1, -23]
[0, 62, -7, -3, 7, 3, -1, -23]
[7, 11, 6, 4, 1, -12, -10, -18]
[6, 0, 27, 1, 14, 1, -9, -20]
[2, -88, 11, 14, -4, -6, -5, -24]
[2, 35, 24, -15, -1, -5, -2, -17]
[1, -8, 9, 12, 11, 0, -3, -18]
[8, -67, -1, -9, -15, 2, 0, -25]
[-3, 50, -1, 31, 37, -4, -9, -25]
[5, -94, 22, -15, 9, -3, -8, -21]
[7, -72, -14, -13, -7, 3, 2, -20]
[-15, -18, -48, -7, -28, 13, 15, -34]
[14, -79, 38, 6, 21, -7, -10, -22]
[-8, -25, 13, 9, -23, -8, -1, -14]
[1, 41, 1, -25, -16, -2, 3, -18]
[-5, 4, -18, 12, -10, 2, 10, -23]
[-9, -4, -30, -12, 29, 16, 10, -28]
[-1, 36, -7, -3, -9, -10, -3, -16]
[-2, 45, 14, 11, 7, -5, -8, -21]
[-5, 42, 8, -14, -9, -5, -8, -18]
[30, -89, 75, -37, 32, -10, -16, -27]
[3, -91, 26, -15, -4, 6, 8, -29]
[12, -119, 20, -5, -2, 5, 5, -31]
[-14, -38, -20, 16, 1, 6, 8, -21]
[-10, 127, -25, 2, -11, 0, 5, -9]
[-21, -74, -39, 5, -11, -5, 0, -21]
[-6, 34, -18, 28, -22, 8, 11, -28]
[1, 47, -5, -41, -15, -5, -2, -16]
[-12, -13, -43, 17, -10, 2, 8, -28]
[3, -128, 28, 4, 12, -7, -10, -21]
[4, 21, -3, -19, 18, 2, 0, -6]
[14, -44, 58, -13, 7, -13, -19, -16]
[-21, 11, -58, 18, -23, 4, 9, -32]
[-10, 52, -18, 37, 22, 6, 5, -26]
[-3, 43, 1, 5, -13, 3, 5, -19]
[-1, 39, 24, 6, -4, -6, -7, -20]
[4, 17, 5, -18, 13, -2, 1, -12]
[17, -128, 38, 5, 17, -1, -6, -24]
[6, -62, 10, -6, -3, -4, -3, -22]
[4, -30, 6, -26, -5, -4, -6, -17]
[7, -73, 8, 17, 20, -2, -5, -26]
[6, 124, -41, 0, -3, -6, -2, -15]
[4, -93, 42, -13, 26, 3, -8, -26]
[-8, -89, -24, 3, -4, -1, 2, -25]
[-3, -43, -26, 11, -8, 0, 0, -21]
[1, -90, -11, -9, -7, 0, -1, -26]
[23, -53, 84, -34, 32, -3, -17, -24]
[1, -27, -5, -17, -16, -5, -4, -21]
[28, -58, 94, -15, 53, -20, -28, -20]
[9, 8, 9, 27, -13, -4, 0, -17]
[9, -29, 5, -35, 7, -3, -12, -18]
[-15, 104, -22, 46, 9, 5, 14, -15]
[-10, 73, -9, -11, -22, -3, 3, -21]
[-4, -62, 8, -6, -1, -7, -3, -17]
[3, -106, 15, -25, 4, -5, -9, -24]
[6, -77, -25, -35, -26, 3, 10, -25]
[-8, 54, -15, -10, 7, 4, 1, -19]
[-8, -15, 1, -21, -30, -5, -1, -21]
[7, -128, 2, -1, 0, 2, 1, -27]
[-16, 7, -51, 2, -13, -1, 4, -23]
[-8, 7, -40, 11, -25, 2, 8, -18]
[-9, 46, -29, -8, 4, 7, 8, -12]
[-2, 13, 17, -2, -9, -4, -10, -14]
[32, -41, 73, -36, 18, -10, -15, -16]
[-2, 87, -20, 10, 7, 8, 6, -21]
[9, -52, 23, -22, -15, -5, -4, -24]
[-4, 7, -41, -38, -26, 1, 3, -20]
[-25, 127, -51, 8, -6, -12, -4, -18]
[10, -94, 19, 2, -6, -3, -10, -23]
[-8, -14, -19, 8, 5, 2, 8, -21]
[-9, -35, -29, 7, 0, 7, 3, -25]
[-11, 61, -30, 22, -13, 9, 15, -20]
[-12, 84, -52, 18, -19, 6, 9, -23]
[0, -11, -9, -2, 17, 5, 5, -20]
[26, -128, 92, 31, 34, -6, -23, -25]
[5, -91, 45, -33, -10, -8, -5, -21]
[-6, 25, -24, 70, 29, 9, 8, -20]
[-1, 127, 13, 7, 7, 1, -1, -18]
[-3, 48, -1, -25, -24, -4, 2, -19]
[-1, 110, 7, -11, 12, -6, -3, -10]
[-12, -128, -18, 21, 1, 2, -2, -27]
[-3, -77, -26, -35, -26, -7, -5, -20]
[-3, 98, 0, -19, -13, 3, 2, -19]
[3, -5, 42, -15, -3, -9, -5, -19]
[11, -93, 37, -29, -2, -4, -9, -21]
[-2, -17, -38, 10, -31, 7, 15, -24]
[-15, 33, -25, -7, -9, -4, -2, -22]
[-14, -40, -39, 24, -11, 11, 15, -29]
[7, -54, 4, 14, 33, 0, -2, -21]
[2, 57, 29, -6, -20, 2, 2, -16]
[8, 57, 10, -17, 25, -1, -4, -18]
[18, -59, 58, 15, 23, -7, -15, -26]
[-7, -96, -47, -1, -22, 2, 5, -22]
[6, 120, -36, -34, -33, -4, 4, -20]
[-5, 38, 17, -18, -7, -11, -11, -21]
[-8, 95, -14, 51, 11, -2, -1, -19]
[-5, 118, -2, 19, 7, -3, -2, -19]
[-2, -128, -26, 32, 31, 9, 6, -24]
[-14, -21, -35, -41, -33, -9, 0, -15]
[6, 86, 14, 31, 12, 0, -2, -18]
[-1, 76, 17, -9, 14, -1, -9, -20]
[5, -104, 17, -21, 1, 3, 4, -23]
[16, -128, 32, 3, 37, 2, -15, -32]
[-5, 61, -48, -41, -44, 4, 10, -18]
[-5, 49, 8, -15, 7, -3, -4, -17]
[-6, -128, -20, 16, -19, 0, 5, -23]
[11, -128, 12, 13, 22, 7, 1, -26]
[5, -19, -23, -39, -29, -9, 1, -16]
[-8, -34, 17, 33, 11, -1, -5, -22]
[11, 48, 37, -5, -1, 0, 2, -20]
[7, 76, 42, -8, 6, -8, -12, -20]
[3, -118, -17, -13, -25, -4, 0, -27]
[0, -94, 7, -43, 10, 15, 14, -23]
[-17, 127, -29, 19, 6, -2, -2, -18]
[0, -51, 13, -29, -17, -2, -3, -21]
[-12, -41, -50, 27, -10, 10, 9, -29]
[9, -40, 0, 24, -7, -4, 2, -25]
[23, -32, 49, -19, 38, -2, -16, -26]
[3, -66, 5, -41, 11, 3, 4, -15]
[-15, 90, -50, -6, -42, -7, 6, -19]
[-1, -52, 31, 1, -6, -3, -7, -21]
[-8, 56, -19, 47, -15, 2, 7, -23]
[-3, 50, -19, 16, -16, 4, 8, -20]
[-5, -40, -36, 19, -14, 6, 10, -30]
[18, -128, 36, -16, 7, -9, -11, -23]
[8, 6, 4, -4, 3, -2, -4, -14]
[-2, 47, -18, -7, 5, 8, 3, -14]
[0, 28, 8, -11, 33, -1, 0, -21]
[-4, -31, 14, 32, 0, 4, 2, -16]
[-1, -117, -57, -13, 2, -1, 2, -21]
[22, -98, 29, -42, 13, -9, -14, -23]
[-14, 47, -57, -30, -35, 8, 17, -25]
[-9, 112, 2, 9, -15, -15, -9, -14]
[6, 90, -4, 0, -11, -5, -3, -16]
[-3, -89, -5, -18, -10, -1, 1, -22]
[1, 26, 29, -36, 12, -5, -8, -15]
[-11, 75, -31, 26, -11, 8, 13, -12]
[6, -70, 10, -10, -11, -5, -2, -22]
[-1, -79, -1, -11, 14, 9, 5, -25]
[-9, -128, -12, 19, 1, -6, 0, -24]
[3, -93, 10, 23, 25, -1, -3, -22]
[0, 109, -5, 17, -6, 6, 4, -20]
[0, 100, -25, -18, 0, 2, 5, -20]
[-4, 61, -9, 35, 30, 8, 5, -18]
[1, -128, -5, -4, 9, 4, -2, -25]
[9, 57, 39, -38, 0, -15, -15, -15]
[-3, 102, -16, -9, -9, -1, 1, -23]
[14, -128, 24, -7, 3, -5, -2, -27]
[-3, -19, -8, 12, 3, 1, 4, -21]
[-7, -96, -1, 11, -14, -9, -3, -18]
[-4, -68, 11, 38, -10, -2, 2, -19]
[-8, 89, -14, -20, -15, -2, 4, -11]
[22, -78, 44, -26, 19, -3, -17, -22]
[7, 68, 7, 5, 2, -1, 2, -17]
[11, -121, 4, -15, 12, -2, 10, -26]
[12, -128, 28, -24, -13, -3, -5, -24]
[-3, -76, -15, 12, -6, 0, -3, -21]
[-5, -63, -43, -9, -5, 5, 2, -25]
[2, -4, 10, -10, -4, -2, 0, -23]
[34, -75, 90, -30, 90, 5, -19, -26]
[6, 61, 9, -25, 15, -2, -4, -17]
[5, -35, 7, 5, 4, 5, -3, -22]
[-2, -30, -12, 5, 1, -5, -4, -17]
[2, 36, 18, 23, 38, -2, -9, -22]
[-13, 39, -43, -7, -27, 1, 8, -27]
[6, 38, 5, 43, 14, 4, 0, -19]
[-7, -50, -30, 40, 18, 8, 3, -26]
[1, -85, 30, -2, -1, -6, -2, -22]
[-3, 35, -8, 16, 4, 6, 1, -22]
[4, 54, 20, 19, 16, -8, -14, -11]
[4, -98, -17, 8, 5, 5, 1, -19]
[-8, 4, -43, 6, -21, -3, 3, -21]
[13, -84, 9, -19, 0, 2, -5, -29]
[9, -56, 61, -2, 24, -10, -13, -19]
[-5, -21, -21, 0, -14, 8, 11, -17]
[-5, -3, 7, 24, -6, -5, -2, -19]
[-2, 99, 20, 0, -7, -2, -2, -14]
[-12, -59, -49, 25, -24, 4, 10, -27]
[-1, -128, 2, -4, 2, -1, -1, -28]
[1, 55, 3, 7, 11, 2, 1, -15]
[-2, 49, 15, -16, 4, -7, -6, -16]
[2, -51, -3, -3, 0, 0, -3, -21]
[0, -13, -14, -6, -3, -4, 0, -22]
[-4, -74, 0, 11, -1, 3, 1, -22]
[1, -52, -7, 1, -2, 1, 1, -19]
[-2, 42, -1, 8, 8, 0, 1, -21]
[-2, -37, 18, 15, -3, 0, -4, -19]
[6, -102, 35, -29, 3, -6, -9, -22]
[0, -93, -41, 7, -24, 15, 21, -35]
[-6, 119, 3, -8, -10, -3, -1, -9]
[-6, 75, -21, 16, -11, -3, 4, -17]
[15, -60, 60, -19, 24, -13, -27, -17]
[-19, 30, -17, 41, -2, -2, 4, -26]
[-8, 85, -3, -3, 2, -7, -2, -12]
[8, 26, 54, -27, 5, -5, -8, -19]
[1, -107, 11, -3, -1, -4, -4, -24]
[4, 4, -16, -2, 1, 3, 3, -23]
[12, -111, 53, -16, 16, -10, -10, -21]
[13, -32, 22, -5, 33, 0, -6, -23]
[-13, -19, -25, -16, -5, 6, 6, -23]
[3, 6, 8, 8, 4, -2, -2, -18]
[-1, -121, 17, -34, -5, -8, -8, -23]
[-4, 65, -9, 2, 12, 5, 0, -22]
[3, 17, 2, -3, -1, 0, 4, -18]
[-9, -122, -7, 22, 2, 4, 6, -28]
[-4, -3, -20, 14, -7, 0, 0, -17]
[-1, 103, -6, -8, 14, 9, 0, -20]
[-3, 25, -17, 0, -9, -1, 3, -22]
[-2, 34, -3, -27, -6, 0, -2, -18]
[0, 44, -5, -21, -5, -4, -6, -26]
[3, -116, 0, 8, -9, 3, 2, -20]
[9, -33, 41, -16, 17, -10, -10, -18]
[-1, 48, -7, -10, 2, 1, 4, -20]
[-4, -128, -2, -2, 0, 5, 4, -23]
[3, -82, -30, -17, -8, -5, -6, -21]
[-4, 111, -26, 20, -11, -1, 4, -21]
[-10, 98, -19, 28, 4, -6, -5, -20]
[-5, -91, 14, 2, 5, 3, 2, -20]
[-1, -88, -15, -13, 0, -1, -3, -19]
[-10, -7, -10, 18, 6, 2, 1, -24]
[2, -8, -20, 0, -16, 1, 5, -20]
[-13, -112, -11, 7, 2, 1, 4, -23]
[0, -3, -2, 8, -4, 0, 1, -25]
[0, -39, 7, -2, 7, -2, -3, -20]
[27, -102, 47, -18, 15, 5, -2, -27]
[-10, 4, -38, -11, -10, 6, 8, -18]
[-5, 84, -25, 3, -15, 3, 6, -19]
[-2, 80, 7, 3, -7, -7, -6, -17]
[14, -82, 42, -10, 27, -6, -14, -24]
[22, -117, 61, -27, 44, 3, -8, -17]
[3, 15, 14, -10, 1, -2, 0, -13]
[4, -109, 15, 3, 6, 0, 1, -24]
[-10, 79, -8, -4, -9, 2, 1, -20]
[6, -96, -4, -7, -10, -2, 0, -27]
[-16, -24, -31, 23, -12, 0, 8, -20]
[-9, 79, -23, -7, -8, 5, 10, -16]
[27, -79, 87, -25, 39, -7, -19, -23]
[-3, 0, -21, 5, -8, 9, 10, -23]
[-11, -45, -12, 35, 19, 2, 2, -19]
[-2, 21, -2, 2, -5, -8, -5, -18]
[22, -31, 59, -30, 32, -9, -16, -19]
[-14, 12, -24, 23, -2, -10, -3, -20]
[12, -109, 8, -14, 25, 5, -1, -23]
[2, 27, 21, 9, 28, 1, -2, -20]
[5, -73, -1, 0, 20, 6, 1, -22]
[-6, 66, -7, -39, -21, -6, 0, -18]
[-9, 13, -23, 5, -15, 0, 8, -12]
[-3, 90, -47, 13, -16, 0, 1, -20]
[-1, 58, -5, -7, 21, -1, -6, -14]
[-4, 103, -17, 13, -22, -1, 2, -18]
[1, -128, 20, 24, 23, 1, -5, -33]
[-6, 60, -29, -10, -19, 7, 10, -22]
[28, -128, 73, -1, 19, -10, -21, -26]
[-16, 116, -45, 1, -9, 11, 15, -11]
[6, -24, 30, -51, 21, -12, -14, -14]
[-6, -36, -20, -3, -29, -1, 4, -24]
[1, -12, 9, 30, 23, 1, -1, -16]
[7, 79, 11, 17, 20, 1, -4, -11]
[-5, 21, -12, -14, -18, 0, 5, -24]
[-4, -36, 1, -5, -18, -7, 0, -25]
[0, -128, 20, 6, 11, -3, -6, -32]
[-11, 68, -46, 31, -10, 6, 14, -22]
[-7, 50, -12, 44, 22, 10, 9, -21]
[4, 11, 5, -39, -5, -3, -5, -22]
[-15, -94, -45, 16, -17, 7, 8, -37]
[3, -65, -8, 16, 5, 5, 10, -17]
[1, 29, 2, 58, 11, -2, 3, -10]
[31, -105, 81, -67, 38, -7, -18, -23]
[-1, -47, -40, 30, -17, 12, 15, -24]
[5, -104, 23, -22, 1, -3, -4, -17]
[-10, 95, 15, -26, 21, -18, -21, -14]
[13, -9, 2, -12, 14, 1, -4, -24]
[-13, 21, -17, 9, -6, 3, 8, -24]
[1, 38, 0, 45, 3, -3, 1, -15]
[-14, 86, -53, 48, -10, 10, 17, -20]
[-5, 45, 11, 26, 3, -2, -1, -20]
[-10, 1, -42, 39, -37, 13, 14, -28]
[4, 8, -12, -8, -5, 4, 2, -19]
[-2, -128, -9, -5, -15, 8, 9, -29]
[9, 57, -42, -1, 0, 3, 2, -17]
[2, -120, 27, -32, -11, -6, -2, -22]
[-17, 71, -37, 8, -15, 1, 5, -20]
[1, -58, -20, 10, -24, -2, 8, -30]
[11, -97, -7, -12, 11, 6, -1, -24]
[8, -110, 12, -58, -10, -10, -12, -18]
[11, -104, 37, 3, 11, 7, 5, -22]
[-5, -16, -8, 3, -22, 1, 1, -18]
[-10, 6, 1, 29, 7, 1, -2, -25]
[-14, -89, -37, 29, -7, 7, 16, -29]
[-2, -32, -33, -29, -11, -4, 2, -14]
[13, -122, 40, -26, -9, -4, -9, -20]
[24, -64, 75, -37, 8, -3, -13, -23]
[-19, 106, -70, 14, -18, 8, 15, -18]
[1, 31, -17, -12, -7, 0, 7, -22]
[3, 82, 5, -9, -8, -6, 0, -17]
[-2, 82, -10, -4, -19, -1, 3, -17]
[28, -54, 77, -43, 22, -12, -18, -18]
[0, -50, 21, 24, 11, 6, -2, -27]
[-8, 79, -60, 60, 14, 18, 19, -25]
[-12, 127, -27, -14, -17, 0, 5, -12]
[5, -128, 14, -22, -10, -1, -3, -33]
[-8, 88, -39, 33, -1, 2, 5, -17]
[-1, -62, 13, 30, 28, 0, -5, -19]
[1, -54, 5, 3, 14, -4, -4, -21]
[-2, 33, -9, -22, -5, 1, -3, -16]
[-12, -68, -13, -11, -18, -3, -1, -21]
[2, -78, -2, 32, 10, 3, 3, -24]
[-3, -43, 0, -16, -7, 0, 2, -20]
[20, -105, 32, -40, 6, -3, -9, -22]
[-5, 90, 43, -1, 10, -13, -16, -10]
[-6, 14, -21, -3, 4, 3, 7, -22]
[-13, 113, -29, 49, 2, 7, 14, -14]
[-5, -42, -9, 21, -16, -6, -4, -23]
[24, -49, 76, -48, 44, -12, -28, -17]
[4, -128, 13, -15, 2, -1, -5, -26]
[-8, 44, -50, 35, -35, 9, 19, -28]
[6, 94, -4, -15, 5, -4, -5, -18]
[-6, 62, -13, 27, -9, 9, 14, -19]
[-10, 62, -31, -15, -8, -3, 4, -23]
[-9, 88, -20, 22, -7, 2, 4, -20]
[-12, 49, -57, 35, -13, 11, 13, -20]
[2, -72, 11, 2, 7, -1, -6, -26]
[0, 3, -40, -4, 5, 6, 2, -16]
[0, -83, 31, -12, -15, -15, -18, -15]
[10, 27, 56, -2, 20, 0, -7, -14]
[5, -34, 32, -3, 6, -4, -7, -22]
[-6, -40, -11, 11, -12, 1, 4, -26]
[13, -84, 35, 10, 8, -2, -6, -25]
[-14, 28, -27, 12, -17, -1, 7, -23]
[-14, 127, -42, 2, 16, -2, -4, -14]
[4, 14, 20, -33, 7, 3, -1, -21]
[-2, 59, -31, 8, 1, 1, 3, -20]
[-17, -34, -58, 57, -9, 11, 18, -26]
[-6, 75, -5, 13, -14, -4, 1, -20]
[11, -64, 37, -14, -12, -4, -3, -20]
[-4, 61, 8, 40, 24, 2, 0, -19]
[-5, -64, -8, 1, -19, -4, -3, -22]
[-3, 113, 2, -8, -26, -3, 5, -21]
[-13, 104, -35, -11, -3, 2, 6, -18]
[3, -128, 24, 0, -2, 3, 1, -28]
[10, -105, -26, 10, -16, 8, 6, -24]
[11, -122, 41, -18, 29, -2, -9, -25]
[-17, -32, -61, 13, 3, 13, 15, -28]
[8, -112, 16, 2, 18, -2, -5, -21]
[-9, 117, -39, 1, -34, -2, 8, -18]
[-7, -98, -9, -9, -17, -5, -1, -18]
[1, -120, 10, -7, -8, -8, -9, -29]
[5, 127, 3, 7, 14, 11, 6, -18]
[7, 87, 24, -18, -1, -2, -5, -12]
[-4, -54, -10, 5, -17, -3, -1, -20]
[-24, 62, -38, 20, -17, 0, 7, -24]
[-3, -41, -11, -3, -21, -3, 2, -22]
[2, -27, 12, 1, 16, 2, -3, -20]
[16, -14, 34, -20, 29, -12, -22, -11]
[-8, 109, -23, 12, 10, -4, -1, -23]
[16, -89, 13, -24, 11, 8, 0, -25]
[-15, 65, -34, 24, -14, 2, 7, -22]
[-10, 85, -33, 8, 2, -1, 4, -21]
[-3, 35, 9, 12, 19, -3, -6, -22]
[5, -107, 20, -18, -6, -3, -6, -16]
[9, -113, 24, -6, -2, -3, -2, -24]
[-8, 126, 1, -42, -15, -13, -9, -17]
[-13, -97, -43, 43, 2, 12, 12, -31]
[-1, -52, 10, -34, -17, -11, -7, -13]
[2, 96, 19, 11, 9, -5, -2, -19]
[20, -67, 69, -20, 38, -14, -22, -25]
[-1, 7, 9, -6, -4, -2, -3, -11]
[2, 44, -30, 8, -5, 1, 6, -23]
[-12, 97, -87, 17, -32, 10, 21, -16]
[-10, 127, -22, 37, -7, -6, 1, -11]
[0, -27, -9, 25, 4, 6, 6, -20]
[-5, 73, 11, -11, -1, -9, -7, -21]
[-1, -50, 5, 2, -8, 1, 1, -18]
[-2, -107, 5, -23, 3, 3, 1, -22]
[8, 102, 12, -4, 7, -6, -10, -16]
[-15, 127, -36, 22, -3, 1, 4, -15]
[-7, -69, -23, 14, -11, 3, 6, -32]
[-2, -33, -40, 10, -12, 9, 12, -24]
[0, -128, -3, -5, -5, 3, 1, -30]
[3, 100, 11, 0, 5, -5, -7, -17]
[-2, 127, -44, 0, -15, 2, 7, -20]
[15, -128, 37, -9, 9, 4, -6, -26]
[-5, 80, -9, -4, 0, 0, -2, -18]
[-2, -128, -2, -21, -7, 7, -2, -28]
[-7, 39, -18, -9, 0, 3, 2, -13]
[-3, -56, -5, 7, 8, 5, 5, -23]
[-17, 116, -58, 12, -19, 11, 14, -23]
[-7, 51, -41, -20, -5, 5, 4, -21]
[3, -46, 3, -12, 19, -1, -3, -14]
[17, -36, 42, -13, 19, -5, -7, -20]
[-1, -34, 15, -8, 13, -6, -3, -21]
[33, -86, 83, -3, 27, -2, -14, -23]
[-11, -69, -32, 45, -24, 3, 12, -20]
[-9, 6, -28, 42, 1, 6, 4, -24]
[-10, 102, -45, -10, -18, -1, 4, -19]
[0, 80, -7, -23, 8, -10, -8, -17]
[-3, -88, -20, -30, -30, -5, 1, -22]
[12, -111, 64, -12, 12, -4, -16, -28]
[-18, 66, -5, 20, -9, -9, -3, -23]
[-8, -76, -6, -17, -15, 5, 9, -19]
[-3, 115, 31, -17, -11, -11, -8, -10]
[-13, 28, -33, 38, -20, -3, 8, -21]
[4, 2, 16, -23, -13, -10, -3, -24]
[-8, -7, -39, 2, -10, 7, 9, -25]
[1, 20, 35, 57, 56, -6, -17, -17]
[-2, -18, 3, -10, -22, -5, 3, -23]
[-5, -73, -30, -3, -19, 2, 4, -24]
[13, -128, 30, -11, 51, 8, -9, -26]
[-15, -9, -39, 20, 0, 5, 9, -22]
[-3, -24, -3, -10, -11, 3, 6, -14]
[-4, 8, 9, 5, 23, 3, -2, -20]
[-3, 80, 23, -22, -13, -11, -9, -21]
[-2, 87, -28, 17, -3, -2, -4, -21]
[1, -124, -4, -18, -7, -3, -9, -28]
[5, 56, 8, -32, -3, -3, -2, -16]
[-16, -36, -37, 5, -11, -1, 3, -23]
[-2, -51, -5, 2, -16, 1, 1, -21]
[-23, 50, -70, 37, 2, 14, 18, -27]
[3, 3, 25, -19, 33, 9, 4, -21]
[18, 72, 110, -27, 30, -25, -36, -13]
[-6, -128, -10, 24, -6, 12, 12, -28]
[20, -85, 66, -41, 17, -12, -21, -23]
[8, 20, 13, -8, -3, 1, -5, -22]
[-1, -67, -15, 46, -7, -3, 5, -18]
[-11, 54, -19, 2, -10, 7, 10, -4]
[-3, -99, -11, -11, -16, 6, 3, -27]
[-1, 29, -46, 0, -16, 8, 14, -24]
[15, -128, 43, -16, 0, -7, -12, -28]
[-8, -75, 16, 37, -8, 6, 10, -24]
[-4, 7, -9, 7, 3, -1, -1, -20]
[-9, -68, -9, -16, -10, 3, 4, -19]
[0, 37, 3, -24, -2, -12, -4, -20]
[-20, 3, -50, 42, -2, 3, 11, -18]
[4, 98, -11, 1, -6, 3, 3, -18]
[-2, -58, 6, -27, 10, -4, -6, -20]
[0, -76, 0, -5, 28, 2, -4, -21]
[6, 60, 14, -21, -18, -3, -1, -21]
[14, 75, 83, -27, 33, -18, -27, -10]
[0, -34, -30, 26, -12, 9, 12, -27]
[-18, 34, -37, 18, -12, 4, 4, -27]
[1, -59, 18, -11, -8, -10, -7, -18]
[-3, -128, 14, -2, 3, 4, -2, -27]
[-5, -66, -44, 9, -21, 12, 12, -27]
[-14, 101, -43, 15, -9, 9, 13, -20]
[-22, 54, -101, 36, -23, 9, 21, -24]
[-21, 127, -40, 10, -3, -1, 5, -17]
[6, 50, 0, -2, -3, -7, -6, -19]
[-2, -17, -14, -9, -9, 3, 2, -27]
[-8, -74, -26, 15, -9, -1, 5, -22]
[-3, -71, -4, 1, -2, 1, 1, -22]
[4, -8, 8, -6, 8, -2, -9, -18]
[-3, 15, 1, -1, 6, 1, 4, -21]
[7, -114, 45, -5, 3, -7, -7, -26]
[-8, -22, -19, -2, 6, 1, -1, -18]
[-9, 24, -44, 12, -18, 11, 17, -22]
[-3, 61, -23, -8, -3, -4, 3, -21]
[-13, -73, -49, 18, -13, 6, 14, -24]
[7, -91, 45, -19, 15, 0, -14, -22]
[-5, -89, -39, 18, -7, 6, 8, -21]
[-9, 32, -10, 5, -3, -10, -6, -18]
[-6, 100, -22, 0, -6, 3, 3, -7]
[4, -96, 10, -14, 14, -7, -5, -18]
[6, -128, 19, -7, -4, -9, -6, -28]
[-1, -116, -22, 18, 5, 8, 9, -23]
[2, 16, -1, -12, -1, -1, 0, -23]
[6, -124, 28, -9, 10, 1, -3, -29]
[-6, -36, -2, 11, 3, 8, 7, -26]
[10, -75, 5, -11, 5, -1, 0, -20]
[2, -95, -12, -23, -6, 6, 9, -26]
[-3, 23, 8, 18, -4, 3, 3, -19]
[-3, 116, -3, 40, 2, 3, 1, -23]
[4, -39, 27, 13, 18, -7, -12, -18]
[5, 109, 20, -13, 2, -5, 1, -13]
[-4, -2, -21, 0, -13, -2, 4, -19]
[-13, 58, -35, 20, -9, -2, 5, -13]
[0, 122, -14, -19, -14, -7, -2, -17]
[-20, -34, -33, 2, -23, -4, 1, -25]
[-12, 67, -20, 7, -7, -4, 3, -22]
[13, 33, 18, -28, 12, -4, -11, -16]
[-35, 114, -99, 25, -33, 11, 28, -11]
[24, -128, 72, 6, 18, -9, -16, -20]
[5, 88, -13, -21, -14, -6, 0, -17]
[21, -120, 39, -17, 9, 3, -3, -27]
[13, 75, 38, -31, 28, -10, -20, -16]
[0, -82, -23, 4, -3, 5, 5, -26]
[-12, 26, -7, -11, -1, -1, 0, -24]
[2, 45, 26, -13, 20, -7, -10, -17]
[-9, 127, -26, 7, 10, 0, -3, -14]
[2, -59, -5, 10, -8, 7, 9, -25]
[2, -128, -8, 17, -13, 6, 8, -29]
[-5, -72, -9, 2, -8, -4, -1, -23]
[12, -83, 2, 2, -3, 1, -4, -24]
[-6, -22, -7, 26, 2, 0, 3, -18]
[-8, 68, 24, -17, 7, -10, -11, -12]
[1, -27, -18, -8, -17, 2, 2, -20]
[-9, -21, -18, 3, -8, 5, -1, -26]
[-20, 127, -20, 1, -18, -8, 3, -21]
[15, -98, 35, -5, 11, -8, -11, -21]
[8, -85, 12, -8, -2, 0, -4, -19]
[-7, -2, 15, 19, 48, 9, -4, -19]
[-10, -11, -68, -3, -32, 2, 10, -32]
[-10, -21, -43, 16, -15, 11, 13, -25]
[-9, 18, -44, 7, -11, -5, 7, -19]
[14, -52, 66, -20, -6, -13, -20, -18]
[12, -41, 63, -17, 18, -6, -12, -21]
[1, 19, -7, 11, 8, 12, 7, -19]
[4, -49, -5, 3, 11, 0, -3, -19]
[6, -125, 1, -23, 2, -1, 1, -22]
[-3, 127, -1, 11, -6, -5, 2, -19]
[11, -29, -1, 19, -10, 7, 10, -24]
[-8, -82, -1, 33, -16, 1, 5, -20]
[-4, -34, -39, -23, -21, -4, 7, -28]
[-32, 3, -87, -6, -47, -3, 27, -12]
[-6, 14, 21, -1, 44, 5, -4, -20]
[-11, 33, -20, 23, -3, 6, 19, -13]
[-9, 41, 27, -32, 16, -2, 1, -24]
[16, -85, 57, 17, 43, -10, -24, -17]
[10, -50, 0, -33, -6, -3, -4, -15]
[3, -70, -15, 3, -13, -1, 0, -25]
[20, -77, 17, -6, 13, 2, -3, -29]
[7, -33, 40, 7, -12, -4, -1, -19]
[-14, 92, -40, 18, -37, -3, 7, -16]
[-14, -2, -50, 3, -8, 7, 8, -30]
[26, 3, 82, -42, 24, -16, -18, -15]
[-9, -7, -5, 6, -12, 7, 7, -17]
[2, 103, 3, 25, -7, -4, 2, -24]
[10, -106, 30, 9, 1, 0, -4, -21]
[13, 50, 51, -7, 17, -2, -9, -10]
[0, -77, -17, 6, -6, 5, 3, -20]
[-12, 3, -14, 18, -13, -1, 9, -19]
[-3, 7, 1, -15, 1, 1, 4, -9]
[-1, -9, -9, -4, 6, -4, -8, -12]
[-5, 100, -25, 28, -13, 4, 9, -26]
[9, -102, 53, -17, 14, -9, -1, -25]
[27, -102, 84, -56, 29, -11, -28, -24]
[-6, -120, -7, 29, -11, 5, 9, -27]
[-15, 14, -7, -11, -9, 2, 0, -21]
[-9, 97, 2, -10, -24, -10, -1, -15]
[9, -42, 40, -12, 6, -7, -6, -24]
[-15, -11, -38, -12, -30, 9, 12, -19]
[10, -54, 49, -41, 13, -13, -21, -25]
[3, -69, 9, -10, 9, 1, -5, -21]
[7, -71, -8, 17, 18, -1, -5, -20]
[-14, 83, -43, -1, -18, 0, 8, -17]
[5, -35, 24, 6, 15, -10, -8, -24]
[-14, 15, -41, 9, -11, 2, 4, -23]
[-6, 35, -4, 4, -11, -2, 4, -16]
[3, -80, -15, -8, 2, -2, 0, -20]
[-10, -5, -15, 17, -23, 0, 8, -19]
[-9, 78, -28, -4, -25, 0, 7, -22]
[12, -47, 35, -18, 25, -9, -17, -22]
[-4, -21, 1, 21, 19, 2, 0, -18]
[14, -18, 55, -20, 7, -11, -13, -15]
[-10, 73, -64, 71, 1, 14, 17, -12]
[4, -105, 8, -28, -6, 2, -2, -24]
[1, 24, 18, -7, 18, -3, -3, -18]
[-15, 127, -16, -13, 13, 5, 9, -15]
[10, -127, 4, 4, 9, 2, -2, -33]
[-15, 126, -35, -2, -24, -1, 7, -17]
[-8, 81, -36, 47, 4, 0, 7, -21]
[3, 42, 25, -23, -13, -1, 0, -21]
[-2, 52, 18, -8, -9, -4, -8, -16]
[-2, -19, -26, -4, -9, -2, -1, -21]
[18, -126, 38, -3, 3, -1, -9, -24]
[9, -94, 38, -25, 5, -3, -7, -21]
[-6, -12, -24, -2, -17, 3, 7, -29]
[-15, -55, -15, -2, 5, -3, -3, -25]
[11, -107, 39, -3, 24, -2, -10, -24]
[6, -91, -2, -2, 1, 4, -1, -33]
[-14, -3, -20, -7, -32, -4, 2, -19]
[12, -58, 64, -25, 50, -7, -14, -20]
[5, -25, 3, -4, -6, -1, -2, -20]
[15, 20, 42, -27, 20, -7, -10, -10]
[2, 1, 17, 17, 34, -2, -9, -27]
[14, 46, 8, -22, 15, 0, -6, -16]
[-10, 101, -15, -2, 5, -1, -4, -21]
[1, -8, -4, -11, -23, -9, 0, -20]
[-8, -73, -11, 5, -17, 1, 3, -19]
[-6, 66, -23, 46, 8, 3, 3, -24]
[7, -68, 19, 1, 4, 1, -5, -20]
[-6, 41, -29, 5, -15, 6, 9, -20]
[5, 1, 18, -20, -17, -2, -1, -23]
[0, 60, 22, -11, 26, -5, -14, -10]
[-3, -128, 18, -8, -23, 0, 5, -29]
[3, -83, -30, -13, 0, 2, 2, -21]
[-5, -77, -16, 11, -24, 7, 15, -32]
[-14, 70, 5, -13, -5, -12, -9, -25]
[10, -73, 9, -7, 33, 4, -7, -19]
[8, 39, 13, -5, -13, 4, 3, -19]
[-12, 107, -15, 17, -6, -1, 2, -21]
[4, 15, 23, 38, 4, -4, -1, -18]
[6, -53, 30, -21, 16, -6, -9, -22]
[-6, -111, -2, 4, -3, 2, 5, -22]
[-9, -93, -53, 2, -11, 10, 12, -23]
[3, -105, -3, 10, -4, 4, 3, -30]
[21, -128, 77, 6, 29, 2, -8, -23]
[-9, -87, 6, 33, 13, -1, 1, -24]
[6, 10, -21, 90, -2, 4, 6, -21]
[10, 43, 16, -5, 9, -1, -11, -19]
[-8, -16, -38, 3, -17, 14, 16, -25]
[11, -99, 17, 1, 0, -2, -1, -22]
[-7, 38, -10, -14, -1, -3, -1, -22]
[0, 110, 0, -14, 1, -5, 1, -18]
[-13, 77, -19, 11, 0, -4, 0, -22]
[-4, -30, -2, 26, 12, 3, 5, -20]
[3, -3, 17, 1, 19, -3, -1, -20]
[-12, -44, -54, -33, -6, 3, 1, -23]
[14, -103, 68, -21, 23, -5, -9, -23]
[0, -56, -2, -26, 3, 6, -2, -23]
[-9, 97, -36, 11, -32, 2, 12, -9]
[-3, -128, 0, 15, 16, -1, -4, -24]
[-9, 13, -11, 7, 1, 3, 0, -26]
[16, -101, 12, -20, -11, -17, -17, -22]
[5, -92, 28, -15, -2, -5, -8, -26]
[-25, 127, -20, -13, -11, -7, -1, -16]
[-2, 14, 8, 8, 2, 0, 0, -20]
[-4, 103, 6, 9, 21, -4, -4, -21]
[0, 66, -10, 9, -1, -8, -5, -13]
[4, 4, -5, -27, 7, -1, -6, -21]
[-5, 114, -34, -16, -27, -1, 7, -23]
[-3, 109, -25, 4, 0, -7, -1, -13]
[-6, 81, -34, -3, -16, 1, 9, -19]
[-9, 60, -26, 9, -8, 7, 11, -18]
[-2, -29, 3, -10, -13, -2, 0, -21]
[-7, -126, -18, 24, 4, -1, 1, -24]
[-8, 84, -13, 18, -1, -4, 1, -17]
[-1, 8, 0, 2, 0, -3, -10, -30]
[-12, -22, -26, -23, -28, 2, 9, -18]
[-4, 15, -5, -10, 5, 1, 1, -18]
[-1, 83, 2, -12, 21, -7, -5, -24]
[-8, 43, -21, 1, -9, 4, 1, -21]
[5, -81, 11, 17, -3, 0, -3, -22]
[2, 8, -3, -1, 2, -3, -1, -21]
[-7, -5, -26, -34, -33, -3, 6, -22]
[1, -85, 17, -9, -7, -10, -9, -23]
[17, -85, 63, -44, 30, -18, -29, -18]
[-1, 7, -13, 7, -4, 10, 12, -20]
[-6, -30, -29, 15, -5, 7, 9, -24]
[-8, -68, -70, 20, -21, 14, 21, -31]
[-16, 49, -34, 6, 12, -2, -1, -23]
[9, -67, 30, -30, 6, -10, -14, -27]
[-1, -10, -2, 1, 10, 3, -2, -20]
[-3, 1, -14, 15, -5, 5, 7, -22]
[1, 2, 12, 27, -8, -1, 4, -16]
[-10, 60, -25, -3, -22, 2, 7, -17]
[12, 44, 61, -25, 13, -11, -18, -25]
[-4, -119, -32, 7, -7, 8, 10, -24]
[3, -18, 2, -16, -6, -2, 3, -18]
[-4, 81, -21, 28, 9, 2, 5, -22]
[-1, 21, -3, -19, -15, -6, 0, -20]
[-10, -44, -28, -7, -14, -8, -5, -21]
[-6, -125, -22, 20, -3, 10, 13, -21]
[-4, -119, -10, -12, 4, 5, -2, -20]
[2, 21, -1, 4, 20, 1, -5, -23]
[-11, -17, -22, -5, -27, -4, 1, -22]
[2, -121, -3, -5, -8, 7, 5, -27]
[5, -28, -34, -7, 7, -3, -4, -20]
[-3, 18, 0, -14, -13, -5, -3, -18]
[7, 33, 47, -20, 19, -13, -18, -13]
[9, -96, 18, 14, 22, 8, 0, -27]
[-1, -49, -15, -2, -12, 2, 1, -22]
[4, 109, 19, -16, 24, -1, -12, -16]
[-7, 2, -15, 44, 14, 4, 6, -22]
[-1, -22, 5, -16, -6, -1, 1, -17]
[0, 44, -6, 23, 3, 2, 5, -22]
[-3, -89, -11, -14, -16, -1, 6, -31]
[-10, -79, -12, 0, -14, 2, 5, -21]
[30, -119, 94, -45, 11, -1, -8, -27]
[8, -9, 20, 3, -1, -5, -9, -24]
[-27, 105, -100, 45, -33, 7, 16, -19]
[0, 93, 12, -1, 23, 1, 1, -10]
[-5, 127, -16, 5, -13, -6, -2, -10]
[23, -116, 63, -67, -4, -8, -13, -32]
[-9, 49, -16, -52, -40, 2, 4, -21]
[10, -83, 10, -8, 8, -8, -11, -18]
[1, 111, 1, 21, 34, -6, -6, -20]
[9, -33, 22, -2, 11, -3, -11, -19]
[-6, -69, -41, -9, -14, 0, 4, -24]
[-4, -1, -3, 12, -12, -5, -2, -21]
[-1, 78, -22, -8, 16, 9, 3, -21]
[-25, 45, -93, 12, -51, 10, 27, -31]
[-6, 49, -27, 32, -16, 5, 11, -25]
[14, -128, 30, -10, -4, 2, -1, -27]
[-3, 30, 17, 4, -11, -7, -4, -18]
[-15, 0, -8, 34, 10, 2, 3, -20]
[2, 19, 5, 5, -7, 6, 2, -9]
[-6, -48, -27, -15, 4, 1, -1, -24]
[-18, 63, -26, 2, 15, -4, 0, -25]
[-9, 32, -13, 14, -6, 4, 7, -18]
[-1, 53, 21, 53, 27, -2, -4, -23]
[-15, -115, -45, 14, -20, 2, 10, -26]
[-3, -108, 11, 14, -11, -1, 7, -24]
[9, 3, 28, -47, 6, -7, -15, -21]
[-3, 7, 7, 21, -13, 0, 7, -22]
[3, 32, 13, -10, 13, -6, -4, -13]
[3, 4, 14, 12, -3, -3, -5, -22]
[13, -54, -7, 4, 22, -6, -12, -24]
[-4, 127, 15, -2, 20, 0, -4, -15]
[11, 49, 24, -33, 9, -5, -9, -11]
[-10, 26, -39, -12, -4, 2, 8, -18]
[1, -128, 2, 13, 0, 0, -3, -25]
[12, 15, 40, -28, -12, -7, -5, -19]
[-6, -49, 10, -9, -1, -1, 0, -20]
[18, 52, 66, 18, 41, -11, -14, -14]
[-15, 68, -48, 41, -16, 6, 10, -22]
[-4, 5, -69, -17, 11, 11, 13, -21]
[-3, -64, 9, -25, -7, -2, -8, -25]
[-5, 107, -6, -13, 0, -24, -22, -10]
[-9, -18, -22, 5, -5, 11, 8, -24]
[19, -128, 51, -13, 9, -3, -12, -29]
[-5, -16, -8, -3, -11, -6, -2, -20]
[-8, 111, 19, -9, -1, -8, -1, -22]
[1, -128, 3, 45, -12, 9, 3, -25]
[-4, 111, 0, -7, -13, -6, 5, -16]
[-2, 21, 11, -30, -11, 2, -1, -26]
[-11, 61, -52, 28, -28, 9, 17, -20]
[-8, 66, -7, -17, 6, -9, -11, -11]
[25, -113, 51, 16, 24, 4, -1, -26]
[-5, 28, -5, 20, 19, -1, -11, -23]
[-7, 62, -22, -22, -20, 8, 16, -24]
[-17, 127, -30, 46, 0, 4, 10, -12]
[0, 72, -4, 4, 4, 3, -4, -23]
[6, 44, 19, -25, -12, -16, -17, -24]
[7, -54, 32, -34, -6, -6, -8, -16]
[20, -2, 55, 21, 23, -7, -11, -17]
[-4, 17, 16, 2, 2, 5, 3, -20]
[-1, -113, -9, 10, 16, 1, 0, -25]
[18, -128, 28, -27, 0, 5, 5, -23]
[-16, -94, -59, 10, -18, 7, 6, -25]
[-8, 27, -36, 12, -23, 5, 15, -23]
[-16, 107, -50, 10, -18, 7, 11, -19]
[-7, -66, -8, 34, 3, 2, 1, -22]
[1, -98, -22, -29, -14, 4, 6, -31]
[4, -78, 25, 2, -5, 4, 7, -23]
[-11, -42, -14, -2, -9, 6, 10, -20]
[-11, 48, -9, 13, 2, -5, -6, -23]
[1, -127, 8, 17, 7, 4, 2, -22]
[0, -97, -22, 5, 2, 2, 4, -21]
[-7, 127, -15, 2, 8, -4, 0, -14]
[-9, 127, -23, 3, -11, 1, 4, -17]
[4, -90, 7, -11, 23, -5, -9, -17]
[-18, 127, -8, -12, 3, -11, -9, -11]
[1, -25, 2, -11, -13, 5, 4, -25]
[-5, 105, 6, -6, -1, -4, -4, -22]
[-6, -55, -34, -1, -18, 8, 13, -33]
[-11, -97, -30, -14, -48, -5, 4, -23]
[0, 18, 6, 6, -23, -3, 4, -22]
[-1, -68, 46, -9, 14, -10, -11, -28]
[-20, 19, -57, 30, -15, 9, 12, -24]
[-2, -70, -22, 20, -9, -6, -4, -16]
[2, -11, 34, 5, 7, -5, -4, -13]
[0, -99, -2, -16, 0, 0, -1, -23]
[12, 58, 21, 5, 17, -3, -3, -20]
[-4, -39, -2, -20, -29, -7, -3, -12]
[12, -20, 37, -25, 33, 0, -6, -23]
[-8, -72, -5, 12, 7, 11, 8, -23]
[2, -65, -7, 11, 17, 3, 2, -26]
[-9, 108, 3, 60, 19, -4, -4, -9]
[26, -49, 52, -52, 28, -3, -19, -23]
[3, -72, -2, -16, -3, 0, 4, -24]
[0, 28, 19, -20, 4, -2, -1, -16]
[-8, 0, -24, -6, -16, 0, 6, -17]
[-10, -55, -30, 6, -22, -2, 7, -23]
[1, -67, -6, 36, 4, -1, -3, -23]
[1, -42, -6, 5, -18, -1, 4, -25]
[-14, 127, -35, -3, -15, -10, -4, -7]
[-3, 43, 13, 8, 26, 1, -6, -22]
[11, -65, 26, -2, 10, -6, -11, -24]
[-9, 55, -25, 34, -3, 1, 4, -19]
[-18, 118, -38, -20, -30, -8, 3, -16]
[-27, 34, -80, -5, -23, 10, 12, -29]
[10, -110, 48, -9, 10, -8, -9, -17]
[-13, 6, -11, -13, -11, -5, -5, -22]
[-3, -32, 35, -8, 15, -2, -9, -24]
[1, -68, 25, 29, 0, -2, -1, -16]
[9, 67, 5, -6, 15, -4, -2, -20]
[-6, -24, -29, 11, -15, -3, 4, -19]
[1, 57, -14, 29, -20, -2, 3, -20]
[-10, -23, -79, 13, -7, 4, 6, -27]
[-15, -8, -25, 13, 11, 9, 10, -25]
[-2, -83, -43, 16, -16, -6, 1, -22]
[7, -18, 9, -19, 8, -7, -8, -17]
[2, -15, 39, -15, 11, -8, -6, -18]
[20, 48, 45, -34, 25, -16, -23, -24]
[-11, 78, -27, 2, -8, -2, 1, -17]
[3, 34, 26, -8, -7, -1, -2, -24]
[2, 60, 8, -10, 7, 6, -1, -19]
[-27, 112, -66, 30, -11, 8, 13, -9]
[2, -81, 12, 12, 3, 0, 1, -18]
[-4, -3, 25, 25, -10, 0, 2, -21]
[36, -111, 64, -23, 28, -3, -17, -29]
[-20, 92, -62, 17, -30, 9, 16, -12]
[-3, 19, 2, -15, 1, -5, -6, -23]
[8, -128, 10, -21, -14, 3, 1, -24]
[-3, 13, -13, -60, 4, 0, 3, -21]
[17, -82, 64, -7, 31, -7, -19, -24]
[4, -72, 26, -36, 2, -12, -17, -16]
[3, 36, 22, -21, 1, -5, -6, -20]
[-1, 36, -13, 7, -15, 3, 5, -22]
[2, 1, 3, 5, -4, 2, 2, -19]
[7, -72, 23, -42, 5, -11, -16, -17]
[-4, -88, -17, -10, -17, -3, 6, -25]
[-13, 63, -38, 12, -31, -2, 2, -28]
[7, 38, 7, -15, 11, -1, -2, -17]
[-2, -42, 6, -12, -5, 3, -4, -25]
[-2, 127, -8, 15, -6, 3, 5, -18]
[5, -128, 21, -20, 13, -2, 1, -26]
[7, 24, 11, -13, 0, -2, -3, -13]
[1, 68, -10, -1, -3, -3, -5, -18]
[13, 95, 58, -20, 29, -16, 14, -21]
[1, 45, -9, 3, 0, 8, 17, -20]
[2, 4, 8, -27, 1, -7, 10, -20]
[6, -44, 24, 9, 3, -6, -8, -25]
[-10, 122, -35, 11, -25, 1, 13, -10]
[-7, 59, -20, 24, 8, 15, 8, -20]
[11, -18, 48, -17, 18, -9, -19, -17]
[1, -120, 29, -20, 14, -3, -11, -26]
[-7, 77, -21, 10, -6, 2, 4, -22]
[11, -105, -20, -19, -11, 3, 1, -31]
[-8, 73, -42, 20, -13, 4, 9, -20]
[2, -118, -14, 13, -7, 2, -1, -23]
[-4, 45, -18, 6, -10, 0, 3, -20]
[-21, 4, -17, 53, 2, 3, 5, -30]
[-7, 19, 0, -31, -15, -6, -2, -17]
[-1, -23, -1, -2, 3, -5, -4, -20]
[6, 14, 49, -19, 9, -14, -17, -18]
[-9, 68, -4, 2, -3, -9, -8, -22]
[5, -85, -4, -27, 5, -2, -1, -19]
[-3, -12, -19, 25, 20, 5, 1, -20]
[0, -18, 13, 21, -5, 2, 3, -19]
[1, 8, 17, 1, 2, -3, -3, -22]
[-11, 127, -2, 20, -18, -13, -8, -17]
[19, -119, 5, -26, -4, -2, -5, -26]
[6, -60, 9, -16, 8, -2, -5, -18]
[8, -112, 37, -11, 25, -11, -21, -22]
[-6, -22, -36, 4, -21, 3, 11, -19]
[-1, 26, -4, 18, -2, -3, 1, -19]
[7, -128, 30, -11, 2, -1, -4, -23]
[4, 52, -29, -36, 4, -1, -4, -17]
[-4, 126, 30, -16, 13, -12, -20, -18]
[8, -60, 18, -15, 1, -1, -2, -21]
[-9, -102, -33, 39, -6, 17, 19, -23]
[-12, -47, -55, 25, -15, 2, 11, -14]
[1, -80, -22, -15, -1, 2, -9, -22]
[19, -88, 52, -21, 36, 2, -7, -23]
[-3, 97, 8, -14, -26, -15, -13, -13]
[21, -92, 56, -42, 15, -11, -19, -27]
[6, -85, 13, 36, -27, 5, 8, -27]
[-14, 36, -8, 11, 3, 4, 7, -16]
[8, -74, 45, -28, 25, -12, -19, -24]
[-12, -28, -60, 0, -51, 3, 13, -29]
[-5, -52, -3, 18, -7, 0, 2, -18]
[3, 127, -33, 6, -2, 8, 7, -14]
[-6, 8, -5, 21, -12, 3, 4, -29]
[-7, 104, -27, 33, 6, 3, 10, -16]
[0, 78, 28, 7, 27, -5, -9, -15]
[-3, 26, 5, 45, 24, 4, -2, -20]
[4, -10, 51, -28, 16, -8, -19, -7]
[-1, -80, -1, -36, -25, -7, 2, -22]
[-16, 46, -61, 1, -14, 7, 10, -26]
[-5, 29, -35, -32, -16, 1, 6, -24]
[-10, 110, -1, -24, 9, -5, -7, -16]
[-10, 37, -25, 6, -13, 6, 14, -11]
[-4, -23, -10, 60, 5, 1, 5, -19]
[0, 127, -21, 45, 5, -5, -2, -9]
[-25, 21, -52, -8, -39, 3, 14, -29]
[-4, 29, 7, -17, -5, -1, -5, -16]
[0, -67, 40, 9, 18, -7, -10, -24]
[0, -44, -33, -7, -32, 4, 8, -30]
[-12, 74, -16, -9, 2, -1, 4, -18]
[6, 0, 29, 7, 21, 2, -2, -24]
[-2, 120, 10, -2, -4, -14, -9, -14]
[-17, 60, -21, 16, 34, -13, -16, -18]
[0, -24, 21, -2, 7, -4, -6, -23]
[8, 27, -5, -42, -5, -5, -4, -18]
[-9, 32, -41, 38, -19, 13, 20, -26]
[16, -90, 45, -38, -16, -2, -2, -23]
[11, -75, 28, 0, 5, 2, 2, -24]
[14, -34, 31, -26, 8, -10, -13, -20]
[-17, -54, -34, 12, 9, 3, 2, -25]
[-5, -47, -5, 22, -1, -4, -3, -17]
[10, -63, 18, 27, 13, 1, 0, -22]
[-8, 127, -29, 32, 9, -4, 2, -21]
[-1, -30, 3, 12, 7, 4, -1, -19]
[21, -128, 74, -44, 22, -11, -27, -29]
[2, 73, 32, -11, 17, -1, -4, -19]
[15, -109, 34, -42, 16, -6, -9, -23]
[12, -77, -5, 28, -15, 9, 14, -32]
[19, 27, 38, -30, 3, -5, -10, -23]
[-12, 50, -11, -13, 11, 2, 2, -13]
[-7, 106, -1, -11, -5, -7, -5, -16]
[-1, -29, 2, 39, 4, -6, -9, -22]
[-17, 113, -27, 14, -11, 0, 3, -21]
[-3, -100, -35, 22, 3, 12, 9, -26]
[-17, 80, -16, 4, -11, -5, 1, -16]
[6, -54, 4, -5, 15, -4, -4, -22]
[-3, -68, -1, 7, -3, -2, 0, -18]
[-10, 112, -26, 19, -5, 2, 6, -18]
[-3, 23, 16, -14, 1, -5, -6, -17]
[-1, 75, 16, -34, -19, -9, -4, -20]
[-17, 101, -46, 22, -1, 9, 11, -11]
[7, -6, 34, -32, -1, -8, -11, -18]
[-2, -56, -12, 10, 1, 0, 5, -22]
[1, 31, 15, -6, -1, -8, -7, -23]
[44, -100, 106, -31, 47, -16, -38, -27]
[-7, 44, -38, 16, -5, 10, 16, -21]
[-3, -87, 28, -23, 3, -3, -9, -22]
[-30, 120, -116, 31, -53, 19, 36, -19]
[-5, 65, -12, 19, 21, -7, -3, -15]
[-8, 10, 7, 27, 4, 5, 3, -21]
[11, -85, 28, 7, -5, 1, -4, -24]
[9, -67, 50, -61, 0, -3, -16, -27]
[-2, -122, -18, 8, -13, 1, 0, -28]
[-1, 12, 13, 4, 23, 0, -8, -14]
[-3, 2, -20, 44, 2, 6, 7, -16]
[-2, 6, 21, 34, -17, -5, 4, -21]
[-12, 83, 2, 36, 14, -7, -5, -19]
[-4, 44, -36, -7, -14, 5, 10, -22]
[-1, -93, 24, -18, -11, -10, -2, -20]
[7, -17, 23, 36, -8, -2, -2, -17]
[-22, 127, -56, 5, -3, 1, 5, -16]
[-10, -53, -13, -3, 0, 3, 3, -22]
[1, -69, -26, -29, -13, 2, 2, -20]
[3, 15, 15, 4, -5, 3, 4, -22]
[2, -19, 26, -20, -4, -7, -13, -20]
[16, -72, 51, -22, 16, 2, -8, -32]
[-10, -39, -46, 12, -1, 2, 4, -22]
[0, 64, -33, -4, -8, 9, 6, -24]
[3, -82, 8, -14, 9, -3, -9, -22]
[-5, 2, 31, -10, 7, -8, -6, -21]
[10, -118, 28, 13, -9, 5, 5, -23]
[7, -128, 3, -19, -8, -2, -1, -24]
[2, 46, -43, 1, -2, -3, -4, -17]
[3, 104, -20, -27, 2, -9, -9, -14]
[0, -119, -18, 29, 7, 12, 12, -28]
[-14, 72, -31, 6, -20, -8, 2, -23]
[10, -24, 60, -2, 36, -9, -17, -14]
[19, -52, 48, -24, 4, -1, -4, -22]
[-3, -37, -3, -6, -4, -5, -2, -22]
[-6, -27, -11, 3, -7, 0, 4, -23]
[-18, 125, -33, -16, -12, -9, -5, -20]
[-1, -24, 9, 34, -6, 2, 0, -23]
[2, -81, -1, 1, 3, -2, 0, -20]
[-3, -128, -10, 34, -15, -2, 3, -25]
[-7, 24, -17, -27, -11, 2, 6, -20]
[3, -23, 22, -7, -11, -6, -5, -17]
[-22, 78, -56, 48, 3, 3, 3, -22]
[10, -128, 23, 3, 10, -1, -5, -25]
[11, 127, 32, 26, 43, -2, -7, -20]
[-16, 116, -32, -2, -4, 6, 9, -12]
[-2, 24, -18, -32, -18, 2, 4, -23]
[18, -22, 22, -17, 13, 0, -5, -24]
[0, 33, -17, -4, -15, -3, 4, -21]
[-4, 73, -1, -9, -7, -5, -2, -18]
[-6, 38, -5, 26, 5, 1, 5, -21]
[10, -113, 0, -14, 10, 1, 0, -24]
[-2, 97, 22, -16, -10, -6, -7, -18]
[3, 33, 1, -26, -17, -3, -3, -23]
[26, -128, 68, -6, 46, 0, -19, -35]
[7, -58, 4, 26, 8, 9, 8, -16]
[-14, -42, -54, 10, -27, 10, 13, -25]
[11, -47, 34, -20, 10, -5, -12, -23]
[-5, -98, -7, 10, 17, 4, -1, -23]
[-6, 119, -66, 20, -18, -4, 8, -19]
[-4, -66, -16, 42, 0, 0, 4, -23]
[-8, 127, -15, -29, -22, 3, 7, -20]
[-2, 71, 7, -14, 0, -1, -4, -23]
[-2, -62, 3, -24, -22, -9, -8, -22]
[-5, 16, -23, 2, -21, -7, 0, -23]
[-13, 88, -24, 17, 4, -1, 5, -14]
[-18, 124, -17, 26, 1, -4, -1, -20]
[-1, 84, -6, -7, -6, -4, -5, -18]
[10, -94, 17, -24, -6, -6, -8, -19]
[-1, -32, -54, -11, -11, 5, 6, -18]
[-14, 9, -37, 33, -27, 9, 14, -24]
[-1, -88, 4, -29, 0, 2, -6, -19]
[1, 0, 5, -15, -26, 2, 5, -27]
[-11, 71, -58, 25, -31, 6, 14, -23]
[-4, 86, 11, 35, 30, 0, -5, -20]
[3, -36, 29, -9, 17, -4, -13, -21]
[4, -128, 15, -21, -1, 6, 4, -23]
[14, -38, 51, -21, 9, -8, -11, -17]
[1, 85, 13, 39, 13, 0, -3, -16]
[11, -61, 3, -14, 2, 3, 2, -25]
[-5, -1, -9, 3, -15, 8, 5, -18]
[-1, -44, 0, -13, -2, -11, -3, -19]
[-12, 42, -2, -22, -9, 0, 9, -11]
[1, 12, -21, 8, 1, -2, 1, -27]
[-4, 67, -16, -9, 4, 0, 0, -10]
[-13, 37, -21, 4, -6, 4, 6, -22]
[-19, 127, -41, 20, -15, 9, 15, -23]
[-3, -30, 2, 41, -3, 1, 3, -23]
[-14, -28, 14, 25, 11, -6, -4, -18]
[-6, 82, -52, 8, -19, 4, 9, -21]
[1, -86, 7, -19, -8, -2, 0, -22]
[15, -128, 50, -5, 34, 0, -8, -25]
[7, -128, 32, -5, 11, -2, -6, -23]
[5, -56, 16, 9, -1, -5, -8, -20]
[-6, 79, 30, -14, 6, -11, -11, -15]
[-14, 44, -24, 30, 3, 1, 4, -25]
[-11, -54, -35, -3, -17, 7, 4, -30]
[1, 44, 15, -37, 19, -5, -14, -15]
[7, -117, -4, 5, -7, 6, 5, -27]
[-2, -17, -22, -7, -15, -2, 5, -18]
[-7, -128, -10, 40, -11, 4, 7, -30]
[-9, -57, 2, -9, 5, -7, -3, -20]
[3, 69, 12, -3, -2, -8, -10, -20]
[-2, -70, 7, -13, -9, -1, -2, -20]
[-3, 48, -11, 4, -3, 6, 7, -19]
[-15, 66, -42, -11, -4, 9, 10, -20]
[20, -87, 58, -62, 10, -13, -18, -25]
[2, 13, 13, 38, 24, 0, -8, -22]
[6, -38, -4, 53, 38, 9, 3, -23]
[-9, -66, 4, 1, -4, -1, 1, -19]
[18, -102, 30, -1, 0, -4, -8, -23]
[22, -115, 90, -63, 48, -4, -15, -23]
[-4, 85, -2, -22, -2, -6, 0, -7]
[2, 13, 31, -11, -7, -2, -5, -19]
[3, 32, 7, 17, 0, -1, -3, -22]
[-2, -76, 5, 80, 41, 8, 1, -24]
[-1, -122, -29, 3, -37, 7, 12, -27]
[-9, -52, -19, 29, -7, -5, -2, -21]
[1, -21, 23, 2, 14, 0, -3, -18]
[0, -31, -6, 15, 1, 4, -2, -22]
[7, -19, 27, -19, 16, -1, -7, -18]
[1, 53, -13, -1, 16, 6, 2, -19]
[8, -30, 50, -21, -1, -16, -16, -21]
[-15, 37, -38, 7, -30, 9, 15, -19]
[7, -50, 15, -2, -6, 1, -5, -20]
[-9, 44, -40, 42, 1, 9, 14, -10]
[-2, -8, -5, -20, 5, -7, -1, -18]
[-12, -6, -38, -4, -25, -9, -1, -26]
[1, -41, -4, -28, -34, 1, 4, -22]
[-21, 110, -49, 25, -27, 4, 10, -25]
[-4, 24, -7, 10, 5, 3, 0, -23]
[-1, 6, 10, -20, 31, -5, -7, -19]
[2, 34, 13, -2, 2, 1, 1, -21]
[-9, 16, -11, -6, -2, 5, 0, -27]
[-6, -95, -29, 13, -5, -1, -1, -23]
[6, -90, 25, -17, -3, 1, -7, -22]
[3, -13, 5, 5, 1, -2, -1, -22]
[1, -12, -11, -7, 12, 7, 6, -23]
[10, 5, 20, 32, 37, -1, -4, -19]
[-10, 2, -34, -9, -2, 6, 4, -21]
[14, -85, 8, -56, -14, -2, -6, -20]
[-16, 127, -46, 15, -24, -2, 11, -13]
[-5, 114, 8, -5, 4, -6, -8, -18]
[0, -44, 18, -17, -8, -4, -2, -24]
[-8, 20, 1, 16, 4, -4, -4, -23]
[21, -128, 36, -13, 14, 6, -2, -30]
[-5, -13, -6, -4, -10, 1, 0, -20]
[30, -128, 77, -44, 23, -11, -16, -28]
[-11, -20, -47, 3, -24, 9, 11, -27]
[15, -58, 77, -13, 38, -12, -21, -26]
[-5, -76, -17, -4, -3, 1, -8, -19]
[-6, 38, -10, -36, -28, -7, 1, -16]
[-17, -59, -12, 24, -5, 0, -1, -19]
[-11, 8, -24, 18, -15, 7, 13, -27]
[3, -14, 15, -19, -3, -2, -9, -22]
[-9, 98, -26, 15, -10, 6, 11, -20]
[-4, 60, 8, 3, 2, -2, 1, -20]
[-17, 16, -36, 32, -5, 8, 10, -26]
[-3, 38, -10, -12, -16, -1, 5, -24]
[9, -128, 11, -16, 20, -1, -11, -19]
[4, -30, 20, 29, 29, 8, 3, -19]
[-5, 23, -11, -10, -8, -4, 2, -20]
[0, 56, 17, -14, -4, -6, -4, -14]
[-13, -6, -31, 19, -12, 3, 7, -24]
[4, -116, 7, 14, -7, 2, 2, -24]
[-4, -77, -5, -32, -26, -8, -12, -24]
[6, -36, -29, -39, 1, -5, -6, -29]
[-10, -10, -2, 57, 10, -4, -4, -24]
[-5, 112, -15, 10, 9, 2, 4, -21]
[8, -56, 39, 8, 30, 0, -3, -21]
[-4, 23, -26, 10, -12, 4, 9, -24]
[1, -35, -30, 9, 8, 10, 10, -23]
[9, 28, 89, -3, 36, -6, -14, -11]
[12, 35, 24, -14, 9, -3, -11, -27]
[1, -39, -29, 14, -3, 7, 4, -23]
[-9, 58, -36, -17, -47, -1, 11, -15]
[-6, -109, -29, -7, 7, 3, 5, -22]
[6, -122, 6, -8, 19, -4, -9, -27]
[3, 66, 14, -2, 6, -3, -6, -20]
[3, -29, -5, 6, -7, -5, -4, -18]
[5, 111, 14, 26, 38, 5, -6, -17]
[-14, -11, -22, -1, -15, 2, 6, -25]
[0, -86, -5, -26, -16, -1, 0, -21]
[1, 51, -2, -16, -13, -3, -1, -19]
[9, -33, -10, 21, 9, 6, -2, -15]
[-18, 49, -73, 19, -32, -5, 5, -25]
[-3, 57, 8, 3, -13, -6, -4, -21]
[-4, 61, -6, -1, -18, -3, -1, -21]
[10, -48, 18, 6, 17, 2, -6, -19]
[-25, 47, -69, 37, -23, 15, 23, -25]
[-6, 127, 0, -3, -9, -5, 2, -13]
[7, -61, 30, -1, 8, 2, -6, -24]
[4, -114, 24, 12, 2, -2, 2, -19]
[-5, 99, -25, -2, -7, -3, 0, -12]
[-3, 80, -18, 4, 11, -10, -6, -19]
[3, -97, 39, 11, 21, 2, -5, -22]
[0, 33, -19, -4, -6, 1, 3, -22]
[31, -70, 96, -65, 36, -14, -30, -24]
[-17, -60, -42, 5, -4, 5, 7, -18]
[-16, 96, -39, -17, -25, 3, 10, -19]
[-6, 63, -16, -3, -14, -8, -1, -20]
[-3, 19, -17, 4, -6, -4, -4, -21]
[3, -98, 11, 17, 29, 0, -5, -26]
[12, -61, 21, -5, 22, -4, -13, -18]
[-8, 56, 8, 22, -5, 3, 2, -12]
[-6, -49, -12, -4, 13, 8, 1, -24]
[0, 65, 56, -37, 13, -20, -21, -14]
[-1, 24, -8, 4, 19, 2, 0, -17]
[-11, 98, -13, 6, -18, 0, 1, -24]
[4, -15, 22, -46, 20, -10, -12, -23]
[-7, 3, -19, 0, -4, -1, 0, -14]
[1, 72, 32, 11, 9, -6, -3, -8]
[-5, -13, -23, 48, 8, 5, 9, -23]
[9, -128, 25, -8, 4, 3, -1, -26]
[9, -47, 35, -24, 5, -7, -11, -21]
[-12, 69, 5, -7, -15, -2, -1, -20]
[4, -16, -1, 3, -3, 3, 3, -26]
[-5, -49, -21, 17, 5, 6, 4, -20]
[-9, -44, -24, 2, -8, 0, 2, -21]
[-8, -55, -16, -6, -17, -1, 1, -24]
[2, -54, -23, -10, -18, 4, 6, -28]
[0, 107, 1, 1, 5, -2, -4, -16]
[9, -120, 2, -17, -3, 10, 1, -26]
[-1, 127, -31, 33, 11, 2, 5, -12]
[-1, 60, 37, -10, -7, -10, -7, -21]
[14, -79, 27, -15, 10, -7, -12, -21]
[10, -39, -3, 1, 14, -8, -9, -24]
[-11, -68, -26, 36, 2, 7, 9, -22]
[22, -69, 83, -16, 34, -17, -24, -19]
[-7, -55, -31, 32, -9, 3, 10, -29]
[-2, 127, -12, -19, -16, -1, 2, -13]
[1, -125, -6, -11, -12, -3, -4, -26]
[6, -90, 21, -31, -15, 1, -3, -27]
[-10, 86, -20, -25, 3, 0, 7, -22]
[-5, 127, -23, 2, -9, -4, -3, -19]
[2, -46, 13, 20, 5, -4, -4, -19]
[12, -27, 31, 6, 17, -10, -17, -19]
[-3, -50, -6, 20, -16, -5, -1, -22]
[6, -106, 16, 2, 5, 12, 5, -29]
[6, -101, -12, -13, -9, -10, -6, -27]
[4, 91, 32, 27, 10, -6, -8, -20]
[-16, 90, -29, 19, -15, 1, 6, -21]
[-7, 68, -10, -5, -17, 2, 8, -19]
[-18, 6, -10, 3, -13, -6, -3, -15]
[9, -80, 14, 2, 7, -6, -7, -21]
[-2, -23, -13, 7, -4, -1, -5, -20]
[1, -114, 19, -27, 10, -10, -11, -21]
[2, -11, 22, 12, 4, 2, -1, -18]
[7, 25, 14, -12, -5, -4, -4, -21]
[-7, 82, -11, -5, 0, -3, -5, -19]
[-3, -77, -2, -6, 5, 1, -5, -23]
[-7, 77, -53, 9, -6, 5, 9, -11]
[-8, -55, -26, 2, -20, 4, 10, -20]
[8, -115, 21, -25, 5, -3, -5, -22]
[8, -102, 10, -12, -6, -6, -6, -25]
[-2, -43, 0, 4, -7, -1, -3, -23]
[-7, -85, -3, -6, -1, 1, 0, -27]
[6, -58, 55, 11, 28, -1, -6, -18]
[-7, 30, 12, 5, 3, -9, -10, -20]
[11, -108, -2, -12, -9, -4, 0, -24]
[-4, -43, 29, -17, 8, -11, -12, -17]
[-1, 22, 11, 3, -2, 3, 0, -17]
[18, -16, 57, -54, 18, -11, -21, -19]
[-5, -25, -26, 48, -12, 9, 8, -22]
[5, -96, -4, -10, -14, 2, 3, -25]
[6, 11, 1, 2, 16, -5, -6, -23]
[-9, 38, -18, 7, -12, 7, 9, -21]
[13, -33, 47, -28, 18, -7, -14, -19]
[-11, -56, -22, -2, -21, 3, 7, -21]
[13, -76, 1, -27, -6, 6, 3, -29]
[-17, 22, -47, 37, -10, 4, 10, -17]
[-3, -89, 2, 6, 10, -1, -3, -21]
[-5, 11, -5, -1, -8, 0, 2, -23]
[-10, 101, -26, 24, -8, 3, 9, -22]
[9, -128, 20, -14, 7, 0, -7, -29]
[-6, -122, -30, 12, -6, 16, 15, -30]
[-7, -54, -12, -13, -10, 1, 1, -23]
[-1, 55, -8, 6, -13, -5, -4, -21]
[0, -6, 0, 14, -4, -5, -1, -19]
[2, 103, 29, -19, 16, -13, -15, -14]
[1, 67, 8, -11, -3, -7, -6, -23]
[-5, -5, 6, 7, 14, -3, -2, -23]
[7, -55, -15, -12, -9, -2, -1, -21]
[1, 14, -12, 7, -8, 1, 5, -24]
[-5, -8, 6, 5, 9, 4, 3, -27]
[5, -71, 7, -13, 2, 5, 0, -17]
[-4, -58, 20, -24, -3, -4, -4, -23]
[-2, -60, 14, 11, -6, 4, 2, -23]
[12, -98, 43, -29, 7, -6, -13, -19]
[-4, -100, -54, 20, -9, 2, 6, -18]
[-4, -84, 17, -6, 18, 0, -3, -24]
[-10, -36, -8, 25, -11, 3, 5, -23]
[-3, 7, 11, -2, -5, -3, -6, -21]
[-10, 71, -16, 1, 15, -4, -3, -23]
[-3, -50, -6, -5, 0, -1, -5, -22]
[5, -128, 8, 5, 16, -2, -6, -25]
[-5, 75, -12, 11, -23, 3, 4, -20]
[15, -89, 50, -28, 28, -12, -16, -22]
[2, -21, -14, -17, 15, -7, -12, -18]
[14, -45, 15, -10, -3, -6, -13, -37]
[-9, -29, -35, 0, -36, -2, 10, -18]
[12, -42, 18, -10, 8, -7, -10, -19]
[-10, 71, -10, -5, 4, 3, 4, -16]
[-3, 66, -17, 4, -6, 0, 5, -14]
[9, 1, -25, 1, -13, 2, 4, -19]
[-3, -36, 11, -10, 2, 1, 1, -25]
[-1, -5, 4, 2, -1, -4, -6, -22]
[-4, -27, -8, 10, -1, 3, 3, -22]
[-8, 22, -58, 23, -28, 13, 20, -19]
[-5, -78, -16, 0, -17, -2, 6, -22]
[2, -25, 6, -9, 2, -5, -9, -27]
[-2, -60, 3, -18, -11, -3, -2, -19]
[-2, 14, -2, -5, -7, -2, 3, -25]
[-9, 127, -6, -6, 20, -6, -7, -17]
[-4, 96, 2, 0, -1, -3, 1, -16]
[15, 37, 42, -45, 23, -11, -16, -15]
[-10, 56, -45, 24, -23, 10, 19, -25]
[-4, 5, -16, 23, -6, 8, 10, -19]
[0, -98, 12, -4, 4, -3, -4, -19]
[-7, -26, 3, 13, -7, -4, -1, -24]
[-8, 64, -14, 19, 22, 10, 3, -21]
[-3, 48, -15, 52, 4, 2, 2, -21]
[30, -85, 88, -55, 16, -13, -23, -21]
[-4, 67, -22, -15, -11, -2, 3, -12]
[3, -13, 0, -14, -11, -7, -3, -24]
[-5, 66, 5, 10, -3, 2, 3, -23]
[11, -49, 16, -24, 4, -2, -5, -27]
[-2, -128, 7, 7, 4, 5, 3, -19]
[-1, -108, -9, -14, -21, 2, 2, -25]
[-1, 101, -15, -1, -2, -1, 1, -19]
[0, -114, 2, 5, -3, -7, -5, -21]
[-7, 127, 9, -3, 14, -7, -6, -14]
[7, -52, 15, 2, 15, 3, -3, -19]
[-3, -44, 6, -1, -13, -4, 3, -23]
[-5, -18, -12, 1, -9, 5, 3, -24]
[-10, -46, -37, -7, -19, -4, 4, -32]
[-8, 109, -25, 5, -1, 0, 2, -21]
[5, 40, 14, -2, 9, -1, -4, -20]
[2, -43, -18, -8, -11, -3, -3, -19]
[23, -128, 59, -35, 22, -7, -17, -29]
[-1, -128, 17, -4, 2, -1, -8, -21]
[6, -72, 32, 2, 14, -1, -3, -21]
[-21, 60, -72, 27, -37, 9, 21, -30]
[-14, 87, -34, 19, -7, 4, 4, -26]
[4, 3, 15, -13, 2, -6, -7, -23]
[8, -128, 32, -14, 6, -7, -5, -20]
[-6, 103, -23, 9, -10, 1, 10, -18]
[14, -128, 31, -19, 6, -6, -9, -23]
[-7, -35, 8, 4, 8, -5, -6, -20]
[-4, 17, 10, 4, 9, 0, -3, -18]
[16, -118, 53, -26, 21, -4, -13, -20]
[-15, 103, -16, 9, -4, -6, -4, -13]
[7, -82, 1, 18, 2, 1, -1, -21]
[0, -116, -7, -22, -7, 3, 5, -26]
[2, -64, 17, -20, 11, -7, -9, -33]
[-10, -91, -28, 15, -5, -4, 8, -19]
[6, 31, 5, 4, -2, 2, -1, -23]
[1, 116, -8, -1, 9, 0, -3, -12]
[25, -42, 83, -55, 44, -17, -35, -20]
[-6, 7, -23, 19, -16, 4, 10, -20]
[4, -21, 31, 4, 8, 1, -10, -20]
[-5, 26, 0, -2, 1, 1, 2, -23]
[-3, -53, -16, 1, 1, 0, 1, -20]
[-4, -102, -19, 21, -5, 11, 10, -32]
[4, -66, 18, -12, 6, 0, -6, -23]
[4, -57, 3, -9, -7, -4, -4, -20]
[0, 26, 0, -1, 1, -4, -1, -18]
[1, 92, 17, -24, 8, -6, -3, -10]
[-10, 118, 9, -10, -15, -10, -6, -14]
[-6, -25, -18, 7, -14, 5, 6, -26]
[9, -76, 52, 12, 17, -6, -14, -23]
[0, -9, -9, -4, 0, 1, 2, -20]
[-1, 127, 27, -6, 15, -13, -17, -16]
[-7, 98, -34, 25, 8, 7, 13, -22]
[5, -41, 3, -6, 3, 1, 0, -22]
[-3, -114, -5, 14, 9, -2, -1, -20]
[-9, -105, 5, -4, -2, -4, -5, -22]
[-5, 11, -27, 16, -7, 4, 8, -18]
[7, -128, 26, -22, 10, -6, -10, -24]
[-6, 8, -12, 7, -8, -2, 1, -19]
[-5, 23, -13, 9, 0, 2, -1, -18]
[-4, 25, -10, 1, -2, 1, 2, -12]
[1, 66, 29, -5, 17, -5, -9, -8]
[-7, -65, -12, 2, -5, 4, 6, -23]
[-8, -39, -14, 12, -7, 7, 1, -22]
[-1, 103, 10, 13, -4, 0, 3, -19]
[-7, -28, 3, -12, -10, -3, 0, -24]
[-18, -37, -96, 44, -38, 18, 31, -39]
[-17, -43, -41, 7, -10, 0, 5, -28]
[19, -128, 43, -15, 1, -3, -8, -30]
[4, 58, 19, -8, 7, -3, -4, -17]
[13, -64, 36, -16, 19, -4, -7, -17]
[-22, 98, -84, 21, -39, 7, 20, -25]
[3, -37, 16, -28, -3, -9, -5, -18]
[-2, 97, -2, 11, -5, 5, 6, -14]
[0, 71, 37, -12, 9, -8, -9, -15]
[20, -32, 81, -27, 34, -14, -24, -17]
[4, -128, -21, 6, -12, -2, 5, -24]
[-9, -82, -26, 10, 1, 6, 5, -23]
[-12, 14, -25, -10, -2, 3, 5, -24]
[-3, 103, -22, 3, -10, 1, 7, -19]
[-4, 19, -3, 6, -1, -4, 2, -16]
[2, -87, 7, 2, 11, -3, -3, -23]
[13, -62, 17, -9, 10, 4, -11, -25]
[-4, 20, 1, -23, -3, -9, -3, -16]
[-4, 55, 13, 19, -10, 1, -1, -30]
[-6, -113, 2, -9, -10, -2, -3, -26]
[-6, 70, -21, 34, -11, 0, 5, -17]
[0, 79, -16, -6, 2, -2, 4, -18]
[-4, 24, -10, 1, -2, -4, -4, -17]
[-3, 10, 4, 7, -6, 13, 5, -16]
[8, 53, 11, 0, 8, -12, -10, -19]
[4, -35, 8, -2, 7, -3, -2, -21]
[3, 15, 10, -11, -2, -10, -3, -23]
[6, -128, 6, -8, 2, 4, 0, -27]
[-8, -32, -58, 10, -27, -3, 10, -22]
[10, -112, 31, -9, 8, 5, 2, -20]
[-7, 127, -9, 33, -12, 0, 1, -19]
[-32, -4, -72, 27, -21, 1, 10, -25]
[-3, -28, -10, -6, -4, -3, -1, -16]
[2, -10, -1, -6, 12, 1, -2, -20]
[-13, 127, 10, 1, 25, -5, -14, -1]
[3, 1, 31, -16, 18, -11, -18, -15]
[5, 62, 21, -24, 13, -3, -10, -19]
[4, -128, -4, 4, 10, 1, 7, -29]
[2, -72, -4, -14, 14, 3, -6, -22]
[9, -70, 23, 7, 2, 0, -5, -26]
[4, -46, -7, -6, -8, -4, -6, -22]
[-2, 51, 5, 6, -8, -2, 0, -12]
[-11, 89, -19, 10, 13, 6, 1, -24]
[-3, -38, -14, 6, -4, 4, 6, -26]
[-5, 65, 1, 40, 14, 4, 7, -26]
[45, -128, 116, -43, 77, -21, -49, -23]
[-3, 89, -16, 19, -12, -6, 3, -17]
[-4, 5, -15, -12, -14, -7, 1, -23]
[-9, -3, -62, 38, -13, 26, 15, -44]
[-14, -54, -23, 11, -31, 7, 19, -20]
[-3, 93, -1, 25, -18, -2, 7, -15]
[-1, 55, 14, -9, 8, -3, -3, -18]
[6, -92, 33, -34, 16, -15, -17, -26]
[2, -10, 3, -14, -4, 0, -9, -20]
[-2, -33, 19, -23, -10, -11, -4, -15]
[-16, 63, -24, 12, 0, -7, -2, -23]
[-4, -55, -5, 7, 13, 2, 0, -16]
[9, -92, 2, 0, -4, 3, 1, -22]
[11, 6, 74, -6, 14, -14, -22, -18]
[13, 2, 16, -17, 7, -3, -3, -17]
[1, 66, -2, 13, 2, -3, -2, -22]
[10, -86, 49, -30, 8, -13, -12, -18]
[1, 74, 9, 3, -16, -6, -2, -18]
[3, 127, 13, 3, 0, 1, 0, -13]
[-3, -22, 17, 15, 30, 4, -2, -26]
[-7, 96, -31, 6, 4, 1, 1, -20]
[-6, 31, -11, -15, 14, 2, 0, -26]
[14, -128, 37, -16, 9, -5, -8, -20]
[3, -126, 9, 13, 16, -4, -3, -21]
[-2, -34, -1, 16, -2, -6, -2, -18]
[-7, 17, -34, 0, -23, -2, 2, -23]
[-14, 103, -53, 52, -25, 11, 21, -9]
[-7, 52, -32, -9, 10, 1, 0, -22]
[2, 108, 16, -11, 8, -8, -11, -15]
[9, -119, 37, -8, 18, 0, -10, -22]
[11, -14, 52, -28, 18, -12, -18, -16]
[-9, 37, -24, -1, -17, -2, 9, -15]
[1, 57, 20, -14, 0, -11, -9, -16]
[4, 42, -8, 2, -4, 3, 4, -23]
[-1, -119, -29, 7, -24, 6, 8, -24]
[1, -24, -13, -9, -5, -7, -4, -21]
[-11, -128, -36, 8, -34, 6, 15, -33]
[6, 20, -12, 4, -8, 0, 4, -18]
[5, -94, -9, -3, -5, 6, 3, -24]
[3, 82, 28, -2, 18, -1, -4, -23]
[-2, 117, -18, 2, -3, 0, 4, -19]
[-1, -1, -9, 8, -4, 3, 0, -20]
[1, -92, 7, -1, 1, -1, -1, -29]
[-23, 97, -85, 46, -46, 15, 27, -29]
[-1, -81, -1, 6, 7, -4, -5, -18]
[13, -40, 24, 3, 13, 3, -1, -19]
[5, -96, 48, -8, 14, -10, -15, -20]
[14, -67, 34, -26, 15, -1, -6, -24]
[7, -85, 22, -1, -3, -1, -7, -22]
[0, 100, -2, -11, 2, 1, 0, -18]
[30, -68, 86, -35, 29, -15, -27, -23]
[-3, 14, -21, 12, -19, 10, 13, -27]
[-10, -34, -11, 4, -4, 1, 1, -23]
[-9, 89, -21, 1, -17, -4, 7, -11]
[-7, -25, -20, -17, 1, 1, 2, -22]
[-5, -94, -10, 31, -3, 5, 7, -24]
[-7, 73, -8, 11, -8, 2, 0, -18]
[-8, -97, -48, 5, -13, 10, 14, -23]
[-6, 1, -9, -17, -14, -4, 5, -18]
[15, 83, 38, -28, 22, -12, -17, -23]
[-5, -44, -37, 14, -20, 12, 9, -37]
[2, -19, 9, -28, -4, 5, 6, -14]
[1, 45, 9, 4, 3, -4, -3, -16]
[-19, 98, -52, 7, -16, 7, 13, -28]
[-3, -59, -5, -1, -5, -3, -1, -20]
[-1, 23, -5, -10, -10, -3, 0, -17]
[17, -69, 55, -48, 25, -8, -15, -14]
[4, -122, 19, 2, -2, 7, -6, -22]
[8, 28, 17, -6, 16, -7, -9, -13]
[-3, 50, 11, 3, 7, -3, -3, -16]
[-12, 106, -32, 3, 3, -1, 1, -20]
[6, -128, -7, 7, -12, 5, 3, -32]
[0, -10, 11, 3, 15, -2, -3, -18]
[21, -32, 70, -34, 27, -20, -24, -17]
[3, -78, 8, 5, -4, 2, 1, -23]
[6, 3, 21, -14, 9, -6, -12, -17]
[-1, -128, 4, 0, 1, -1, 6, -26]
[0, 127, 9, 7, 1, -4, -6, -17]
[9, -126, 32, -18, 0, 0, -5, -23]
[-11, 73, -42, 12, 0, 4, 8, -21]
[22, -64, 88, -60, 33, -14, -31, -22]
[-14, 127, -49, 27, -30, 5, 15, -23]
[6, -63, 25, -17, 6, -2, -7, -22]
[-1, -9, 2, 9, -1, -2, 2, -21]
[-7, -105, -13, 12, -7, 3, 6, -28]
[-5, -56, -21, 8, -18, 3, 6, -23]
[5, -28, 11, -2, 17, 4, -6, -20]
[-7, -63, -65, 32, -25, 20, 24, -30]
[-12, 27, -21, -17, -12, -1, 0, -17]
[-5, 11, -2, 7, 9, -6, 0, -22]
[14, -47, 53, 3, 21, -7, -16, -20]
[13, -120, 30, -11, 14, 2, -6, -27]
[2, -65, 14, -22, 6, -7, -7, -21]
[7, 19, 7, -6, 7, 2, -4, -18]
[-2, 127, -11, 5, 1, -4, 2, -14]
[-4, -15, -2, -3, 2, 0, -1, -24]
[-12, 44, -28, 1, -19, -4, 3, -19]
[1, -46, -6, -1, -1, 0, 1, -22]
[-1, 82, -3, -1, -9, 1, 4, -15]
[-22, 57, -50, 23, -25, 0, 8, -24]
[9, -128, 15, -25, 2, 3, -1, -22]
[7, 2, 23, -5, 10, -5, -4, -19]
[0, -13, -2, 12, -5, 0, 1, -23]
[-9, 47, -23, 1, -14, 2, 4, -20]
[-3, -33, -27, 4, -1, 2, 7, -19]
[0, 38, -4, 16, 10, -1, -5, -17]
[-1, 1, 10, -5, -2, -5, -3, -19]
[-15, 6, -23, 18, -1, -10, -2, -18]
[6, -63, 22, -20, -2, -5, -8, -22]
[-5, 80, -19, -10, -6, 1, 2, -20]
[-13, 69, -31, 23, -9, 0, 7, -20]
[9, -85, 10, 9, 10, -1, -3, -22]
[12, 0, 31, -47, 7, -12, -16, -12]
[-3, -62, 7, 3, 10, 0, 1, -15]
[-6, 71, -14, 6, 7, -1, -3, -19]
[-2, 84, -7, -5, 4, -4, -3, -23]
[-5, 91, -2, -11, -8, 2, 3, -19]
[4, -128, 4, -10, -8, 0, 1, -29]
[5, -124, 32, 2, -1, -12, -7, -25]
[6, -64, 7, -5, 12, 9, 4, -26]
[-2, 14, 26, 10, 11, -6, -13, -23]
[1, -63, -2, 5, 1, 6, 2, -23]
[10, -79, 59, -43, 15, -19, -31, -16]
[-9, 127, -40, 14, -27, 6, 17, -15]
[17, -122, 60, -16, 25, -5, -11, -23]
[-1, 26, -13, -1, -2, -9, -3, -21]
[16, -128, 46, -13, 21, -3, -11, -23]
[-2, -48, -1, 1, -6, -2, 0, -22]
[0, -93, -3, -3, 1, 6, 6, -23]
[0, -80, 6, -1, 7, 6, -4, -20]
[-1, -83, -26, -8, -19, 6, 12, -35]
[0, -54, 15, -6, 14, -8, -10, -23]
[5, -39, 8, -5, -2, -2, -7, -21]
[-11, 121, -23, -21, 2, -6, -6, -20]
[-9, 16, -22, 20, -15, -5, 2, -21]
[-7, -44, -34, -3, -22, 9, 13, -31]
[-11, 61, -31, 25, -1, 6, 8, -24]
[-11, 127, -15, 3, -8, -4, 1, -22]
[-2, 49, 1, 10, 2, 0, 3, -9]
[7, -41, 22, -6, 5, -3, -5, -21]
[2, -35, 8, -5, 3, -2, -2, -20]
[9, -40, 19, -28, 2, -1, -3, -15]
[-2, -127, 11, -5, 8, 1, -2, -25]
[-8, -37, -4, 11, -11, 1, 2, -24]
[-8, -48, -27, 19, -8, 6, 8, -26]
[-3, -85, -20, 1, 3, 2, 4, -25]
[-11, -32, -45, -2, -17, 4, 13, -20]
[4, -50, 10, -4, 2, 1, -1, -27]
[-10, 26, -18, 4, -2, 0, 3, -21]
[-9, 88, -31, 48, -16, 8, 14, -14]
[-4, -40, 0, -10, -5, -2, -2, -21]
[-3, 8, -16, 13, 5, 2, 2, -24]
[11, -123, 36, -29, 9, -4, -11, -25]
[0, -10, -18, 16, -3, 7, 1, -29]
[-14, 12, -19, -9, -13, -4, -1, -25]
[1, 27, 10, -19, -14, -3, 1, -17]
[3, 4, 6, 4, 0, -4, -3, -19]
[6, -68, 2, -23, 4, -1, -6, -24]
[-5, 90, 1, 4, 6, -2, -2, -19]
[3, -118, 16, -12, -1, -1, -4, -31]
[0, 33, -14, 3, -11, 3, 6, -19]
[1, 72, -3, -14, 0, -1, 0, -18]
[-11, 25, -36, 23, -9, -1, 7, -19]
[-5, 13, -9, -1, 8, 4, 0, -27]
[-1, 56, 7, -2, 4, -2, -3, -17]
[-6, 7, -21, 1, -10, 1, 3, -21]
[-17, -2, -35, 53, -6, 6, 7, -25]
[-17, 71, -36, 39, -18, 3, 9, -14]
[-1, 88, -14, -17, -10, -13, -3, -19]
[6, -53, 9, -30, 0, -4, -3, -18]
[0, -81, 6, -12, -3, 5, 0, -27]
[-4, -127, 4, -6, 4, 0, -2, -20]
[0, 83, 8, 0, -12, 2, 2, -22]
[17, -128, 31, -12, 16, -7, -9, -24]
[-4, 14, 6, -4, 26, 3, 0, -22]
[-5, 97, -11, 16, -6, 6, 6, -9]
[1, 114, 18, -14, 8, -13, -15, -20]
[1, 7, -26, 22, -21, 7, 7, -25]
[4, -112, 10, -22, -8, -6, -3, -23]
[-2, -13, -5, 2, 8, 5, 0, -22]
[1, 23, -14, -2, -13, 1, 4, -20]
[-2, 93, 2, 1, 16, -2, -1, -14]
[-5, -42, -12, 15, -12, -1, 2, -22]
[0, -108, -1, -6, -6, 5, 2, -27]
[26, -92, 89, -30, 23, -3, -16, -28]
[3, 24, 21, -12, 14, -1, -4, -15]
[4, 43, 22, -28, 13, -1, -14, -15]
[-21, 70, -57, 12, -16, -5, 8, -21]
[5, -96, 13, -2, 5, 0, -1, -26]
[-13, -34, -20, 19, -16, 4, 5, -27]
[-3, -99, 12, 8, -11, -2, 0, -17]
[18, -96, 48, -29, 13, -12, -14, -17]
[13, -116, 33, -25, 10, -14, -15, -25]
[-8, 88, -20, 29, 1, 10, 9, -22]
[-5, 57, -51, -2, -20, 8, 10, -14]
[-14, 5, -29, -2, -19, -6, -2, -20]
[-8, 58, -7, -2, -15, -6, -4, -23]
[-11, -38, -45, 5, -3, 6, 18, -27]
[2, 47, -9, 0, 3, -9, -5, -22]
[22, -114, 59, -27, 27, 0, -11, -25]
[-5, -87, -29, -1, -13, 6, 11, -23]
[-2, -53, -18, -7, 17, -3, -1, -19]
[5, -53, -4, 14, -16, 5, 4, -37]
[-7, 25, -28, -1, -24, 4, 9, -15]
[-9, 127, -22, 14, -9, 2, 4, -14]
[-1, 88, 14, 5, 9, -2, -4, -21]
[-12, 72, -36, 13, -24, -8, 3, -15]
[8, -62, -3, -14, -12, -4, -3, -20]
[7, -108, 24, -2, 13, -2, -9, -22]
[-6, 1, -9, -12, -2, -6, -2, -11]
[4, -26, 35, -4, -2, -3, 2, -18]
[12, -114, 24, 10, 19, 9, 4, -28]
[-1, -51, -9, 16, -21, -4, -4, -22]
[-6, 93, -21, 10, -6, -1, 4, -9]
[-5, 127, -5, -14, 0, -5, -4, -16]
[-4, -56, -18, -5, -6, -5, -2, -26]
[0, -53, -2, -4, 2, 2, 0, -25]
[-8, -62, -43, 12, -20, 12, 16, -29]
[-19, 106, -49, 2, -13, 7, 8, -19]
[13, -128, 23, 22, 5, 6, 5, -30]
[6, 56, 8, -6, 0, -4, 0, -15]
[-4, 103, 17, -4, 16, -12, -13, -6]
[10, -66, 34, -16, 0, 2, -3, -22]
[-2, -23, 18, -20, -6, -3, -2, -21]
[-7, 123, -9, -1, -7, -3, 2, -11]
[21, -128, 4, -5, 33, 8, -1, -32]
[-18, -17, -33, 16, -18, 1, 12, -26]
[7, -34, 9, -5, 17, -1, -4, -23]
[-6, 33, -1, 0, -14, 0, -3, -20]
[-1, 53, -19, 3, -16, 6, -1, -10]
[2, 6, 7, -4, -7, -2, 5, -24]
[-1, 49, 27, -10, 2, -9, -10, -21]
[2, -128, -11, 0, -5, 9, 6, -38]
[-14, 86, -18, 19, 4, 1, 0, -19]
[5, -45, -15, 5, -11, -5, 7, -23]
[12, -128, 37, -11, 9, -6, -8, -22]
[-4, -111, -2, 13, -15, 5, 7, -28]
[19, 84, 64, -42, 31, -1, -17, -24]
[1, -83, -16, 8, -19, -5, 0, -22]
[11, -89, 24, -8, 13, -4, -3, -23]
[-26, 2, -83, 36, -36, 21, 33, -29]
[-9, -15, 13, -10, 6, -11, -13, -25]
[9, -93, 23, -4, 23, 13, 7, -21]
[0, 29, 27, 21, 14, -10, -6, -16]
[12, -29, 17, 3, 6, 3, 0, -19]
[3, 121, 30, -6, 7, -5, 0, -17]
[19, -82, 74, -17, 25, -18, -24, -22]
[-8, -53, -7, 20, -6, -5, 1, -23]
[9, -86, -13, 0, 5, -6, -4, -21]
[-10, 127, -16, -6, -21, 3, 10, -14]
[-16, 84, -6, 59, 10, -8, -4, -23]
[-6, -55, -26, -18, 4, 5, 1, -25]
[5, -128, 3, -23, 10, 2, -7, -21]
[-1, -23, -1, 27, -14, 9, 11, -21]
[3, -37, -27, -18, -2, 3, 7, -16]
[-1, -95, 3, -2, -6, 11, 0, -22]
[-2, 0, 5, -4, -29, -4, 4, -16]
[7, -100, 28, -24, 18, -1, -10, -22]
[-11, 127, -23, -6, 3, 3, 10, -9]
[-8, -4, -2, 5, -14, -7, -4, -20]
[-14, 66, -32, -5, 14, 3, -4, -26]
[-3, -11, -4, 13, -4, 1, 6, -25]
[13, 65, 2, 4, -5, 4, 1, -28]
[-7, 26, -17, 17, -15, -2, 4, -19]
[3, -79, -9, 19, 26, -2, -3, -17]
[12, 31, 38, -50, 3, -8, -11, -25]
[5, 4, 12, 43, -10, -3, -8, -19]
[11, -90, 14, -7, -15, 3, 2, -29]
[-4, -128, 23, 18, 0, -10, -9, -24]
[-6, 26, -13, -6, -6, -3, 2, -21]
[-9, 11, -5, -8, -1, -4, 0, -14]
[-7, 118, -33, 10, -18, 0, 1, -15]
[-3, 51, -10, -25, -17, 1, 2, -24]
[-12, -43, -18, 17, -20, -1, 8, -26]
[1, -9, 41, -5, 12, -12, -15, -16]
[-20, 57, -52, 7, -5, 5, 11, -11]
[1, 38, 3, 23, 15, -1, -1, -21]
[24, -91, 38, 8, 17, -7, -10, -25]
[-18, 13, -39, 33, -16, 9, 14, -25]
[-5, 27, 3, 0, -14, -8, -5, -20]
[-7, 74, -60, 25, -6, 15, 19, -16]
[11, -52, 20, -37, 6, -1, -4, -21]
[35, -128, 97, -53, 37, -7, -32, -19]
[-13, -50, -20, -7, 25, 1, -1, -27]
[-3, 106, 0, -27, -15, -14, -9, -17]
[-4, -65, -27, -5, -6, -7, 5, -22]
[4, 44, -2, 16, -5, 2, 7, -23]
[16, -118, 51, -6, 33, -3, -16, -25]
[-12, 24, -5, -12, -20, -4, 0, -20]
[-4, 58, 1, 14, -12, 3, 5, -22]
[-9, 45, -25, 4, -14, -1, 6, -21]
[4, 9, -24, -10, -9, 4, 4, -21]
[7, -72, -1, 6, -2, 9, 5, -22]
[-13, 46, -44, -11, -32, -4, 8, -20]
[8, 8, 24, 23, -5, -6, -5, -20]
[-3, 58, 0, -3, 22, 3, -5, -21]
[24, -128, 87, -34, 17, -9, -14, -27]
[-4, -118, -44, 11, -23, 9, 8, -27]
[-14, -7, -25, 28, -14, -1, 8, -18]
[-7, 127, 21, 6, 3, -2, -4, -17]
[-8, 90, -19, -7, -1, -2, 5, -21]
[-1, -67, -4, 13, -10, 4, 4, -27]
[4, -99, -10, -15, -19, 6, 4, -22]
[-12, 127, -41, -2, -4, -6, 0, -16]
[-3, 28, -6, -10, -15, -7, -1, -24]
[26, 24, 78, -19, 30, -14, -25, -13]
[-17, -64, -72, 15, -21, 15, 18, -31]
[5, -116, 20, -3, 12, -8, -8, -23]
[10, -26, 37, -20, 13, -5, -11, -16]
[-7, -23, -35, 1, -10, 3, 6, -19]
[3, 71, 25, -53, 12, -6, -11, -12]
[-9, -35, -36, 5, -24, 0, 7, -22]
[-3, 39, -1, 24, 9, 7, 5, -20]
[-23, -125, -22, 1, -8, 9, 5, -24]
[7, 111, 17, -6, 5, -6, -8, -20]
[12, -83, 6, -5, -5, 7, 4, -30]
[-9, 84, -37, 17, -18, 3, 13, -21]
[-2, 94, 7, 0, -3, -5, -6, -22]
[-11, 85, -20, 9, -19, 0, 8, -19]
[-3, -12, 8, -14, 18, -7, -9, -23]
[2, -20, 2, 37, -5, -1, -1, -24]
[-15, 73, -46, 6, -20, -9, 2, -25]
[-7, 33, -30, 33, -27, 6, 11, -21]
[5, 89, -22, -16, -6, -2, 3, -12]
[-18, 44, -44, 31, -13, 5, 12, -23]
[-17, -35, -28, -3, -16, -4, 4, -24]
[20, -128, 77, -18, 28, -10, -21, -18]
[-3, -58, -5, -19, -2, -3, 0, -16]
[-11, -32, -15, 4, -7, -7, -6, -23]
[7, -122, 11, 1, -10, -9, -2, -27]
[-4, -8, -5, -20, -5, -4, 2, -18]
[1, 79, -14, 10, -10, 1, 2, -25]
[9, -84, 24, -13, 6, -5, -9, -23]
[-10, 54, -24, 9, -15, -2, 5, -22]
[-1, -128, 0, 13, -12, 0, -1, -25]
[5, -29, 16, -26, 15, -6, -8, -23]
[-5, 9, -27, 5, -29, -4, 9, -26]
[-7, 106, -19, -6, 16, -4, -4, -16]
[0, 17, -3, -4, -7, 0, -2, -20]
[12, -91, 27, -12, 10, 0, -5, -22]
[3, 62, 6, 20, 16, 5, 6, -17]
[0, -25, 13, 3, 14, -7, -14, -19]
[2, -54, -12, 32, -12, 4, 5, -25]
[12, -89, 3, -12, -4, 10, -3, -35]
[-13, 70, -43, 7, -20, 4, 15, -20]
[-8, 77, -18, -17, -21, 4, 4, -16]
[-4, 46, 3, 16, -8, -12, -2, -23]
[5, 20, -15, -14, 5, -1, -3, -19]
[-18, 10, -35, 2, -28, -7, -4, -20]
[3, -50, 21, -16, 10, -5, -10, -19]
[-5, -53, 10, 29, 16, -3, -17, -23]
[-4, 40, -5, 16, 1, -1, 1, -21]
[3, 103, 5, -12, 23, 1, -9, -15]
[2, -128, -19, -24, -4, 5, 0, -28]
[-3, 15, -17, 11, 2, 4, 5, -20]
[6, -36, 13, -24, 1, -1, -3, -21]
[2, 67, 3, -43, -4, -9, -12, -23]
[-17, 15, -18, 7, -18, -7, 5, -19]
[1, -81, -1, -6, -9, 5, 1, -25]
[20, 31, 62, -17, 29, -21, -24, -13]
[2, 32, 15, -13, 2, -5, -6, -12]
[-6, -19, -18, 9, -7, 6, 13, -23]
[-6, 27, -10, -2, 10, -3, -1, -25]
[-2, 23, -8, 9, 8, 4, 2, -19]
[-21, 57, -105, 25, -51, 17, 27, -34]
[15, -113, 56, -11, 10, -3, -13, -23]
[10, -83, 26, -3, 12, -6, -6, -17]
[-1, -24, 12, -29, 19, -5, -4, -19]
[-2, 57, 9, -20, 1, -4, -4, -18]
[-12, 52, -22, 8, 0, 0, 1, -20]
[-1, -7, -1, 15, -6, 2, 2, -18]
[-7, 127, -21, -25, -2, 0, 0, -20]
[-2, 24, -2, -4, 3, -5, -3, -19]
[-13, 23, -21, 8, 10, 4, 8, -19]
[3, -24, -12, -1, -5, -3, -1, -21]
[-3, -60, -4, 31, 0, -8, 0, -25]
[-14, -62, -49, 35, -20, 12, 17, -32]
[-3, -61, -24, -6, -5, -14, -14, -11]
[-3, 26, -11, 39, -5, 3, 3, -23]
[3, 82, 2, -12, -12, -8, -2, -22]
[-10, 109, -42, 22, 8, 8, 13, -20]
[-6, 117, -11, -1, -11, -4, 4, -9]
[4, 19, 12, 14, 14, 9, -4, -16]
[0, 37, 7, 7, 10, -1, -2, -22]
[-2, -81, -7, -5, -9, -6, -2, -25]
[6, -62, 37, -30, 15, -12, -18, -26]
[-11, -63, -43, 23, -28, 14, 18, -33]
[6, -7, 6, 1, 5, 1, -8, -16]
[21, -92, 66, -12, 25, -4, -15, -23]
[-11, -65, -23, 11, -16, 4, 8, -28]
[-6, 96, 0, 10, -8, -3, -4, -8]
[1, 10, -1, -11, -8, 2, -3, -21]
[4, 110, -2, 1, 22, -7, -9, -19]
[-8, 57, -34, -1, -15, -3, 7, -21]
[11, -26, 25, -36, 1, -6, -6, -11]
[-6, 31, -27, 19, -9, 5, 10, -23]
[-6, 63, 20, 30, 2, 11, 8, -24]
[-9, 41, -31, 23, -12, 3, 9, -14]
[-6, 76, -41, 19, -20, 4, 15, -11]
[19, 65, 69, -35, 40, -14, -23, -14]
[-1, -19, -34, 8, -25, 3, 11, -28]
[-19, 126, -35, 23, -17, -2, 4, -17]
[-3, -7, 2, -15, -14, 0, 1, -27]
[-15, 60, -28, 17, 0, 5, 7, -20]
[-2, -128, 8, -1, 11, 2, -5, -26]
[-7, 50, -15, -8, -12, -3, -1, -22]
[12, -93, 46, -18, 23, -14, -19, -17]
[8, -128, -8, -15, -4, 2, 5, -22]
[6, -54, 13, -17, 6, -12, -14, -20]
[11, -78, 39, 3, 36, 10, -8, -24]
[-18, 66, -56, 4, -26, -2, 7, -26]
[8, 62, 28, -8, -2, 1, -4, -18]
[-7, -64, -1, -13, -4, -7, -4, -20]
[1, 44, 25, -14, 21, -13, -20, -16]
[-6, 114, -29, 13, -11, 7, 9, -17]
[-6, -75, -29, 9, -23, 0, 5, -27]
[-28, 35, -95, 49, -51, 21, 38, -31]
[6, -29, 7, -3, 5, -3, -5, -16]
[-3, 59, -14, -5, -20, 3, 4, -19]
[6, 35, 37, -7, 28, -11, -17, -13]
[0, -79, 3, 3, -8, -9, -8, -20]
[7, -80, -1, -11, 17, -6, -9, -26]
[10, -102, 6, -35, -8, -5, -7, -18]
[-1, 7, -13, 6, -14, 0, 0, -16]
[7, -72, 35, -14, 11, -8, -11, -19]
[-5, 123, 8, 26, 9, 5, 6, -22]
[10, -56, 29, -27, -3, -9, -5, -17]
[-15, 59, -28, -8, -11, -9, -3, -16]
[10, -18, 40, -13, -5, -2, -4, -22]
[-8, 80, -7, 33, 8, 0, -3, -22]
[11, -80, 16, -12, 23, -5, -4, -22]
[-6, -43, -25, 4, -18, 0, 4, -27]
[-6, 53, -10, -29, -17, -1, 2, -19]
[11, 20, 5, 23, 16, -4, -4, -17]
[12, 65, 29, -38, 5, -6, -9, -24]
[-7, -92, -69, 52, -9, 18, 20, -24]
[-12, 29, -24, -11, -18, 8, 15, -20]
[-5, 6, 10, 2, -26, -10, -6, -24]
[-7, 47, 7, -4, 0, -1, -3, -18]
[-5, 30, -34, -27, 0, -7, -15, -24]
[-6, 76, -11, -1, -3, 2, 6, -16]
[0, 14, -39, 2, 11, 6, 7, -17]
[-22, 127, -44, -6, -14, 7, 15, -13]
[15, -50, 57, -13, 20, -4, -11, -22]
[-15, 120, -65, -4, -33, 22, 22, -15]
[-7, 46, -57, 21, -2, 9, 10, -21]
[-6, -59, -5, 31, 13, 5, -1, -31]
[-1, -22, 9, 7, 2, 1, -2, -18]
[-13, -38, -39, 4, -22, 1, 6, -19]
[-6, -101, -31, 7, -8, 11, 20, -18]
[4, 12, 19, 36, 15, -5, -7, -12]
[-21, 125, -59, 38, 7, 15, 20, -19]
[-15, 70, -24, 22, -11, -6, -1, -26]
[7, -108, -6, -5, -14, 0, 5, -24]
[6, -128, 20, -9, -5, -1, 5, -26]
[0, -40, -16, -9, 1, -7, -12, -21]
[-9, 104, -20, -16, -33, 1, 8, -20]
[10, -128, 35, 12, 30, 5, -2, -28]
[-11, 83, -37, 12, -9, 13, 11, -22]
[2, 63, -10, -16, -18, -9, -2, -17]
[-1, -128, -17, -37, -8, 4, -3, -22]
[7, -53, 46, -13, 9, -7, -12, -18]
[-4, -31, -17, 25, -14, 3, 9, -24]
[-5, 122, 4, 9, 0, -9, -2, -18]
[-7, 48, 16, -34, -12, -7, -3, -22]
[-10, -20, -16, 21, -24, -2, 6, -25]
[5, -71, -26, 33, 5, 4, 3, -25]
[3, 68, 25, -24, -11, -8, 10, -21]
[-8, -85, -35, 29, -20, 8, 12, -30]
[-2, 66, 18, -1, 16, 1, -10, -18]
[-13, 127, -3, -36, -10, -13, -16, -14]
[-13, -53, -4, -18, -12, -7, -3, -12]
[-4, -93, -9, 11, -11, -5, -2, -22]
[-4, -31, 2, -3, 12, 1, 6, -24]
[12, -29, 45, -19, 28, -4, -3, -21]
[8, -54, 2, 7, -2, 6, -2, -28]
[-13, 127, -52, 34, -20, -1, 0, -13]
[11, -4, 54, -54, 0, -18, -15, -20]
[-15, 89, -51, -34, -19, 6, 11, -12]
[2, -43, -22, -9, -19, 4, 12, -27]
[-12, -38, -49, 5, -11, 10, 15, -28]
[-5, -62, 5, 15, -24, 5, 7, -29]
[0, 89, -17, -4, -12, 3, 2, -14]
[2, -43, -27, -16, 31, -2, -9, -21]
[-1, 41, -12, 10, -9, 2, -4, -22]
[-7, 1, 28, 1, 7, 11, 4, -24]
[0, -68, 7, 14, 5, -8, -4, -22]
[9, -128, 36, 18, -2, 5, 1, -34]
[5, -52, 19, -14, 8, 1, -3, -19]
[7, 87, -15, 25, 3, -4, 8, -13]
[3, 50, 35, -41, -3, -12, -15, -17]
[-8, 127, -16, -18, 13, -14, -29, -16]
[2, -107, 16, 10, -5, 4, 6, -26]
[4, 84, 58, -24, 15, -12, -16, -17]
[26, -72, 51, -51, -2, -13, -17, -22]
[-14, 23, -62, 23, -15, 9, 19, -20]
[2, 11, 0, 22, -3, -6, 0, -27]
[3, -33, 63, 34, 54, -4, -16, -22]
[4, -105, -6, -17, -10, -7, 0, -26]
[4, 11, 6, 12, -17, -1, 6, -22]
[1, -23, -3, 10, -15, -4, 7, -20]
[-9, 57, -40, 17, -13, 5, 13, -19]
[-9, -47, -14, 16, -2, 7, 7, -25]
[-3, 48, -4, 30, 3, 1, 1, -18]
[-6, 6, -15, -7, 9, 0, -1, -25]
[-2, 54, 25, -24, 1, -5, -7, -21]
[-19, 100, -51, 55, -23, 7, -1, -22]
[2, -30, 12, -16, 8, -4, 1, -21]
[1, 49, 18, -7, 3, 0, 0, -22]
[-8, -89, -11, -4, -5, -3, -1, -21]
[15, -60, 31, 8, 16, -4, -4, -18]
[7, -60, 22, -14, 11, 5, 0, -21]
[9, -54, -1, 11, -4, -6, -7, -21]
[11, -12, 25, -33, 9, -6, -14, -22]
[-8, 38, -34, 27, -18, 2, 12, -17]
[18, -50, 30, -38, 4, 0, -5, -32]
[-9, -22, -65, 61, 3, 6, 16, -20]
[13, -112, 23, -22, 3, -6, -8, -22]
[-25, 96, -36, 33, -37, -1, 17, -28]
[12, -22, 57, -47, 14, -8, -15, -18]
[-4, 110, -25, 8, -17, 0, 3, -21]
[-8, 127, -24, -37, -10, -6, 3, -12]
[-12, 50, 0, -30, -30, 1, 4, -18]
[26, -126, 48, -23, 20, 1, -12, -22]
[14, -45, 28, -9, 11, 0, -6, -19]
[4, -97, 29, -1, 4, -1, -5, -24]
[-1, 123, 7, -6, 5, -8, -8, -16]
[-6, -108, 0, -21, -5, -7, -3, -24]
[-18, 32, -44, 63, -18, 9, 16, -21]
[-8, 84, -23, -18, 8, 3, 5, -20]
[0, 81, 34, -27, 12, -4, -15, -18]
[-4, -92, 36, -8, 3, -13, -14, -21]
[3, -34, -9, 23, 10, 3, 0, -26]
[-2, -113, -38, -6, -32, 7, 8, -29]
[7, -30, 44, -21, 15, -9, -14, -19]
[-1, -52, -8, -17, -12, 10, 1, -25]
[1, -90, -21, -18, -21, 1, 2, -23]
[-3, -110, 0, 25, -2, 5, 5, -29]
[-9, -34, 2, -2, -3, -3, 4, -26]
[17, -21, 48, -18, 29, -2, -8, -19]
[2, -80, 14, -12, 12, -7, -5, -21]
[-7, -4, -25, -10, -3, -5, -2, -24]
[3, -5, -3, 14, 24, 8, 0, -25]
[16, -62, 37, -20, 16, -3, -7, -20]
[-11, 113, -18, 35, -10, -10, -5, -7]
[10, -34, 40, -7, 10, -4, -7, -22]
[-6, 98, -21, -7, -12, 4, 7, -21]
[-2, 94, -9, -39, -12, 0, 0, -19]
[52, -122, 95, -61, 96, -28, -50, -24]
[-14, 8, -44, 27, -55, 13, 22, -19]
[-7, 44, 11, 16, -15, 4, 0, -25]
[-4, 1, -8, -5, -19, -6, -1, -24]
[-10, -46, 21, -20, -1, -21, -19, -18]
[7, 43, 5, -2, -3, -2, 1, -18]
[7, 127, 6, -22, -4, -3, -2, -19]
[-6, -14, -12, 14, 3, 3, 1, -21]
[-5, -30, 7, -7, 2, -3, 2, -19]
[-11, -68, -36, 24, -22, 8, 12, -20]
[-2, 84, -9, 29, -4, 5, 6, -16]
[18, 23, 55, -38, 48, -7, -16, -14]
[-2, 82, -14, 30, 17, 1, 9, -18]
[-8, -50, -19, 0, -18, -1, 0, -22]
[9, -128, 23, -20, -3, -8, -3, -20]
[4, 53, -3, 36, 24, 5, -4, -23]
[-2, 5, 6, -8, 0, 5, -1, -26]
[11, -128, 22, -24, -9, -1, -4, -29]
[-14, 2, -34, 19, -12, 5, 11, -13]
[-3, -53, 3, -19, -11, -10, -13, -27]
[1, -8, -7, 35, -16, 8, 8, -23]
[-8, -31, -14, -6, 12, -8, -7, -23]
[-8, 13, -7, -31, -26, -4, 4, -23]
[-1, 32, -9, 13, -13, 1, 3, -13]
[11, -64, 36, -8, 8, -3, -10, -26]
[-14, -2, -41, -12, -17, -1, 4, -26]
[11, -48, 51, -3, 5, 5, -6, -23]
[3, -70, -3, 0, 4, 1, -2, -22]
[-6, 127, -28, 9, -10, 7, 11, -15]
[-9, 27, -16, 9, 5, 1, 3, -18]
[-7, 58, -38, -16, -13, 2, 6, -18]
[0, 108, -7, 16, 1, -2, 1, -17]
[-15, 48, -50, 4, -15, 3, 6, -28]
[6, 48, -6, 9, 3, 3, 3, -22]
[3, -76, 2, -31, 1, 0, -1, -21]
[0, 121, 37, -25, 42, -10, -16, -11]
[0, -51, -6, -3, -8, 3, 1, -22]
[12, 22, 23, 11, -1, -5, -2, -23]
[11, -6, 68, -6, 37, -17, -30, -16]
[-36, 48, -120, 30, -56, 16, 36, -21]
[16, -80, 55, -59, 15, -17, -25, -17]
[3, -55, 8, 17, 46, 5, -3, -23]
[7, -10, 13, -6, 15, -3, -8, -24]
[-10, 72, 3, -29, 6, -21, -24, -19]
[5, 74, 22, 3, -1, 0, -1, -24]
[7, -125, 19, 63, 8, 3, 1, -24]
[-7, 66, -32, 12, -14, 3, 9, -23]
[-6, 61, -23, -10, -1, 3, 3, -26]
[-9, -61, -7, 6, 4, 4, 3, -24]
[2, -46, 5, -3, 10, 1, -4, -23]
[21, -64, 93, -7, 47, -14, -28, -12]
[-5, 33, -18, 7, -20, 3, 9, -23]
[4, -90, 8, 4, 4, 0, 0, -23]
[4, 52, 0, -62, -20, -7, -8, -20]
[9, -85, 18, 27, 5, -8, -15, -19]
[-7, -62, -10, -8, -6, 4, -1, -26]
[-11, 86, -15, -13, -12, -1, 2, -23]
[5, -80, -3, -75, -50, -8, 6, -30]
[3, 19, 25, -17, -12, -6, -1, -11]
[4, 117, 27, 25, 21, -11, -16, -17]
[5, -42, -27, -5, -11, 7, 11, -37]
[-7, -59, -9, -2, -6, 4, 0, -29]
[-5, -15, -35, -2, -10, -2, 6, -22]
[2, -3, 23, -16, 2, -1, -4, -24]
[5, 74, -2, -10, 47, -4, -11, -17]
[-26, 58, -36, 13, -27, -8, 2, -20]
[8, -91, -5, 15, -20, 2, 2, -27]
[1, -41, 14, -10, 2, 1, 2, -20]
[2, -25, -6, -21, -20, -5, 1, -20]
[10, 53, 38, -48, 4, -9, -11, -24]
[5, -125, 20, 1, 3, 3, -5, -22]
[5, -65, -18, 4, -6, 4, 4, -31]
[2, -94, 7, 17, 13, -3, -11, -21]
[-4, -1, 8, 35, 15, 0, -5, -26]
[-2, 4, -25, -15, -24, 5, 6, -19]
[-5, 14, 12, -19, -14, 1, 6, -20]
[-10, -59, -24, 54, 12, 9, 17, -30]
[-1, 86, -16, -19, -4, -2, -2, -21]
[0, 48, 6, -29, -23, -2, -3, -22]
[-1, -57, 8, -27, -1, -2, -2, -19]
[24, -78, 90, -18, 52, -12, -28, -28]
[10, 40, -2, -16, 24, -6, -14, -8]
[-6, 101, -47, 16, -21, 6, 19, -21]
[-4, -27, 4, 11, -4, -6, 0, -24]
[1, -128, 7, -29, -9, 6, 3, -30]
[-12, 52, -36, 14, -27, -4, 5, -25]
[-4, 13, -28, -1, -33, 8, 9, -26]
[-3, 84, -20, 11, 20, -1, -5, -11]
[19, -78, 33, -16, 9, -2, -2, -24]
[0, 30, 19, -1, 4, -5, -10, -20]
[9, -104, 40, -4, -5, 1, -10, -29]
[-10, 2, -16, 3, -10, -2, 1, -19]
[2, -65, -14, -31, -13, 4, 7, -28]
[-8, -42, -14, -14, -20, -5, -4, -19]
[-4, 20, -33, -11, -6, 6, 8, -24]
[-6, -15, 3, -20, -12, -4, -1, -13]
[-6, 19, 6, 0, 9, 6, 2, -25]
[-6, 77, -23, -3, -3, -2, -2, -21]
[-9, 55, -17, 21, -2, -3, 0, -13]
[-10, 64, -24, -18, -49, -14, 7, -16]
[6, -125, -2, 10, -9, 2, 4, -27]
[2, -60, -10, -4, -15, -1, 1, -25]
[13, -101, 33, 11, 16, -4, -5, -20]
[-15, 42, -36, 17, -11, 0, 7, -22]
[-1, 34, 6, -31, -23, -4, -2, -21]
[7, -63, 16, -18, 2, 3, 2, -13]
[-10, 45, -19, -24, -4, -12, -8, -11]
[-5, 59, -65, 13, -22, 9, 11, -28]
[-14, 71, -29, 11, -1, -2, 1, -27]
[12, -4, 14, -1, 1, 3, 1, -24]
[-5, -128, -13, -15, -15, 6, 8, -32]
[-4, 84, 2, -3, 2, -4, -5, -23]
[3, -102, 21, -8, -20, -4, 1, -16]
[8, 87, -2, -40, -23, -6, -3, -22]
[4, -19, 28, -11, 16, -1, -5, -21]
[15, -16, 42, -16, 25, -7, -19, -14]
[18, -55, 49, -46, 18, -2, -16, -18]
[4, 127, 19, 5, 13, -6, -9, -20]
[-6, 42, -25, 46, -1, 9, 15, -25]
[-5, 66, -9, 27, -2, 1, 4, -25]
[13, 35, 22, -14, 12, -3, -6, -10]
[1, 2, 40, 9, -6, -6, -1, -17]
[6, -87, 25, 17, 1, -6, -9, -18]
[19, -12, 59, -38, 29, -15, -27, -15]
[2, -40, 21, -22, -12, -10, -3, -16]
[-9, 44, -30, -22, -15, 3, 7, -24]
[-3, -70, 0, -13, -1, -5, -10, -23]
[-1, -77, -24, -6, 9, 5, 1, -23]
[-14, -17, -12, 22, -15, -7, 3, -22]
[-3, 96, -10, 6, 0, -7, 3, -13]
[0, 127, 9, -3, -4, -1, 4, -16]
[-15, 55, -21, -23, -34, 2, 7, -12]
[4, -22, 12, -9, 1, -5, -5, -26]
[-15, -16, -33, -10, -32, -5, 3, -27]
[4, -52, 24, -8, 12, -5, -12, -22]
[-4, -104, -16, 10, -7, 4, 9, -28]
[-9, -42, -24, -21, -24, 1, 7, -23]
[-13, -25, -14, 23, -12, -7, 0, -27]
[-3, -72, -14, 0, -14, -8, -5, -21]
[10, 93, 3, -35, 1, -2, -3, -20]
[-9, 12, -8, 1, -24, 0, 1, -21]
[-5, -22, 2, 0, 12, 2, -3, -26]
[10, -83, 45, -28, 10, -6, -10, -26]
[4, -65, 15, 16, 14, -5, -8, -18]
[-8, 32, -26, 23, -22, 2, 9, -24]
[6, -128, -3, -23, 7, -2, -6, -24]
[-2, 46, 2, -18, 3, 3, 5, -13]
[15, 50, 46, -38, 7, -14, -21, -15]
[0, -9, -20, 1, -2, 6, 4, -22]
[16, -128, 28, -37, 4, 0, -4, -28]
[-16, -103, -27, 18, -16, 4, 15, -20]
[0, -96, 2, 12, -1, 1, 0, -25]
[15, -65, 68, 3, 25, -7, -15, -22]
[-1, 69, 10, 1, 32, -5, -7, -14]
[4, 59, 49, 6, 11, -2, -7, -21]
[0, 97, -10, 16, -10, 2, 7, -11]
[-4, 56, -1, -14, 8, -4, -8, -17]
[-4, 75, -8, 20, -23, 2, 6, -23]
[3, -78, 37, 28, 6, 3, -6, -34]
[-14, 52, -18, -4, -17, 1, 10, -11]
[-11, -74, -9, 5, -4, -6, 0, -24]
[1, -25, -14, 49, 13, 2, 4, -22]
[8, 56, 37, -22, 23, -9, -14, -17]
[-9, 104, -27, 3, -14, 3, 7, -12]
[1, 18, 4, -28, -14, -2, 4, -21]
[-6, 83, -4, 11, -12, -7, 1, -18]
[-2, 23, 15, -12, 1, 2, 4, -21]
[-13, -106, -51, -13, -35, 1, 10, -27]
[-2, 122, -11, -47, -17, -8, -1, -18]
[-19, 113, -60, 51, -22, 2, 10, -16]
[-5, -111, -24, 27, -4, 18, 13, -24]
[4, -18, 2, 1, -12, 6, 3, -24]
[0, 15, 3, -2, 2, 4, -2, -25]
[42, -128, 60, -9, 26, 16, -2, -34]
[8, -61, -10, -2, -10, 9, 10, -27]
[3, -30, 18, 29, 39, 1, -4, -18]
[-4, -25, 16, -22, 4, -4, -8, -17]
[20, -92, 55, -38, 5, 3, 0, -35]
[-19, -29, -80, 8, -17, -1, 5, -15]
[5, 41, -20, 8, 0, -6, -3, -19]
[4, 121, 28, 35, 29, -6, -6, -17]
[-8, -121, -20, -24, 16, 2, 1, -26]
[-1, 73, 15, -14, -9, -3, -9, -17]
[9, -69, 34, -10, 12, -12, -10, -26]
[0, -104, -29, -7, -22, 3, 9, -22]
[3, 50, 25, -26, -17, -4, -8, -20]
[-6, 73, 0, -1, -4, -10, -6, -22]
[-12, -5, -55, 4, -21, 3, 8, -26]
[-1, 127, 48, -16, 10, -13, -16, -13]
[-5, 93, -6, 50, 11, 8, 6, -19]
[-1, -43, -36, -2, -21, -8, 1, -30]
[14, -100, 38, -7, 12, 0, -6, -22]
[5, 46, 37, 25, -8, 9, -1, -26]
[14, -62, 40, -13, 24, -7, -9, -23]
[-4, 28, -2, 25, 9, 6, 7, -18]
[-1, -88, 12, -4, 18, 0, 5, -26]
[-6, 108, 15, -6, -6, -2, 2, -17]
[-6, 89, -25, 28, -6, 4, 12, -17]
[8, -92, 27, -10, 9, -7, -12, -28]
[-12, -69, -39, 4, -14, -3, 3, -25]
[12, -71, -3, -34, -8, -2, 2, -20]
[6, 127, 27, -41, 6, -19, -16, -13]
[3, 92, 19, 29, 15, -8, -14, -21]
[7, -128, 21, 1, -5, 0, -2, -23]
[11, -120, 8, -7, -6, -2, -9, -23]
[-16, 127, -15, 10, 11, -9, -5, -10]
[-1, 88, -17, 11, 7, 11, 11, -20]
[-11, 40, 6, -3, -5, -4, 4, -18]
[22, -122, 79, -29, 25, -19, -28, -23]
[6, -84, 0, -4, 16, 4, -4, -24]
[-6, 83, -14, 14, -8, 4, 8, -14]
[-11, 103, -18, -29, -6, 0, 3, -19]
[-1, -116, 10, -12, -1, -4, -5, -26]
[-8, 98, 2, 8, -18, -9, -4, -16]
[-14, 85, -21, 21, -11, 4, 12, -25]
[-5, 61, -48, 9, -20, 8, 9, -22]
[-13, 61, -43, 20, 6, 0, 5, -26]
[-7, -41, -18, 40, 1, 4, 4, -16]
[3, 29, 10, -37, -10, 0, -2, -22]
[-6, 75, -15, -36, -19, -9, -2, -19]
[6, -97, 23, 9, 27, 9, -2, -29]
[-6, 23, -23, -11, -17, -3, 5, -22]
[-4, -115, -8, 0, 17, 7, -2, -23]
[16, -28, 39, -1, 22, 0, -12, -23]
[-7, -15, -22, -22, -27, 3, 11, -21]
[-5, -65, -23, 23, -13, -4, -2, -27]
[-7, 127, -26, 52, 21, 7, 11, -14]
[-16, 79, -44, 2, -29, -9, 1, -21]
[15, -128, 58, -42, 0, -1, -4, -28]
[-2, -70, 40, 0, 3, -3, -5, -23]
[-4, -50, -17, 16, -16, -1, 9, -19]
[21, 47, 77, -50, 42, -23, -31, -15]
[-11, -9, -24, 11, 5, 6, 1, -22]
[-2, 30, -14, -22, -11, 0, 3, -24]
[-19, 127, -62, 33, -19, 15, 20, -15]
[-5, 43, -20, -12, -2, -1, -1, -22]
[-6, -68, -28, 20, -25, 7, 12, -32]
[7, -53, 16, 7, 22, -4, -14, -33]
[5, -55, 5, -15, 5, 2, 2, -20]
[4, -112, 45, -11, 45, -2, -8, -20]
[18, -128, 30, 5, 22, 13, 7, -26]
[-7, 106, -35, 6, -16, 3, 15, -17]
[7, -64, -2, -22, -15, 1, 4, -18]
[-4, 70, -12, 14, 11, 9, 9, -11]
[1, 80, 28, 8, 20, -9, -12, -19]
[-4, 47, -59, 0, -19, 10, 20, -23]
[-11, -87, -7, 4, 12, 3, 4, -20]
[-3, -63, 30, -24, -3, -12, -6, -17]
[-17, 26, -46, 6, -12, 1, 5, -19]
[-6, -101, 5, 28, -11, -5, -5, -22]
[-6, 127, -40, 6, -15, 3, 9, -15]
[-4, -31, -32, 13, -17, 6, 11, -25]
[-8, 127, 8, -28, -9, -14, -12, -11]
[8, -128, 10, 19, -1, 12, 3, -32]
