[-3, 12, -11, 8, -7, -1, 1, -21]
[-2, 0, -26, 14, 4, 3, -1, -23]
[-3, -70, -43, 17, 11, 3, 1, -27]
[3, -60, 105, 47, 14, 10, -2, -24]
[-1, 42, -41, -21, -2, -5, 1, -26]
[1, -51, -56, 9, -4, -3, -2, -22]
[2, -5, 42, -8, -5, -3, 1, -25]
[1, 83, 6, 13, -13, -1, -2, -26]
[2, -27, -5, -1, -7, -5, -2, -24]
[2, -39, -6, -13, 2, -2, -2, -24]
[-3, -45, -11, -16, -25, -8, -1, -25]
[0, -54, 3, -2, 4, -1, -2, -24]
[0, 16, 1, 4, 5, -2, 1, -26]
[-1, -2, -1, -4, 7, 2, 1, -26]
[0, -22, 2, 15, 5, -2, -4, -23]
[-1, -28, -6, 4, -4, 3, 1, -27]
[-1, -26, 7, -1, -2, -1, -2, -23]
[0, 3, -3, 13, 1, 1, -2, -24]
[1, 46, -5, -8, -1, 3, 2, -25]
[1, -1, 0, -7, -5, -1, 1, -24]
[-2, 24, -1, 22, -4, -3, 0, -25]
[-1, 43, 1, -6, 1, -1, -2, -25]
[-2, 31, -1, 2, -1, -4, -1, -24]
[4, 17, -3, 33, 7, 3, 1, -24]
[0, -21, -3, -34, -13, -4, 0, -24]
[-3, 59, 1, 20, 4, -1, -1, -24]
[2, 99, -5, 59, 23, -1, -3, -22]
[-1, 3, 1, -21, -14, -1, -2, -26]
[-2, -48, -1, -16, -4, 0, -2, -26]
[0, 44, 0, -8, 16, 2, -1, -24]
[-1, 25, -2, -4, -7, -1, 2, -24]
[1, -30, 1, -2, -2, 1, -2, -23]
[0, 4, -3, -10, -4, -1, 0, -25]
[-3, -24, 1, -4, -5, -1, -1, -24]
[-1, 17, 7, 0, 1, -1, -5, -23]
[0, -14, -2, -10, 1, 1, -3, -25]
[-1, -57, 1, -4, -1, -1, -3, -24]
[1, 5, 1, 2, 2, 3, 3, -24]
[-3, 30, 1, 1, 8, -1, -1, -23]
[2, -8, 2, 28, 8, -2, -2, -23]
[0, -14, -1, -2, -1, -1, -1, -26]
[0, 30, -2, 21, -2, -1, 1, -23]
[-1, -22, -3, -12, -7, -1, -1, -25]
[-1, 5, -31, -24, -10, -3, 0, -24]
[0, 23, 3, 4, -4, 0, 0, -25]
[-1, 18, 1, -1, 1, 1, 0, -24]
[-1, 41, -11, 2, -5, 2, 2, -25]
[1, -20, 3, 3, 21, 2, 0, -24]
[-1, 12, 3, -3, -7, -2, -2, -24]
[0, 18, -4, 7, 5, 4, -1, -25]
[-2, -9, -3, -2, -8, -6, -3, -25]
[0, -28, 6, -18, -3, -1, -3, -24]
[0, -47, 0, 30, 6, -2, -1, -25]
[-1, 16, 3, 7, -7, -1, -1, -24]
[0, 43, -1, -8, -7, -3, 0, -24]
[2, 23, 1, -1, 15, 5, 0, -25]
[-1, -20, -6, 4, -4, -1, -1, -25]
[-4, 15, -2, 0, -4, -1, -1, -26]
[-2, 14, -2, 1, -4, -1, 0, -25]
[-1, 3, 0, -17, -2, -2, -1, -24]
[0, -25, -2, -4, -12, -5, 0, -27]
[-2, -4, -1, 16, 4, 0, 2, -25]
[-2, 6, -3, -3, -6, 1, 0, -25]
[0, -2, 1, -4, -2, -3, -2, -23]
[1, -3, 0, -4, 0, 1, -1, -25]
[-1, 28, -3, 6, 0, -1, 0, -25]
[2, -28, -8, -5, -4, 0, 2, -25]
[-8, 43, -8, 1, -3, 1, 0, -24]
[0, 88, 19, 4, 4, -2, -3, -24]
[-3, 21, 4, -4, -2, -1, -2, -23]
[-1, -28, -6, 26, 3, -1, 0, -25]
[5, -16, 1, -11, -3, -1, 0, -25]
[2, 15, -2, -10, -3, -1, -3, -23]
[0, -121, 6, -9, 6, -1, -3, -25]
[-1, -5, -11, 0, -1, 0, 1, -26]
[-1, 59, 7, -8, -5, -2, 0, -22]
[-1, 28, -4, 5, 1, 0, 0, -25]
[-1, 26, -6, 7, -1, -1, -1, -25]
[0, -13, -2, -3, 2, -1, 1, -25]
[1, -12, 4, -2, 2, 1, 1, -24]
[0, 20, -6, -28, 2, 1, 3, -25]
[-1, -11, -5, -27, -11, -2, -1, -24]
[0, 10, -1, 21, -3, 1, 0, -24]
[-2, 23, -1, 6, -1, -2, -1, -24]
[-4, 74, -3, 9, -6, -1, 0, -23]
[-1, 7, 3, 22, 4, 0, -2, -25]
[3, -50, -1, -9, 3, -1, -2, -25]
[-1, -1, 3, 0, 0, -1, -1, -25]
[-1, 22, 1, -12, -15, -4, 1, -25]
[-1, -8, 1, -5, 2, -2, 0, -24]
[0, -29, 2, -2, 0, -2, -1, -25]
[0, 25, 3, -1, 12, 2, -1, -23]
[-2, 44, -5, 7, -5, 1, 0, -25]
[1, -36, 7, 11, 18, 2, -1, -23]
[-1, 12, -4, -11, -3, -3, -2, -23]
[0, 2, 0, 1, 2, 0, 0, -24]
[-1, -3, -2, -2, -3, 4, 2, -24]
[-4, 88, -18, 6, -2, 2, 1, -24]
[0, 12, 21, -2, 0, -1, -1, -26]
[1, -27, 3, 3, 3, 1, 1, -24]
[0, -12, -10, 2, -2, 0, -1, -26]
[-2, 6, 0, -1, -1, 0, 1, -24]
[-2, 17, -2, 2, 0, 1, 0, -25]
[0, 1, -26, 6, 4, 0, 0, -24]
[-2, -66, 23, -16, -4, -4, -2, -25]
[3, -54, -1, -5, -3, -3, -4, -23]
[0, -45, 10, 2, 5, 0, -2, -26]
[-1, 33, -4, -1, 1, 0, -2, -24]
[1, -22, 3, -4, 1, 0, -2, -25]
[1, 8, -17, 0, 0, 0, 0, -24]
[-1, -8, -1, -4, -6, -2, 0, -24]
[0, 28, 2, -4, 0, 2, 1, -24]
[-1, -14, 4, -4, -1, -2, -3, -24]
[0, -19, 8, -4, -4, -1, -1, -25]
[3, -36, 2, -14, 1, 0, -2, -23]
[0, 5, -3, 5, -8, -3, -5, -25]
[-1, 83, -6, -19, 0, -1, 0, -24]
[-1, -1, -1, 9, -3, -1, -1, -26]
[-2, 30, -2, -18, -6, -7, -5, -24]
[1, -48, 3, 4, -4, 0, 1, -24]
[-1, 21, 1, 11, 7, 2, 2, -24]
[-2, -13, -1, 9, -5, -2, -1, -24]
[-2, -14, -4, -6, -3, 0, -1, -24]
[-2, 31, -5, 4, -1, 0, 2, -25]
[1, -67, 5, -8, -2, -3, -2, -25]
[0, 29, -4, -2, -3, 0, 1, -24]
[-1, 1, 0, -1, 2, 1, -2, -24]
[-1, 15, -5, -4, -4, -1, 0, -25]
[1, -14, 0, -1, 3, -1, -3, -24]
[1, -66, 6, -4, 2, 0, 0, -22]
[0, -18, -11, -3, 1, -1, -1, -25]
[-1, -23, -4, -2, -5, -1, 0, -26]
[-1, 3, 2, -7, -3, -1, -1, -25]
[-2, 8, 2, -2, 1, -1, -2, -25]
[-1, 32, -5, 4, 1, 2, 0, -24]
[-2, 42, -5, -2, -1, 0, 0, -24]
[0, -30, 3, -9, -5, -1, -1, -25]
[-2, 33, -7, -3, -2, -1, -2, -24]
[-4, 20, -7, -12, -11, 0, 0, -25]
[0, -8, -3, -8, -1, 0, -1, -25]
[-1, -2, -2, 6, -11, -3, 0, -24]
[-2, 18, -2, 10, 6, 0, 0, -24]
[-2, -5, -12, 19, 4, 0, -1, -24]
[0, 27, 1, -15, -4, 0, 3, -25]
[0, -10, 0, 6, -3, -1, -2, -23]
[2, -77, 5, -2, 13, 1, -1, -26]
[0, 18, 1, -6, -6, -1, 0, -22]
[-2, -1, -5, -1, -4, 1, 2, -25]
[-4, -72, 3, 14, 0, -5, -3, -26]
[-3, 51, -8, -15, -1, 1, 0, -25]
[-2, 12, -3, -11, -5, -1, 0, -25]
[-1, 12, 0, -4, -3, -1, -1, -24]
[-2, -28, 3, 10, -5, -4, -4, -26]
[1, -33, 9, -13, -9, -3, -1, -24]
[0, 34, 3, 7, 2, 0, -1, -23]
[-1, 7, -2, -6, -6, -1, 0, -24]
[-1, -23, 1, -9, -8, -3, 0, -25]
[0, 53, 1, 1, 1, 1, 2, -24]
[-1, 3, 0, -6, -3, -2, -1, -23]
[-1, -4, 0, 5, 0, 0, 0, -25]
[-1, 5, 2, 8, 6, 1, 0, -24]
[0, -17, 2, 11, 6, -1, 0, -23]
[0, -34, 1, -7, 0, -1, -2, -23]
[-2, 11, -4, -7, -7, 0, 0, -24]
[1, -93, 4, -7, 1, -2, -4, -23]
[-3, 54, -3, -1, -2, 0, 3, -25]
[0, -20, 0, -7, 0, -2, -1, -23]
[-14, 58, -18, -5, -8, 1, 1, -25]
[6, -66, 12, -5, -2, -3, 0, -26]
[-1, 2, -9, -4, -2, -1, 0, -27]
[-1, 53, -14, -2, -3, -1, 2, -24]
[-1, 19, -3, -6, -6, -1, -1, -24]
[-2, -13, -2, -11, -6, -2, 0, -26]
[0, -13, 3, 33, 6, 0, 0, -24]
[-2, 0, -4, 4, -9, -2, 0, -24]
[0, -30, 0, -14, -1, -2, 1, -24]
[0, 3, 0, 9, 7, 1, -1, -24]
[-2, 8, -2, -2, -2, -1, 1, -26]
[1, -32, 4, 6, 2, -2, -3, -25]
[-1, 25, -1, -7, -6, -1, 1, -23]
[0, 21, -1, -26, -11, -1, -1, -24]
[1, 27, -3, -14, -5, -1, 0, -24]
[-3, -52, -1, 4, -8, -5, -3, -25]
[-1, -9, -1, 21, 5, -1, -2, -25]
[-1, 10, -2, -1, -4, 2, -1, -26]
[-1, 16, -1, 5, 5, 1, -1, -24]
[-1, -29, 3, 2, -1, -5, -3, -22]
[1, -51, 2, -1, -4, 1, 0, -23]
[0, 1, 2, -1, -5, -3, -1, -25]
[-1, 34, -2, -8, -6, -1, 0, -24]
[-1, 6, 0, 4, 5, 1, 1, -25]
[-1, 29, -1, -7, -1, -2, -1, -24]
[-3, 14, -4, -3, 8, -1, -2, -25]
[0, 3, -3, -15, 3, 4, 1, -24]
[-1, 24, -1, 26, 7, -1, 0, -24]
[-1, 9, -3, 15, -1, 0, -2, -25]
[3, -18, 2, -11, -1, -1, 0, -24]
[1, 2, -3, -2, -1, 1, 1, -25]
[-3, 100, -17, 5, -11, 1, 3, -24]
[-5, -4, 3, -5, 0, -3, -5, -27]
[2, -57, 7, -7, -3, -1, 0, -25]
[-7, 26, -11, -5, -4, -1, 0, -24]
[-1, 9, 3, -10, -1, -2, 0, -23]
[0, 16, -9, -10, -4, -1, -1, -23]
[-2, 8, -6, 1, 9, 1, 0, -25]
[1, -44, -2, 8, 5, 2, -2, -22]
[-1, 33, 1, 3, 2, -1, -1, -23]
[-1, -29, 0, -1, -4, -1, -1, -25]
[1, -47, 3, -8, 3, -2, -3, -25]
[-2, 25, -4, -10, -10, 0, 0, -25]
[0, -16, -2, -12, -4, 0, 0, -26]
[-1, 24, -1, 6, 6, -3, 0, -25]
[0, 2, 0, 1, -2, -1, -1, -23]
[-1, 7, -3, 0, -3, -2, -1, -25]
[0, 4, 0, -14, -6, -1, 0, -23]
[-2, -49, 2, 11, 3, -1, -2, -24]
[-2, 60, -6, 6, 12, 2, 2, -23]
[-2, -17, -8, -54, -30, -3, -1, -25]
[-2, 64, 2, 10, 11, 0, 4, -23]
[-2, 33, -4, 2, 6, 0, -2, -25]
[-1, -4, 8, 34, 0, 1, -3, -21]
[0, -27, 2, 2, 0, -2, -3, -24]
[0, -20, 2, 4, 7, 0, -2, -25]
[-1, 19, -1, 10, 2, 0, 1, -24]
[1, 15, -3, -4, -9, 0, 1, -24]
[-1, 19, -2, -10, -1, -2, 0, -24]
[0, -20, 2, -8, 0, -2, -9, -24]
[-1, 9, -4, 0, -2, -3, 2, -24]
[-2, -21, 1, 2, -6, -2, -3, -23]
[-1, 38, 0, -3, 0, -1, 0, -24]
[-1, 0, -4, -1, -1, -1, 1, -25]
[1, 4, -6, 0, -5, 0, 1, -25]
[1, -34, 1, -3, 1, -2, 0, -24]
[0, -17, -1, -3, 0, -1, -1, -25]
[-1, 15, -4, 12, 0, -3, -1, -25]
[-1, 27, 7, -8, -4, 0, 1, -24]
[1, -20, 1, -3, -1, 0, 1, -25]
[-2, -10, -4, -11, -5, 0, 0, -24]
[1, 2, -1, -5, -4, -1, 0, -25]
[1, 3, 1, -1, -4, -1, -1, -25]
[-1, -20, -2, 2, 5, 1, 0, -24]
[-1, 33, 0, 4, -4, -2, -1, -24]
[1, -39, 1, -3, -8, -3, -3, -22]
[0, -45, 1, -7, -9, -2, -3, -23]
[2, -49, 3, -12, -4, -1, -2, -24]
[-2, 48, -6, -4, -9, 0, 0, -24]
[-2, 12, -2, 15, 4, 0, -1, -24]
[1, 0, 0, 2, -3, -1, 0, -25]
[-2, 36, 1, 5, -1, -1, -2, -24]
[-1, -53, -4, -27, -5, 1, -3, -26]
[-1, 3, -2, 25, 4, 2, 4, -25]
[-3, -29, -4, 9, 0, 1, 0, -25]
[-1, 1, -2, -9, -6, -4, -2, -24]
[2, -1, 4, -1, -5, -2, 1, -22]
[-1, 31, -3, 3, -2, -1, 1, -24]
[0, 6, -1, -5, 2, 1, 1, -25]
[-1, 34, -1, 1, -1, -1, -1, -24]
[0, -23, 2, 0, 2, -4, -2, -23]
[-2, 4, -2, 1, 1, -1, -3, -25]
[0, 8, -3, 1, 0, 0, 1, -26]
[9, -128, 46, -7, 1, 0, -3, -26]
[-3, 62, -11, -3, -6, 0, 0, -26]
[0, -18, -22, -1, 1, 0, -2, -23]
[0, -6, 0, -1, -3, -1, -2, -23]
[1, -23, 1, -13, -5, 1, 0, -24]
[-1, -19, 2, 4, -2, 0, 1, -24]
[3, -32, 11, -4, 1, 0, 0, -24]
[2, -25, 2, 10, -5, -1, 0, -24]
[-2, -6, 4, -22, -9, -3, 1, -23]
[-3, 27, 5, 9, -4, -1, 0, -26]
[-1, -3, -1, -7, -7, -5, -7, -24]
[0, -25, 4, 2, 5, 1, 3, -24]
[1, 22, -4, -2, 1, 2, 0, -24]
[0, 17, -1, 5, 0, 0, -1, -24]
[-1, 24, -6, -5, -1, -3, -4, -25]
[0, -7, 2, 0, -7, -4, 2, -23]
[-1, -37, 0, 21, 5, 0, 0, -25]
[0, 14, -3, 19, 12, 4, -2, -25]
[-1, -16, 1, -1, -9, -2, -5, -24]
[-3, 17, -1, -14, 4, -1, 3, -22]
[-3, 3, 0, 2, -8, -2, 1, -24]
[-1, 46, -4, 2, -4, 2, 2, -24]
[-3, 41, -6, 2, -4, -1, 0, -26]
[-1, -14, 0, -4, -4, 1, 5, -25]
[0, -41, 0, -2, -1, 1, -2, -24]
[1, 10, 4, -4, 1, -1, -7, -22]
[3, -1, 1, -2, 1, 1, 0, -26]
[0, 59, 6, 0, -3, -2, -2, -24]
[-2, -22, 5, -7, 7, -2, 2, -24]
[4, -88, 20, -3, 3, 0, 0, -23]
[-1, 9, -1, -4, -1, -2, -4, -25]
[-1, 0, -4, 7, 4, 0, 0, -23]
[0, -37, -5, 6, 4, -3, 4, -24]
[-1, 42, -6, 1, -5, 0, 0, -23]
[-1, -37, 0, -7, -1, 3, -1, -24]
[-1, 7, -10, -10, -6, -4, -1, -26]
[-1, 38, -3, -6, -1, -2, -3, -23]
[0, -1, 4, 5, 1, -1, -1, -22]
[-2, -16, -3, 12, 3, -1, 0, -25]
[-1, -66, 6, -6, -1, -2, -7, -24]
[1, 0, -1, -5, -6, -2, 0, -24]
[-2, 5, -4, -8, -8, -2, -1, -26]
[-3, 13, -3, -4, 2, 2, 0, -25]
[-1, -39, -2, -7, 4, 0, 0, -23]
[0, 10, -6, -19, -4, -1, -1, -23]
[0, -13, 6, 1, 0, -1, -4, -24]
[1, -33, 0, -10, -6, 1, 0, -24]
[-2, 66, 0, -11, -11, 1, -1, -23]
[-1, 31, -7, -2, 11, 5, 0, -25]
[-4, 19, -3, 6, -7, -1, 6, -26]
[0, 47, -3, 10, -1, -1, 0, -25]
[-2, 64, -3, 18, 5, -1, -1, -24]
[-1, -56, 1, 3, -1, -2, 0, -24]
[0, -44, -1, -2, 3, 2, -2, -24]
[-1, -7, 2, -7, -7, -3, 0, -23]
[1, 17, 2, 3, 0, -1, -1, -22]
[-1, 61, -2, 4, 3, 0, -1, -24]
[0, -27, 3, -2, 1, -1, -3, -24]
[2, -128, -13, -8, 6, 0, -3, -25]
[5, -66, 6, -11, -3, -3, -3, -23]
[1, -50, 1, -4, 2, -2, -3, -23]
[-2, 20, -2, 0, -3, 0, 1, -25]
[-2, -6, -7, 0, -4, -2, 0, -24]
[2, -76, 4, -4, -4, -3, -3, -24]
[-1, -29, 0, -1, -4, -1, -1, -24]
[-2, -8, -10, -11, -1, 0, -1, -24]
[-1, 40, -6, -5, -3, 0, 2, -24]
[-1, -3, 4, 1, 5, 1, -1, -25]
[0, -7, 7, -5, -3, -1, -3, -22]
[0, -26, 0, -1, 3, -1, 0, -25]
[-2, -4, -2, 30, 2, -1, 0, -24]
[0, -24, 7, -7, -4, -3, -1, -25]
[0, -33, -3, 2, 1, -1, -1, -23]
[0, -25, 9, 5, -6, -1, -2, -24]
[0, -13, -1, -7, -1, 0, 0, -25]
[-1, 15, 2, -6, -2, -1, 1, -24]
[-2, -4, -6, -11, -2, -2, 1, -25]
[-2, 33, -4, 7, 5, 1, 0, -24]
[1, 33, -2, 6, -3, -1, -1, -26]
[1, -52, 5, 14, -1, -2, -2, -22]
[-2, 8, -1, 7, -8, -3, -1, -24]
[-2, -41, -1, -18, 4, 1, -1, -24]
[-1, -75, -2, -8, 3, -3, -3, -26]
[0, -5, -6, -2, 0, 1, 0, -26]
[-1, -52, -2, -11, -3, -1, -1, -24]
[-1, 53, -5, 24, 1, 3, 2, -24]
[0, -20, 2, -2, -2, 0, 0, -25]
[0, 7, -3, -8, -3, -1, 0, -24]
[-1, 41, -6, -8, -3, 0, 1, -24]
[0, -50, -3, -4, 2, -2, -2, -24]
[1, -17, -3, -5, -1, 0, -1, -22]
[-3, -21, -18, 1, -3, 5, 5, -28]
[-3, 15, -3, 2, -1, -1, 2, -23]
[1, -24, 6, 1, 2, -1, -4, -23]
[1, 27, -9, -11, -4, -1, -1, -23]
[-1, 21, 3, 2, 0, -1, 0, -23]
[0, -30, 0, 5, -4, -1, 0, -25]
[-1, 10, -10, 3, 0, 0, 0, -25]
[0, 9, 10, 43, 5, 2, -1, -22]
[-1, 3, 1, -13, -2, 0, -1, -26]
[0, 30, 2, 0, 1, -1, -2, -24]
[0, -27, 0, 3, 4, -1, -1, -24]
[0, -58, 3, -9, 0, -2, 0, -24]
[-1, -22, 5, 5, 2, 1, -1, -23]
[-1, 56, -4, -11, -8, -3, -1, -25]
[-1, 16, 3, -4, -1, -2, 0, -24]
[-1, 43, -13, -5, -14, -7, -3, -24]
[-2, -32, -3, -11, -3, 0, 0, -25]
[1, -66, 5, 5, 9, 0, -3, -23]
[0, -60, 2, 8, 3, -1, 1, -25]
[2, -37, 1, -7, -4, -1, -3, -24]
[1, -40, 0, 6, 5, -1, -1, -24]
[-2, -61, 0, -4, -10, -3, -3, -25]
[0, 57, -1, 6, -3, -2, 0, -22]
[-1, 36, 3, 14, 4, 1, 1, -24]
[-1, 37, -2, 5, 0, 1, 2, -24]
[1, -76, 26, -1, -3, -2, -1, -23]
[-1, -2, -11, -1, -6, 1, 0, -27]
[-2, 1, -5, -3, -1, -2, 0, -24]
[-1, 48, -7, 2, -4, 0, 2, -24]
[2, -45, -3, -15, -8, -3, 0, -23]
[-1, -60, -4, -9, -10, -2, -3, -24]
[0, 5, -2, -15, -3, -1, -1, -23]
[-1, -43, 0, -4, -1, -2, -1, -25]
[1, -23, 1, 0, 3, 2, 0, -24]
[-1, 25, -2, 10, -3, -3, -2, -24]
[-1, 48, 0, 19, 3, 0, 1, -25]
[-2, -24, -3, -3, 2, 0, 1, -25]
[1, 1, -2, -1, 0, 1, -3, -25]
[-1, 61, -24, 4, -2, -1, 0, -22]
[1, -82, 26, -3, 7, -1, -3, -24]
[1, -68, 9, -6, 3, -1, -2, -23]
[3, -97, 10, -8, -3, -3, -1, -24]
[-2, 10, -13, 1, -1, -1, 2, -25]
[-4, 111, -1, 0, -4, -1, -1, -24]
[0, -7, 0, 7, 6, 3, 1, -24]
[0, 47, -3, -16, -2, 0, 0, -22]
[-1, -35, -5, -3, -2, -3, -1, -24]
[1, -37, 4, 5, 7, 3, -1, -23]
[-1, -43, 8, 3, 1, -2, -3, -22]
[-1, 52, 0, -8, -9, 0, 0, -25]
[-2, 18, -8, 6, -8, -3, -2, -26]
[1, -35, 1, 17, 3, 0, -1, -24]
[-2, -25, -5, -6, -3, -3, -3, -25]
[1, 32, -4, 0, 0, 1, -2, -24]
[-2, 27, 2, -10, -4, -2, -1, -24]
[-1, -8, -2, -2, -4, -1, -1, -25]
[-1, 27, -4, -8, -4, 0, 1, -24]
[1, -81, 4, -21, -5, -2, -2, -22]
[2, -72, 2, -34, 7, -1, -2, -22]
[-1, -22, 3, 2, -7, -3, -1, -24]
[-3, 51, 0, 22, -9, -4, -1, -24]
[0, -76, 1, -3, 2, -4, -1, -26]
[-2, -39, -1, -6, 3, 3, -1, -25]
[0, 14, -1, -7, -12, -4, -2, -24]
[0, -3, 0, -7, 1, 2, 2, -23]
[-1, 10, -1, -9, -1, 0, 0, -23]
[1, -21, 0, -3, 3, -1, -1, -24]
[0, 21, -1, -2, 8, 0, -1, -25]
[1, 7, -4, 1, -3, -1, 0, -24]
[0, -21, 3, 2, 2, -2, 0, -23]
[0, -4, 1, 4, -1, -1, -1, -23]
[1, -47, 2, -5, 0, -2, -1, -23]
[3, 67, -1, 0, -1, -2, -11, -22]
[0, 25, -1, -2, 1, 0, 0, -24]
[-3, 4, -2, -2, -2, -1, 1, -23]
[1, -58, 5, 3, 0, -1, 1, -25]
[0, -43, -1, 1, -1, 0, 0, -24]
[0, -36, 2, 1, -1, -2, -1, -23]
[-3, 55, -3, 1, 2, 1, 2, -24]
[0, -92, 1, 12, 8, 0, -1, -26]
[-3, 63, -1, 26, 10, 1, 1, -25]
[1, -19, 0, 9, -7, -4, -2, -24]
[-1, -7, -3, -6, -9, -1, 0, -24]
[-3, -35, 3, -18, -6, 0, -1, -24]
[0, 31, -19, -9, -2, 0, 2, -23]
[-3, 2, 5, -10, -7, -1, 0, -23]
[1, 21, 0, -6, 2, -1, -1, -24]
[-1, 12, -2, 14, 3, 1, 2, -23]
[-2, -50, 0, -4, -8, 0, -1, -28]
[6, -61, 6, 12, 4, -1, -3, -22]
[-2, -9, 3, 1, 5, 0, 0, -24]
[0, 40, -5, 9, 11, 2, -2, -24]
[-1, -22, 0, -5, -5, -2, 0, -23]
[0, 30, 0, 5, -2, 0, 0, -22]
[-1, 35, 1, -12, -11, -2, -3, -25]
[0, 29, -5, -17, 2, 4, 2, -24]
[-2, 3, -2, 10, 4, -1, 0, -25]
[-3, 10, -2, -11, -5, -1, -1, -24]
[0, -29, 1, 5, 2, -3, -1, -24]
[-2, 44, -3, -13, 4, 2, -2, -23]
[-1, 54, -4, 0, -1, 1, 1, -24]
[0, 39, 0, -5, -2, 0, 0, -22]
[-1, 31, -2, -9, -6, 0, 1, -24]
[1, -10, 1, -13, -4, -3, -2, -24]
[0, -9, -1, -6, 7, 2, 1, -24]
[1, -3, -2, 7, -6, -2, 1, -24]
[-1, -12, -2, 1, 1, 0, -2, -25]
[-3, 32, -6, -4, -3, -1, -1, -25]
[0, -29, -1, 4, 9, 2, 0, -24]
[-1, -41, 3, 1, 2, -2, -1, -24]
[7, -93, 3, 5, 9, 0, -2, -24]
[-3, 23, -8, 0, 0, 1, -1, -23]
[-1, 42, -4, 2, -5, -1, -1, -25]
[1, 27, 13, 16, 3, 1, -1, -22]
[-1, 39, 5, 5, -1, 1, -2, -25]
[1, -57, -2, -14, -7, 1, 1, -25]
[-1, 43, -3, 4, -2, -1, 0, -24]
[-1, 9, -2, -4, -2, -1, 0, -24]
[-1, -11, -2, -13, -4, -4, 0, -24]
[0, -51, 2, -3, 7, -3, -2, -24]
[-2, -9, -4, -10, -9, -4, -1, -24]
[-1, 32, 1, -11, -2, -3, 2, -22]
[-2, 13, -3, -9, 3, 2, 1, -25]
[-2, 55, -6, 1, -4, 0, 0, -23]
[-1, 0, 0, -4, 2, 0, -2, -24]
[1, -32, -1, -5, -7, 1, 0, -23]
[-3, -83, 2, 0, 5, 1, -2, -24]
[-1, 107, -22, 0, -3, 6, 8, -25]
[-4, 114, -11, -5, -4, -5, -1, -23]
[-1, -102, 9, -1, -7, -2, 0, -24]
[-2, -28, 6, 7, 5, -1, -4, -24]
[5, 13, -2, -4, 2, 2, 1, -25]
[0, -6, 1, 12, -4, -5, -1, -24]
[-3, -64, 8, -15, 2, -3, -2, -22]
[-1, 23, -3, -4, -2, -1, 0, -24]
[-3, 33, -2, 4, 0, -1, 1, -23]
[2, -17, 0, 1, -4, -2, 0, -24]
[-1, 31, -2, 5, -1, 2, 0, -26]
[-3, 42, 1, -5, -1, -3, -3, -23]
[1, 61, -5, -9, 5, 3, 0, -25]
[3, 15, -1, 2, 1, -1, -1, -26]
[-1, -14, -1, -1, -1, -1, 0, -24]
[2, 20, -1, -1, -6, -1, 3, -24]
[-2, -28, -1, -5, 8, 3, -1, -24]
[1, -11, 1, 1, -1, -3, -3, -23]
[-3, -15, -4, 5, -3, 1, 0, -25]
[0, 59, -8, 2, 2, -2, 1, -24]
[0, 0, 22, -1, 4, -1, -2, -24]
[-1, 45, -9, 5, 2, -2, -1, -22]
[-3, 41, -13, 5, -3, 1, 0, -23]
[4, 40, -9, 0, -9, 1, 3, -24]
[-2, 32, -8, -8, -6, -4, -1, -26]
[-1, -105, -4, 4, -5, 0, 2, -27]
[-2, -42, 2, 6, -4, 1, 0, -25]
[0, -66, 6, -1, 12, 3, -2, -22]
[-1, 12, -7, -3, 0, 2, 2, -25]
[-1, -64, -4, 6, 15, 6, 1, -24]
[-4, 55, -7, 2, -13, -1, 1, -26]
[4, -47, 1, -4, 4, 2, -1, -24]
[2, -46, 7, 1, 0, -5, -1, -24]
[0, -10, 3, -8, -10, -2, 0, -23]
[-3, -26, -3, -9, -2, -3, -1, -26]
[-2, -128, 4, -19, 14, 1, -5, -28]
[-3, -47, -11, -12, -9, 2, 6, -28]
[-1, 10, 5, 16, 26, 3, 1, -23]
[-3, 127, -7, 0, -10, -4, 0, -23]
[-1, -31, 0, 9, 3, -4, -2, -24]
[-2, 5, -3, 12, -9, 0, 2, -23]
[1, 30, -1, 0, -4, 1, -2, -23]
[2, -57, 3, -7, -14, -3, -2, -23]
[-1, -23, 1, 2, 1, 0, 1, -24]
[-2, 27, -3, 10, -1, -1, 0, -24]
[0, -5, 0, -7, -3, 0, -1, -24]
[2, -24, 3, 4, 8, 3, 3, -24]
[-1, 55, -7, 5, -6, -1, 2, -26]
[-1, -1, 0, -5, -1, 0, 0, -26]
[-1, -21, -1, 1, -2, -1, -1, -23]
[0, -4, -2, 12, 7, 3, 2, -25]
[7, 48, -4, 2, -1, 1, -1, -22]
[4, -43, 0, -2, 0, -2, 0, -26]
[0, 27, -6, 2, 0, -2, 1, -25]
[-3, 17, 6, -2, 8, -1, -2, -25]
[-2, 34, -10, 3, -13, 1, 2, -26]
[-7, 63, -12, -2, 0, 0, 0, -24]
[-2, -99, 0, -8, -3, -2, 0, -25]
[-3, -19, -10, -7, 1, -1, -2, -23]
[-2, -11, -4, 4, 3, 2, 0, -25]
[0, -83, -1, 9, -6, 1, 2, -27]
[-4, 14, 3, 10, 7, -2, -1, -23]
[3, -78, 1, 8, 3, -2, 0, -27]
[0, 46, -1, 7, -3, -2, 0, -25]
[-2, -23, -2, -10, -2, 1, -1, -24]
[-1, 39, 0, 9, -2, 0, -1, -23]
[0, -49, 8, -4, -4, -3, -2, -23]
[-1, 34, -7, 10, 0, 0, 0, -24]
[-1, 16, 5, -8, -9, -3, -1, -22]
[-10, -31, 2, -9, 5, 0, -3, -23]
[4, -18, 1, 1, 1, 0, -1, -23]
[3, -78, 1, 9, 16, 1, 0, -24]
[-1, 47, -6, 18, 3, 0, 2, -26]
[-2, -20, -5, 1, 8, 2, -3, -25]
[-3, -49, -1, -21, -14, -4, -3, -24]
[0, 44, -5, 10, -1, 0, 4, -25]
[3, -11, 0, -6, 1, 0, -1, -24]
[2, -88, 4, 10, -7, -4, -5, -23]
[-2, -31, -3, -13, -11, -6, 0, -24]
[1, 50, -3, -6, -3, -2, -3, -24]
[-1, 11, 0, 11, -3, -1, 0, -24]
[0, -24, -1, -1, 4, 2, 1, -24]
[1, 2, 4, 0, 0, -1, -3, -22]
[-4, -32, -5, -1, -4, -3, -1, -24]
[-1, -1, -3, -5, 4, 1, -1, -25]
[1, -42, -1, 0, 6, 2, 1, -25]
[1, 0, 3, -5, -3, -1, -1, -23]
[-2, 20, -2, -2, 0, 2, -1, -24]
[-1, 74, -16, 11, -4, 3, 3, -23]
[-1, 52, -1, 8, -2, -3, 1, -24]
[0, 57, -5, 1, 0, -1, -1, -22]
[0, 12, 6, 0, -2, -1, -1, -23]
[-5, 28, -1, 3, -2, 4, 3, -26]
[3, -88, 14, -3, -1, -5, -4, -25]
[-2, -43, -4, -4, -4, -5, -2, -27]
[1, -32, 0, -2, 13, 6, 1, -23]
[-3, -17, 5, -2, -3, -3, -2, -25]
[4, -103, 3, 4, -3, -1, -2, -23]
[-4, 59, -10, -2, -8, -2, 1, -25]
[0, -2, 0, 9, 0, 0, 0, -23]
[-1, 18, -7, -3, -1, 1, 1, -25]
[-1, 23, 2, 12, 1, 1, 0, -26]
[-3, 37, -6, -6, 3, 1, 0, -24]
[6, -31, 7, -11, 5, -1, -2, -22]
[-4, 47, -7, -7, -4, 0, -1, -25]
[-2, -81, 3, -7, -4, -1, -2, -24]
[0, 18, -3, -3, 15, 1, 0, -23]
[-2, 39, -2, 29, -8, 0, 4, -24]
[3, 8, 2, -5, -6, -2, -2, -26]
[1, 35, 1, 20, -2, -2, 1, -23]
[2, 69, 8, 43, 5, -5, -5, -22]
[1, -91, 3, -14, -10, -5, -1, -22]
[-1, -47, 0, -9, 10, 4, 3, -24]
[1, -110, 5, -11, -12, -5, -4, -24]
[-3, -8, -1, -3, -16, -1, -2, -25]
[-1, 73, -2, 2, -10, -2, -1, -24]
[-3, -64, 7, 14, 7, 1, -1, -26]
[-2, 71, -7, -11, -5, -1, 1, -25]
[-2, 32, 0, 6, -1, 1, -2, -26]
[-2, -6, -2, -11, -2, 1, 0, -25]
[-5, 2, -6, 3, 3, 3, 2, -25]
[0, 28, 1, -2, -6, -4, -2, -24]
[1, -28, 3, -4, 1, -4, -5, -24]
[-1, 34, -3, -4, 0, 4, 1, -21]
[-1, -2, -1, -4, -1, -2, -2, -23]
[1, -45, -2, -4, 2, 0, -2, -24]
[1, -44, 3, -6, -3, -1, 0, -24]
[-3, -7, -5, 1, -2, -3, 0, -26]
[0, -108, -1, 0, -1, -2, 0, -24]
[0, 61, -15, 2, -4, 1, 6, -24]
[-1, -28, 5, 8, 15, 0, -3, -25]
[-9, 38, 12, -7, -4, -2, -1, -24]
[2, 5, 5, -4, -1, -1, 0, -23]
[1, -82, -22, 1, 0, -2, -4, -25]
[0, 73, 2, 5, 5, -2, -1, -22]
[-2, 1, 0, 11, 5, 1, 0, -23]
[2, -91, -13, 6, -1, -3, -4, -24]
[-2, -46, -7, 0, 0, 0, -2, -25]
[1, -34, 13, 6, 6, -2, 1, -24]
[0, -48, 4, 1, -3, 0, 0, -25]
[1, 22, 9, -4, -1, -2, -2, -22]
[0, 53, -8, -1, 8, 2, -1, -24]
[-1, 3, 0, -5, 3, 0, -2, -25]
[-1, -24, 15, -3, -7, -1, 0, -24]
[1, -48, 10, -4, 0, -3, -2, -23]
[-4, 53, -8, -21, -12, 4, -1, -24]
[2, -13, -4, 6, 5, -1, 0, -24]
[-2, 21, 2, 17, -2, -2, 0, -23]
[-3, 54, -5, 13, -3, -2, 2, -25]
[1, -85, 3, -14, 7, 8, 1, -25]
[-1, 31, -1, 40, -2, -1, 4, -25]
[-1, -29, 1, -4, 27, 5, -1, -24]
[0, 44, 9, -21, -15, -11, -11, -21]
[1, -25, 1, 29, -1, -6, -1, -23]
[-2, 43, -3, -10, 33, 3, -2, -23]
[-3, 15, -8, -14, -14, -4, 2, -25]
[1, -35, 4, 6, 2, 0, -2, -23]
[-4, 3, -5, 18, -8, 1, 0, -27]
[0, -56, 1, -11, -13, -6, -4, -24]
[-1, 43, -6, -10, 3, -1, 1, -23]
[0, 13, -1, -21, 0, -3, -2, -22]
[0, 83, -1, -13, -11, -2, -1, -23]
[-3, 1, 0, -5, 5, 1, -1, -23]
[1, -84, 3, 32, 17, 1, 0, -24]
[-2, 20, -3, -16, -12, -6, -1, -24]
[-4, 9, -6, -13, -9, -5, 5, -25]
[0, -29, -1, -2, -2, 11, 3, -24]
[-1, 27, -1, -8, -25, -11, 0, -23]
[-2, 41, -3, 23, -1, -1, -1, -24]
[-1, -15, -4, -25, -8, -4, 0, -24]
[0, 11, 2, -2, -8, -3, 0, -24]
[0, -59, 2, 3, 1, 3, -4, -25]
[-2, 63, -5, -16, -15, -7, 0, -24]
[0, 3, 1, -4, 0, -4, -2, -24]
[1, -3, 2, 13, 15, -1, -2, -21]
[-3, -54, 1, -8, -4, -2, -1, -24]
[-2, 23, -4, 0, -8, -2, 0, -23]
[-1, -15, -1, -15, -15, -2, 1, -23]
[1, -6, 3, -15, -5, -4, -2, -23]
[0, -26, 3, 19, -3, -3, -3, -23]
[-1, -20, -3, -9, -7, -3, -1, -23]
[0, 24, -3, -10, -2, -3, -2, -25]
[2, -3, -1, -22, 7, 0, 0, -24]
[0, -28, 1, 15, 1, -4, -1, -24]
[0, -50, 0, -11, -3, 0, -2, -24]
[-2, 13, -2, -2, 11, -2, 0, -23]
[0, -77, 1, -11, -9, -2, -1, -24]
[-1, -42, 0, 29, 23, 6, 0, -25]
[-2, 127, -7, 1, -16, -13, 3, -22]
[0, 10, 2, -6, 1, 0, 4, -25]
[-1, -5, -3, -4, 20, 1, -9, -22]
[-1, -23, -1, -7, -7, 1, -1, -25]
[0, 2, -1, -10, -17, 6, 2, -24]
[-1, -39, 0, 41, 31, 12, 1, -24]
[0, -6, 0, -20, -5, -3, -3, -24]
[-1, 63, 1, 2, 21, 1, 1, -22]
[1, -11, -1, -21, -7, -6, 0, -24]
[-2, 71, -3, 0, -5, -3, -1, -23]
[-2, 45, -5, -1, 4, 4, 3, -25]
[1, -20, 4, 13, 4, -4, -1, -24]
[1, -96, 1, -15, -12, -2, -6, -26]
[0, -11, 1, 27, 6, 0, -3, -24]
[-3, 42, -1, 20, -1, -6, 1, -25]
[0, 6, -2, 2, 8, 4, -1, -23]
[0, -22, 1, -9, -6, -6, -1, -24]
[0, 46, -4, -3, -5, 1, 0, -25]
[-1, 26, -2, -4, 7, -1, -3, -25]
[0, 18, -1, 4, 0, -6, -2, -23]
[0, -1, -3, 4, -10, -3, -1, -25]
[0, -59, 8, -7, -5, 0, 0, -23]
[-2, 23, -4, -3, -8, 0, -3, -24]
[-1, 54, 1, 4, 2, 1, 1, -24]
[-1, -21, -3, 5, 4, -3, -1, -23]
[0, 31, 5, 0, -9, 3, -1, -23]
[-1, 76, -28, 3, 2, 1, 2, -24]
[-2, 3, 1, -4, -12, -5, 0, -24]
[0, -16, 9, -5, -11, 1, 1, -24]
[-1, -24, 3, 6, -8, -8, -3, -23]
[-2, 41, 1, -6, -3, 1, 0, -24]
[1, -40, -11, -13, -11, -11, -5, -23]
[-2, -36, -7, 5, -13, -3, -3, -25]
[2, -69, 4, -4, 7, -1, -3, -24]
[-1, 17, -5, 24, 30, 5, 0, -24]
[-1, 23, -1, -4, -21, -6, 0, -25]
[-2, 3, -1, 12, 18, 0, -2, -25]
[-1, 13, 3, -7, -9, 7, 0, -24]
[-1, 77, -2, -2, -5, -3, 0, -23]
[0, -73, -2, 4, -1, -3, -3, -24]
[0, 24, 1, -3, -7, -6, 0, -24]
[0, -33, 0, 11, 1, -4, -1, -24]
[-1, -19, 0, -4, -6, -4, 0, -24]
[-1, -17, 3, 33, 25, 0, -1, -25]
[-1, 8, -1, -17, -3, 2, -1, -25]
[1, 34, -3, -6, 1, 6, 2, -24]
[-3, 121, -4, 3, -13, 2, 0, -24]
[1, -13, -1, -5, -13, -1, 0, -23]
[0, -46, 2, -9, 3, -1, -3, -23]
[2, -36, -2, -5, 1, 1, 0, -24]
[-1, 35, -6, -24, 2, 0, 0, -24]
[-1, 20, 0, 18, -5, -1, 0, -25]
[0, -9, 3, -4, 10, -3, -2, -24]
[1, -7, 2, -4, -2, -7, -3, -24]
[-1, -14, -2, -5, -10, -3, -1, -25]
[-1, 13, -3, -4, -8, 5, 1, -23]
[-4, 89, 4, -4, 6, -3, -2, -23]
[-4, 9, -5, 1, 2, -3, 0, -26]
[1, 22, 0, 4, -10, -4, 1, -23]
[0, 18, 4, 1, -18, -1, -1, -22]
[2, -56, 5, -2, 22, 1, -1, -22]
[-3, 44, 7, 2, -11, -2, -2, -25]
[-1, -23, -2, 10, -22, -11, -2, -24]
[-2, 74, -7, 5, 20, 8, 1, -24]
[1, -47, -1, -11, -14, -6, -4, -23]
[-2, 64, -4, -5, 30, 6, -2, -25]
[0, 3, -2, -2, -13, -3, -1, -24]
[-1, 13, -1, -11, 13, 1, -1, -25]
[-2, -49, 2, -2, -3, -1, -2, -24]
[-1, 30, 0, -2, -12, 6, 3, -25]
[-1, 51, -1, -9, 5, -3, -2, -23]
[-1, 13, 2, -6, -16, -5, 0, -25]
[2, -13, -7, -7, -6, -2, 1, -26]
[-1, -1, 6, -4, 2, -2, -3, -22]
[1, -52, 4, 13, 5, -2, -2, -23]
[2, -47, -3, -15, -1, 2, 0, -24]
[0, 15, 0, -21, 5, 5, 1, -23]
[-3, 62, -1, -31, -8, 0, -3, -23]
[0, -15, 0, 2, -2, -1, -1, -24]
[-1, 38, 3, 10, 21, -1, 0, -24]
[-2, 13, -5, 21, -2, 1, 2, -25]
[1, -75, 3, 4, 11, -4, -4, -22]
[-1, -31, 1, 40, 33, 2, -1, -24]
[-1, -22, -2, -14, -22, -4, -1, -24]
[-3, 33, 3, 5, 12, 1, -4, -23]
[-1, 18, -6, -10, -10, -3, 0, -25]
[-3, 15, 1, 2, 15, 4, 2, -24]
[0, 25, 0, -13, 2, 0, 0, -23]
[-1, 38, -1, 15, 12, 1, 0, -24]
[0, 1, 2, -2, -16, -6, -3, -25]
[0, -2, -3, -8, 0, 3, 0, -25]
[-1, -20, -2, -3, -8, -3, -1, -23]
[1, 13, -2, -2, -2, -2, 0, -25]
[0, -22, -2, -3, 10, 0, -1, -23]
[-3, 37, -3, -2, -12, -2, -2, -25]
[2, -31, -2, -3, 8, 1, -2, -24]
[2, -15, 2, -2, -12, -2, 1, -25]
[-4, 2, 6, 5, -1, -7, -2, -24]
[1, -66, -3, -4, -8, -1, -2, -25]
[0, -21, 7, -3, 20, 5, 1, -21]
[-3, 25, -4, 4, 10, 3, 0, -23]
[-4, 5, -5, -1, -6, 0, 1, -25]
[-4, 24, 7, -2, -6, -4, -2, -24]
[1, -114, 5, -7, -6, 0, -3, -25]
[-1, 18, -6, -9, -1, -2, -2, -23]
[0, -30, -20, -4, 0, 3, 1, -23]
[0, -36, -2, 1, -11, -7, -3, -24]
[0, 17, 0, -1, 7, 4, 2, -24]
[-2, -68, -9, -9, 9, 1, -2, -24]
[0, -2, 4, -5, -16, -5, -1, -23]
[2, 3, 4, -1, -6, -6, -2, -23]
[-1, 12, 0, 14, 19, 6, 1, -25]
[-1, -7, 1, -8, -12, -3, 0, -25]
[1, -69, 6, 6, 8, 1, -2, -24]
[1, -14, -2, 12, -14, 8, 0, -25]
[0, -16, 0, 17, 10, 1, -1, -24]
[-1, 79, -5, 1, -28, -3, 3, -24]
[-2, 5, -1, 11, 13, 1, -3, -22]
[-1, 69, -4, -18, 3, 10, -1, -24]
[0, -87, 1, 2, 5, -3, -5, -24]
[0, 15, 7, 17, 7, 3, 0, -25]
[1, 28, 0, 12, 8, 5, -2, -22]
[1, -16, 0, -12, 0, -1, 2, -24]
[-3, 23, -1, -8, 1, -2, 0, -25]
[-1, -18, -3, 2, -17, -6, -2, -24]
[-1, 31, -4, -29, -1, 1, 0, -23]
[-1, -99, 0, -13, 14, -3, -8, -24]
[1, -5, 3, 0, -4, -5, 2, -24]
[0, 7, 1, 11, -1, -4, 0, -23]
[0, -7, 5, -6, 11, 3, -1, -23]
[-1, 53, -4, 2, -18, 8, -1, -24]
[-3, 43, -4, 0, -5, -4, 1, -24]
[-2, 31, -1, 1, 3, 1, -1, -26]
[-4, -8, 0, 1, 14, -1, 2, -24]
[-2, 46, -1, -4, -10, -4, -1, -23]
[0, 2, -1, -9, -12, -2, -2, -24]
[-3, 46, -1, -1, -13, -3, -2, -23]
[0, -13, -1, 1, -3, -6, -1, -25]
[-1, 24, -4, -3, 4, -4, -2, -24]
[-1, 50, -6, -3, 5, 2, 1, -24]
[-3, 54, -7, -4, 13, 3, 1, -23]
[-1, -79, -3, 3, -8, -2, 0, -23]
[1, -45, 1, 0, 8, 1, 0, -23]
[-4, -35, -4, 2, -5, -4, -2, -26]
[-2, 5, 5, -14, 9, 7, -1, -25]
[-1, 6, 3, 8, -1, -3, -2, -23]
[1, -71, 1, -4, 20, 3, 0, -25]
[-1, 66, -6, 1, 6, 0, 1, -25]
[0, 10, 0, -22, -1, 0, -2, -24]
[0, 29, -2, 6, -8, 0, -1, -23]
[-2, 3, -5, -7, -13, -7, -2, -25]
[0, -40, 1, -3, 7, -1, -1, -23]
[-4, 3, 0, 4, 4, 4, 0, -23]
[-1, 43, -2, 11, -9, -2, 0, -24]
[1, -49, -4, 13, -7, -1, 0, -24]
[-1, 29, -2, -13, 18, -1, 0, -23]
[1, -54, 2, -13, 6, -6, -2, -23]
[0, -2, -1, -10, 0, 0, 1, -24]
[-1, 56, -5, -7, -9, 0, 0, -23]
[-1, -39, 0, 24, 3, 4, 0, -23]
[0, -95, 6, 21, -17, -9, -4, -23]
[-1, 48, -10, -23, -18, 2, 0, -24]
[0, -92, -3, -9, 7, -5, -3, -25]
[0, 22, 6, 41, 26, 7, 3, -24]
[2, -17, 0, -9, 16, 2, -1, -25]
[0, -33, 3, -1, 6, 1, -1, -24]
[-1, 2, 2, -12, 2, -5, -3, -23]
[-2, -29, 0, 2, 17, -1, -2, -23]
[-2, -25, -4, -2, 6, 7, 0, -26]
[-1, 46, -3, 9, -1, 0, -1, -24]
[0, -66, 3, 27, -11, 0, 0, -25]
[-1, -33, 2, 2, 26, -4, -1, -23]
[0, 35, -3, -6, -6, -1, 1, -24]
[-1, -34, 0, -13, 1, 3, -1, -23]
[-1, -84, -2, -5, 5, 11, 2, -25]
[-1, 80, -4, -10, 4, -3, 0, -24]
[0, -30, -1, -4, -7, -1, -2, -26]
[-2, 46, -4, 0, 14, 8, 1, -23]
[-1, -35, 2, 8, 4, -3, -1, -23]
[0, -41, -1, 1, -6, 1, 1, -25]
[0, -14, -2, 0, 18, 2, 2, -25]
[-2, -20, -3, 8, -2, 0, 0, -24]
[-1, -4, 1, 4, 24, 4, 1, -26]
[-3, 25, -2, 2, -1, 0, 0, -24]
[0, -2, -1, 7, -7, -5, -1, -23]
[-2, -35, 10, -8, 4, -1, -4, -24]
[1, 2, 10, 1, -6, -6, 1, -23]
[-4, 53, -4, -10, -6, -1, 1, -24]
[-1, 44, 2, -2, -4, 6, 0, -24]
[0, 7, 7, -4, -11, 0, 0, -24]
[-1, -1, 4, 2, -13, -3, -3, -24]
[-2, 32, -9, 2, 6, 2, 1, -25]
[-3, 41, -3, 5, 15, 4, 2, -24]
[-1, -6, 2, -3, 9, 4, -1, -23]
[-1, 40, -2, 7, -5, -1, -2, -24]
[1, -49, 2, 3, 13, 10, 4, -23]
[0, -16, 1, 12, 1, -4, -2, -24]
[0, 27, -5, -12, -7, -3, 3, -25]
[1, 47, 3, 1, -6, -7, -3, -22]
[-3, 87, -2, -24, -22, -5, -4, -24]
[-1, 33, -2, -13, -23, -6, -1, -24]
[-2, 77, -7, 17, 2, 3, 4, -24]
[-2, 9, -5, -11, -11, -6, -3, -23]
[-2, -41, -1, -28, 3, 2, 0, -24]
[1, 13, 2, 0, -7, -4, -4, -23]
[2, -64, 0, 3, -4, -5, -1, -25]
[-1, 6, 0, -19, -9, -2, -3, -24]
[-1, -53, -2, 1, 9, 0, 0, -24]
[-1, -52, -2, -8, -3, -1, -3, -24]
[0, -25, -2, -12, 7, 3, -2, -25]
[-2, 48, -4, -26, 7, 10, 1, -23]
[0, -1, -2, 17, 4, 2, 1, -25]
[0, 5, 1, 38, 7, -3, 0, -25]
[0, 26, -3, 1, -5, -4, 1, -25]
[1, -38, 0, -14, 1, 0, 1, -24]
[-1, -62, 2, 6, 13, -4, 0, -24]
[-1, 10, -4, -4, -3, 1, 1, -24]
[-2, 47, -3, 2, -7, -3, -1, -25]
[-3, 43, -4, -1, 13, -1, 0, -24]
[-3, -7, -1, 1, 6, 3, 0, -25]
[-1, 25, -1, -1, 1, 3, 0, -23]
[1, 29, 1, 0, -4, 1, -1, -21]
[1, -14, 1, -1, -2, -4, -2, -24]
[-1, -19, 2, -1, -5, 5, -1, -25]
[-1, -19, -1, -3, -16, -2, -1, -24]
[-3, 42, -6, 4, -5, 4, 2, -25]
[0, -6, 2, 5, 25, 3, 0, -25]
[-4, 75, -6, 1, -12, -6, -2, -24]
[-1, -29, -2, 0, -2, -8, 0, -25]
[1, -12, -3, 0, 17, 4, -1, -24]
[0, 0, 9, -8, 0, -3, -1, -24]
[0, -81, -2, -10, -15, -8, -2, -25]
[-1, 12, -3, 6, 17, 5, 0, -23]
[-2, 19, -6, 5, -12, 1, -1, -24]
[4, -28, -9, -7, -1, -4, -1, -24]
[-2, 35, 2, -7, -14, -5, -1, -24]
[-1, 18, 1, 7, 0, 9, 1, -24]
[0, -51, 8, -11, 9, 6, -1, -23]
[-2, 23, -3, 10, -8, 2, 3, -25]
[-2, -3, 0, 16, 7, -6, -2, -23]
[-4, -100, 10, -1, -2, -4, -4, -25]
[-1, 25, -7, -12, -14, -3, 1, -24]
[0, 58, -5, -37, -1, 3, 1, -25]
[-1, -19, 0, 6, 10, -1, 0, -25]
[0, 28, -5, -25, 4, -2, -2, -23]
[1, -64, -7, 11, 9, 2, -3, -23]
[-4, 48, -6, -8, -12, 2, 2, -23]
[-3, 44, -7, -3, 6, 6, 0, -22]
[0, 39, 0, 15, -4, 0, 0, -25]
[0, 39, 1, -2, -5, -2, 0, -24]
[0, -35, 1, 22, 2, -1, -1, -23]
[2, -17, 3, -15, 20, 10, 1, -23]
[0, -53, 2, -21, -4, -2, -4, -24]
[1, 46, -4, 0, -3, 4, 0, -24]
[-1, 58, -4, -23, -22, -3, -2, -23]
[-1, -39, 3, 31, 3, -2, -3, -24]
[-1, -2, -2, 3, 7, 7, 3, -24]
[1, 3, 4, 2, 18, 8, -1, -24]
[-1, -12, -1, 4, -6, -3, 0, -26]
[-2, 16, -3, -2, -11, -6, -1, -25]
[4, -5, -1, 8, -3, -3, 9, -24]
[-4, 33, -4, -4, -8, -5, 3, -24]
[-2, -8, 8, 0, 2, -6, -4, -21]
[0, -5, 2, 8, -4, 2, -1, -25]
[-4, 8, -9, 7, 2, -5, -3, -23]
[-2, -23, 21, -7, 0, -2, -2, -22]
[0, 31, 8, 4, 2, -2, 1, -24]
[-4, 84, -20, -7, -3, -1, 1, -25]
[2, 15, 4, -1, 17, 7, 0, -23]
[0, -48, -1, -1, -11, -14, -1, -25]
[-2, -43, -5, -8, 0, 0, -3, -25]
[0, -61, 6, -1, 24, 6, -1, -23]
[-2, 46, 10, 3, -11, -1, 2, -25]
[1, 9, -3, -6, -21, -8, -3, -25]
[-2, 25, -1, -10, -4, -4, -2, -23]
[-2, -30, -3, 8, -16, -4, -4, -24]
[-1, -22, 3, -1, -11, -3, 3, -26]
[-2, 31, -6, 5, -13, -5, -2, -24]
[0, 57, 1, 22, -6, -2, -3, -22]
[-1, -15, -1, -12, 10, -2, 0, -24]
[-2, 9, -3, -11, -2, 0, -2, -24]
[3, 40, 4, -6, 3, 1, 0, -23]
[-4, 65, -2, -12, 10, 3, 2, -24]
[-3, -82, -3, 24, 5, -2, -3, -24]
[2, -19, 7, -10, -14, -3, -1, -25]
[0, 68, 0, -11, -7, -11, -2, -23]
[0, 24, -14, -20, -8, -2, -1, -23]
[-4, 63, -1, -6, -11, 1, 3, -25]
[0, -27, 11, -17, 3, 2, -1, -23]
[0, 53, 7, 31, -8, 0, -3, -23]
[0, -28, -14, -5, -1, 1, -2, -21]
[-1, 8, -12, 2, 9, 4, 1, -25]
[-2, -43, 6, -18, -6, 0, -2, -24]
[1, -1, 1, 13, -4, -4, 0, -23]
[-2, 91, -13, -1, 1, 1, 1, -25]
[0, -20, -2, -3, 0, 0, 0, -23]
[-1, -44, 6, 7, 0, -3, -2, -24]
[-1, 3, -2, 5, -9, -1, -2, -23]
[-2, -3, -5, 34, -18, -6, -1, -25]
[-1, 20, 0, -9, -4, 1, -1, -24]
[-1, -57, 4, -2, -2, -2, -2, -25]
[-3, 8, -1, -2, 34, 6, 5, -24]
[-1, 63, 0, 1, 3, 0, -3, -23]
[0, 19, -2, -1, 9, 0, -4, -24]
[3, -37, 15, -2, 0, -13, -11, -23]
[0, -81, 10, 4, 1, -3, -5, -25]
[-6, -23, -26, -10, -11, -3, 2, -24]
[-1, 31, 4, -4, -5, 2, 5, -22]
[-3, 53, -1, 5, -4, -1, -1, -25]
[-2, 20, -5, -5, -2, -1, 11, -23]
[-2, 6, -8, -4, -9, -4, -2, -25]
[1, -3, 12, -5, -16, -2, -1, -24]
[-1, 76, 5, 3, 7, 13, 0, -24]
[-3, 7, -8, -1, -2, -6, -3, -25]
[1, -13, -2, 3, 11, -4, -2, -24]
[-2, -10, 0, 7, 7, 5, 1, -23]
[1, -1, -5, -5, -9, 0, -2, -23]
[-1, -9, 3, 44, 13, -1, -3, -23]
[-1, 53, -2, -16, -16, -5, 10, -23]
[-1, -1, -6, -16, -25, -2, 1, -26]
[-1, -9, -1, -28, -21, -9, -9, -24]
[1, 66, -5, -9, 0, -12, 3, -23]
[0, -27, -2, 0, -24, -1, 11, -25]
[-2, -128, -14, 19, 9, -1, 7, -27]
[-1, 24, -9, -24, -5, -6, -13, -25]
[-1, 29, -6, 5, -6, -1, -6, -26]
[3, -63, 3, 7, -3, 4, -16, -21]
[-2, -37, 0, -14, 6, 1, -6, -24]
[-3, 63, -9, 14, -6, 1, 5, -24]
[-1, 80, -2, 12, 11, 3, 5, -22]
[-1, -42, 0, 5, -11, 3, -7, -25]
[1, -37, 5, -23, -8, -6, 0, -24]
[0, -6, 11, -3, -16, -7, -11, -24]
[-2, -5, -3, 5, 7, 6, 10, -22]
[2, -7, 3, 8, 11, 2, -3, -23]
[-2, -2, -3, 17, 5, -10, -8, -24]
[0, -6, -1, 2, -9, -5, -13, -23]
[2, -80, 3, 0, 17, 8, -23, -23]
[0, 30, -4, -4, -3, -1, 2, -26]
[0, -12, -14, 5, -9, 2, -2, -26]
[3, 23, 9, -6, 17, -4, -35, -24]
[-3, -33, 3, 0, -2, -6, 6, -25]
[-1, 42, 1, 1, -3, -2, 6, -24]
[-2, 55, -8, 2, -9, 1, 12, -23]
[-1, 37, -15, 2, 7, 8, -13, -26]
[1, 41, 2, -3, 18, 8, -2, -23]
[-3, -62, -1, 8, -20, -7, -8, -25]
[-1, 11, 5, -6, -6, 0, -10, -23]
[0, 11, -10, -4, 10, 3, 9, -23]
[-3, 108, -7, -7, -15, -2, -13, -25]
[1, -44, -2, -2, 4, -2, -7, -24]
[1, -84, 2, -5, 8, 2, -1, -24]
[-1, -9, -15, 12, 19, 7, 9, -25]
[1, 44, 6, -7, -2, -11, -8, -23]
[-1, 25, -8, -11, -4, 3, 2, -23]
[-3, 20, -3, -9, 3, 4, 8, -23]
[-2, 15, 0, -8, -12, 0, -18, -24]
[2, -20, 0, 7, 4, 0, -8, -23]
[-1, -64, -2, 23, 9, 8, -2, -25]
[-4, 63, -1, 9, 15, 0, -26, -23]
[0, 66, 6, -32, 7, -8, 11, -24]
[5, -121, -3, -9, -13, -7, -8, -25]
[-4, -21, -11, 21, -17, 1, 8, -25]
[4, -91, 13, -21, 14, -3, 9, -26]
[-1, -9, 3, 29, 18, -3, -13, -25]
[-4, -22, -26, -28, -4, -4, -3, -24]
[-3, -1, -5, 1, -13, -3, -1, -26]
[3, -32, 4, -25, 1, -2, -5, -22]
[0, -62, 3, 11, -6, -3, -3, -22]
[-1, 33, -26, 7, 33, 5, 3, -24]
[1, 72, 10, -15, 1, -1, -9, -23]
[-2, -30, 3, 13, -8, -2, -3, -22]
[-1, 4, 6, -2, -20, -2, 0, -24]
[1, -90, 4, 22, 5, -3, -10, -25]
[-2, 44, 0, 6, 1, 5, 10, -26]
[-1, 66, -3, -22, -5, 5, 17, -22]
[-2, 106, -2, -12, -3, -1, 3, -22]
[-1, 10, -2, 2, -7, -6, 0, -25]
[-1, 42, -4, 3, -5, 3, 15, -25]
[-5, 55, 8, -6, 0, 4, -5, -23]
[1, -112, 7, -5, 11, 2, -1, -24]
[-1, -21, 5, -5, 0, -7, -10, -22]
[0, 74, -12, -12, -17, -5, 4, -25]
[-5, -81, 2, -2, 0, -3, -5, -25]
[-1, -21, -7, -1, 1, -4, -2, -24]
[-1, 58, -4, 5, -3, 0, 1, -25]
[2, 106, -5, -2, -8, -2, 1, -23]
[-1, -8, -3, 9, 4, -2, -3, -25]
[0, 44, -28, -4, -8, 0, -1, -24]
[-2, -32, -12, 11, -1, -1, -5, -25]
[0, -46, 7, -3, -7, 1, 0, -26]
[-1, 4, -16, -3, -6, -1, -1, -23]
[-1, -23, 1, 3, 4, 1, 2, -24]
[-1, -66, 0, 23, 2, 0, 6, -25]
[-1, 66, -4, -8, -4, -6, -20, -26]
[1, 84, 0, 15, 6, 8, -10, -24]
[-1, 85, -6, -13, 1, 1, 8, -24]
[-2, 20, 7, 0, 11, 6, 23, -22]
[-1, -30, 2, -15, 3, 2, -9, -22]
[-1, 73, -3, -15, 1, -1, -19, -22]
[-2, 13, -7, -12, 9, 5, -3, -25]
[-4, 127, -14, -13, -11, -5, -2, -23]
[1, -59, -2, 1, 26, 6, 4, -26]
[-1, -15, 3, -12, -3, -3, -5, -23]
[1, -23, -1, -3, -13, -8, -8, -24]
[-1, 31, -3, -7, -10, -4, 11, -22]
[-1, -16, 6, 6, 17, -2, -2, -23]
[-2, 83, -4, 42, -4, 1, 5, -24]
[0, 9, -2, 15, -16, -6, 0, -23]
[2, -61, 4, -6, 4, 2, 10, -23]
[0, 36, 0, -21, -16, -5, -15, -25]
[-2, 28, -3, -16, -2, 0, 6, -23]
[-1, -46, 1, 7, -4, -3, -4, -23]
[0, -121, -1, -1, -5, 6, 3, -24]
[-1, -25, 2, 9, 0, -9, -2, -24]
[1, -49, 2, -10, -13, -6, -1, -24]
[-2, 13, -3, -8, -5, 9, -1, -23]
[-1, 58, -4, 0, -3, -2, 3, -21]
[-1, -3, 1, -1, 0, -4, 5, -25]
[1, -46, 0, -7, -7, -6, -2, -25]
[0, 6, -5, -2, -5, 5, -1, -24]
[0, -30, 5, 0, 4, -6, -1, -23]
[3, -72, -2, 0, -11, -1, 0, -25]
[0, -59, 2, 1, -13, -3, -2, -23]
[-1, 42, 2, -2, -5, 4, 2, -24]
[0, -27, -4, 2, -3, -4, -2, -22]
[-1, 54, -23, -2, 14, 3, -2, -23]
[0, -36, 1, 5, -3, -2, 3, -25]
[2, -28, 3, -6, 0, -9, -10, -22]
[1, -7, 7, -5, 6, 2, 3, -23]
[0, -44, -3, 29, 14, 8, 2, -26]
[-3, 83, -1, -15, -18, -7, -5, -23]
[-3, 43, -5, -4, -23, -14, -8, -24]
[1, -22, 1, 2, -3, -1, 2, -22]
[-2, -2, -6, -40, -3, 1, 0, -26]
[-3, 11, -4, 3, -13, -6, 1, -24]
[-2, 110, -9, -4, -12, 3, 8, -23]
[-1, -24, -2, -4, 13, 4, -1, -24]
[5, -115, 7, 0, 13, 0, 5, -25]
[-2, 37, -3, 6, -31, -11, 1, -24]
[1, 32, -7, -15, -16, 0, 1, -23]
[-2, 64, -4, 5, 2, -6, -4, -22]
[0, 11, 6, 2, 31, 0, -6, -23]
[2, -103, 8, 2, 11, 0, -7, -23]
[0, -15, 1, 11, -1, -4, 11, -24]
[-3, -10, -2, -1, -21, -8, -3, -22]
[1, -8, 1, 9, 16, 3, 1, -25]
[2, -69, 7, -15, -16, -9, 1, -21]
[-1, -17, -3, -2, 3, 4, 0, -26]
[1, -37, 8, 2, 12, -2, 3, -24]
[-3, 12, -1, 6, -8, -4, 7, -26]
[-3, 91, -3, 22, -2, -2, -9, -24]
[-1, 14, 7, -6, 11, 3, -1, -22]
[-1, 12, -7, -7, -9, -5, 0, -25]
[-2, 35, -5, 0, 17, 7, 5, -24]
[1, -13, -3, -8, -7, 1, -10, -23]
[-3, 39, -4, 4, -3, 3, -2, -24]
[-2, 90, -11, -1, -18, 3, 11, -21]
[3, -59, 6, -2, 3, -4, -11, -24]
[-2, -83, 3, 10, 22, 3, -5, -25]
[2, -8, -2, 1, -3, -7, -3, -23]
[-2, 33, 1, 17, 10, 2, -1, -24]
[-1, -42, 1, -11, 6, 2, 2, -25]
[1, 8, -7, -1, -25, -5, 2, -23]
[-3, -51, -4, -5, -10, -1, 0, -23]
[2, 37, 0, 1, -1, 1, 0, -24]
[-1, 20, 2, -9, -11, -7, -5, -22]
[-2, 1, -10, -10, 5, 0, 1, -25]
[-3, 87, -3, 15, -1, -3, -1, -24]
[2, -65, 1, -24, -2, 1, -1, -24]
[1, -65, 5, 2, 7, 3, 7, -23]
[3, -74, 2, 0, -11, -4, 3, -24]
[2, -65, 4, 4, -2, -7, -4, -22]
[0, 13, 0, 9, 21, 6, 5, -24]
[0, 77, -2, -8, -6, -4, -6, -23]
[-1, 29, -2, -20, -4, -1, 2, -24]
[1, -69, 4, 32, 3, 2, -3, -23]
[-2, -12, -3, 24, 10, 0, 1, -25]
[0, -28, 2, 0, 4, 2, 1, -23]
[0, 8, -3, -12, 5, -6, -6, -24]
[-1, -28, 1, -5, 12, 4, 0, -24]
[1, -32, 4, 21, -7, -4, 1, -24]
[-2, 49, -2, -24, -17, 0, -3, -23]
[-1, 74, -3, -30, -13, 2, 0, -23]
[0, 34, -1, 18, -11, 3, -2, -24]
[0, -72, 2, -3, -14, -4, -4, -23]
[1, -32, 6, 12, 6, 0, -6, -24]
[0, 44, -1, -1, 1, -6, -13, -23]
[2, 25, 2, -27, 0, 0, -5, -23]
[0, -47, -3, -7, 11, 3, 1, -24]
[0, -9, -1, -20, -12, -2, 3, -24]
[-1, 46, -3, -9, -1, 4, 3, -24]
[-1, -60, 1, -6, -10, -4, 0, -24]
[0, 45, -1, -2, -18, -4, -5, -23]
[1, -102, 3, -3, -2, -5, -3, -24]
[-3, -16, -1, -3, 0, -5, 2, -24]
[1, -52, 2, 19, 19, 6, -9, -24]
[-1, -85, 8, -3, -12, -1, 1, -25]
[-6, -50, 5, -6, 7, -4, -7, -24]
[5, -53, 0, 2, -19, 4, 5, -26]
[2, 49, -8, -2, 4, -3, -7, -24]
[4, -27, -15, 0, 24, 2, -2, -22]
[0, -42, 6, 0, -5, -4, -2, -24]
[0, -3, -17, -17, 14, -3, -2, -24]
[-3, 82, -11, -5, -10, 0, 6, -23]
[0, -8, 6, 27, -14, -1, 3, -25]
[-1, 39, -2, 0, 7, -1, 0, -24]
[0, 4, -4, 1, -2, -3, -2, -24]
[-2, -13, 0, -11, -13, -5, -1, -24]
[-1, -46, 2, 6, 0, -4, -3, -25]
[-1, 78, -4, -17, -10, 1, 5, -24]
[-1, 17, 0, -6, -20, -1, 1, -23]
[2, -108, 3, -12, -24, -9, -3, -25]
[-2, -17, -1, 13, 7, 0, -7, -23]
[0, -10, -1, 41, 14, 5, 3, -23]
[1, 34, -1, -22, -10, -5, -1, -22]
[1, 30, 2, 0, -17, 0, 3, -24]
[-2, 16, -1, -9, 6, 1, -1, -23]
[3, -41, 8, -12, -12, -7, -4, -24]
[-2, 61, -3, -5, -1, 1, 2, -23]
[1, -26, 1, 6, 22, 2, -2, -24]
[0, -27, 0, 5, -6, -5, -3, -23]
[1, -47, 2, 7, -2, -1, 1, -24]
[-1, 35, -2, 11, -10, -1, -2, -23]
[-2, -15, -1, 4, 5, -1, 1, -25]
[0, -104, 5, 3, -5, -3, -2, -23]
[-2, 19, -1, 13, -14, 0, 0, -24]
[-3, -52, -7, 3, 8, -2, -2, -27]
[2, -82, 4, -4, 7, 4, 1, -26]
[0, 33, -1, 7, -11, -2, 0, -23]
[-1, -26, -2, -5, -1, 0, 6, -24]
[0, 28, 4, -8, -20, -4, -1, -22]
[0, -12, -3, 34, 9, 8, 0, -24]
[0, -58, 2, -9, -5, -2, -5, -24]
[2, -72, 6, -4, 12, -3, -4, -22]
[-3, 8, -5, 7, 1, 0, 1, -25]
[-2, 2, 1, 23, -10, -1, -1, -23]
[-1, 20, -2, 2, 20, 1, 7, -24]
[2, -35, 5, -6, 10, 1, 1, -22]
[-5, 40, 0, 1, 1, 5, -2, -26]
[-1, 44, -1, -10, 0, -4, 1, -23]
[-1, 86, -7, -8, -3, 0, -2, -24]
[0, -48, -4, -1, -1, 1, -1, -25]
[-2, 1, -4, -7, -14, -7, 0, -25]
[0, -19, -1, -5, -12, -4, 1, -22]
[1, 1, 5, -4, 13, 1, -13, -22]
[0, -1, -2, -4, -10, -10, -2, -23]
[0, -52, 6, -2, 8, 2, 0, -24]
[2, -65, -3, -9, 7, 5, -4, -23]
[-2, 49, -2, 3, -18, -2, 3, -23]
[1, -19, -7, -9, 11, 0, 3, -25]
[-3, 60, -4, -8, -2, -2, 0, -24]
[-1, -59, -2, 0, -15, -9, -2, -23]
[0, 25, 0, -5, -1, 0, -1, -24]
[0, 53, -5, -9, -9, -2, 0, -24]
[-4, 27, -6, -13, 6, 0, 2, -23]
[-1, -11, -1, 8, 8, -1, -1, -25]
[-3, -2, -2, 37, 23, 9, 6, -24]
[-3, 64, -1, 2, -7, -4, -7, -22]
[3, -97, -2, 10, -12, 0, 3, -26]
[9, -128, 7, -71, -1, 5, 31, -24]
[1, -16, -8, -50, -14, -10, 6, -29]
[5, -128, 20, 23, 6, 0, -11, -24]
[0, -5, -3, -9, -13, -2, -9, -24]
[1, -109, 3, 13, -6, -3, -3, -25]
[-2, 60, 4, -6, 7, -9, -7, -18]
[1, 52, 5, -2, 15, -3, -5, -24]
[-2, -59, 4, 4, 4, 7, 4, -22]
[2, -25, 4, -5, -16, -7, -7, -25]
[0, -41, 0, -9, -6, 0, -5, -22]
[-3, -1, -5, -2, 8, 0, -1, -24]
[-2, 5, -3, -10, -19, -6, 1, -24]
[0, -36, 3, 3, -6, -2, 0, -22]
[-7, 127, -13, -14, -21, -6, -1, -26]
[0, -70, 0, -13, -19, -9, -5, -25]
[1, -29, 4, 16, -2, 3, 3, -21]
[-1, 4, -7, -6, -9, -2, 3, -25]
[-5, 127, -18, 5, -13, -4, 12, -22]
[0, 6, 9, 3, 33, 5, -10, -25]
[0, 30, -6, -11, 1, 5, -15, -23]
[1, -42, 1, 4, -10, -7, -3, -24]
[-1, -2, -5, 4, -5, 2, 20, -25]
[0, -37, 3, 0, 0, -2, -6, -25]
[1, -27, 3, -5, -2, 5, 3, -23]
[1, 33, 3, -5, 3, 2, 0, -23]
[1, -46, 4, 0, 22, -1, -5, -24]
[-4, 5, -4, 0, -2, -1, -6, -25]
[-1, 45, -3, -3, -6, -5, -3, -24]
[-1, 51, -6, 3, -11, -7, -7, -24]
[1, -45, 2, 6, -1, -2, -6, -23]
[-1, 65, -3, 5, -23, -8, 5, -24]
[-4, 4, -2, -16, 9, 1, -1, -23]
[1, 11, 1, 6, 5, -1, -3, -25]
[-1, -80, 4, -3, 6, 2, 12, -21]
[-3, -2, -4, 0, 7, -5, -9, -25]
[-2, 105, -3, -6, -14, -2, -3, -23]
[-1, 13, -4, -2, 24, 4, 9, -25]
[-2, 14, -4, -10, 4, -2, -8, -24]
[-2, 66, 1, -11, 8, 7, -7, -22]
[-2, 70, -5, -13, -26, -3, -1, -23]
[-2, 12, -6, -7, 5, -4, 4, -24]
[1, -25, 4, 8, -9, -5, -5, -24]
[-1, 49, 5, 1, 8, 4, 1, -23]
[-2, 39, -15, -14, -23, 0, 2, -25]
[-3, 79, -2, 3, 22, 5, -14, -23]
[1, -89, 5, 3, -7, 2, 2, -24]
[2, 61, 0, 4, 7, -7, -1, -22]
[-1, 40, 2, -4, 23, 4, 6, -24]
[1, -3, 0, 14, 1, -3, -6, -24]
[-3, 23, -4, -23, -25, -6, -5, -23]
[1, -14, 2, 3, 18, 13, 0, -23]
[1, -31, -1, -1, 3, 1, 14, -24]
[-1, 92, -4, -7, -6, -1, 5, -22]
[0, 22, 1, 7, -8, 0, 6, -23]
[0, -77, 2, -3, 16, 1, 6, -23]
[1, -13, -2, -9, -11, 5, 9, -23]
[-2, 5, -1, 0, 0, -4, -3, -26]
[-2, -20, -2, 0, -8, -1, 4, -25]
[0, 32, -1, 3, 7, -4, -4, -24]
[0, 51, 0, -2, -4, 5, 14, -22]
[-1, 70, -4, 2, -9, -2, 5, -24]
[-1, -52, 6, 3, 18, 1, -9, -23]
[-1, 12, -3, 4, 1, -5, 1, -23]
[-1, -5, -6, -5, -19, -4, 1, -25]
[1, 26, -19, -6, -11, -10, -2, -24]
[1, 40, 0, -5, -6, -5, -4, -25]
[2, -49, -3, 7, 0, 1, 2, -23]
[-1, -10, -3, -3, 0, 0, 0, -23]
[-2, 20, -7, -3, -2, -2, -2, -24]
[1, -63, -7, -7, 5, -5, 0, -24]
[-2, 5, -10, 8, -12, -4, 3, -24]
[-3, 84, -8, 1, 7, 5, 2, -23]
[-1, -12, -4, -1, 3, -3, 3, -25]
[-1, -5, 3, 5, -10, -4, 0, -24]
[2, -80, 4, -6, 6, -4, -6, -24]
[-2, 53, -3, -31, -6, 6, 1, -23]
[1, -30, 1, -24, 3, -1, 5, -22]
[1, 8, 5, -4, -5, -3, 2, -23]
[-7, -63, -13, 10, -5, -5, -1, -28]
[-3, 62, -4, 28, 0, -1, -8, -24]
[0, -36, -1, -3, -15, -2, -4, -24]
[-2, 48, -3, 10, 10, 2, -1, -23]
[0, 57, 2, 1, 4, 2, 1, -23]
[0, -46, 2, -7, -17, -5, 0, -22]
[1, -44, 4, -24, -2, 1, -7, -23]
[-1, 76, -4, 13, -4, -3, 1, -23]
[-1, -6, 0, 7, -2, 9, -3, -23]
[-1, -21, 1, -1, -8, -1, -4, -23]
[-1, 32, -3, 22, 7, -1, 0, -24]
[-2, -2, -2, -16, -6, -4, 3, -24]
[2, -65, 8, 14, 0, -1, 6, -24]
[0, 23, 2, -9, -10, -4, -10, -22]
[-3, -16, 2, 13, -7, -2, 0, -25]
[-1, -12, -8, -11, 30, 6, -3, -25]
[0, -4, -3, 6, -4, 9, 2, -24]
[0, -75, 7, 21, 9, -2, -8, -24]
[-1, 27, 1, 17, 11, 0, -1, -25]
[0, 26, -2, -7, -9, 4, -4, -22]
[-1, -21, 0, -6, 11, 1, -5, -23]
[1, -17, 3, 5, -9, -6, 15, -23]
[-1, 47, -2, -7, -10, 1, 15, -24]
[0, 25, -1, -2, -3, 0, 3, -23]
[-11, -49, 0, -2, 6, -3, -8, -24]
[2, -30, -7, -2, -4, 2, 10, -24]
[0, -78, 6, 1, 20, 12, -3, -25]
[3, -23, -5, 4, -7, -2, -10, -23]
[-3, 11, 17, -8, -4, -5, -10, -22]
[3, -28, -6, 2, 4, 2, 2, -26]
[0, 53, 2, 2, 0, 2, 11, -25]
[-3, 106, -9, -14, -2, -1, 0, -23]
[-1, -18, -1, -3, 2, -4, 1, -24]
[-2, 23, -2, -1, -1, -3, 2, -24]
[0, 41, -5, -31, -18, 2, 10, -22]
[0, -67, 2, 10, 6, -7, 3, -23]
[-2, 57, 2, 2, -4, -4, -5, -24]
[-1, 17, -2, 14, -10, 5, 0, -24]
[-2, -85, -1, 18, 7, -2, -10, -25]
[-1, -49, -1, 28, 5, 0, 2, -24]
[0, 11, -8, -1, 2, 2, 4, -23]
[1, -6, 1, 19, 5, 4, 2, -24]
[-2, 97, -7, -37, -12, 7, 13, -24]
[-2, 56, -2, 11, 10, -1, -4, -23]
[-1, -25, 1, 47, 30, -1, -9, -26]
[0, -19, -1, -5, -5, -3, -17, -22]
[0, 42, -2, -4, -4, 7, -2, -23]
[0, -85, 9, 48, -2, -8, -2, -24]
[6, -96, 15, -8, 5, -4, -11, -25]
[-3, -54, -5, 4, 4, 4, 8, -24]
[0, -3, -2, -24, -2, -2, -3, -23]
[-2, 60, -7, -6, 12, -2, -8, -23]
[-3, 55, -8, -6, -2, 1, 6, -25]
[-1, -17, -8, -1, -1, -7, 2, -24]
[-1, 48, -3, 1, -9, -3, 8, -23]
[1, -24, 1, 10, 3, -1, -3, -23]
[1, 36, 2, 10, -3, -1, 0, -22]
[0, 14, 2, -20, 2, -4, 0, -25]
[-1, 28, -4, 8, 1, 6, 2, -25]
[1, -43, 6, 3, -12, -3, -10, -23]
[0, -60, -3, -19, 30, 1, -1, -24]
[-2, -48, 6, 16, -5, -9, -2, -24]
[1, -117, 3, -17, -13, 9, 14, -24]
[2, -15, 0, 2, -11, -3, 8, -22]
[-1, -34, 0, -2, -3, 3, -9, -24]
[0, 127, -2, -2, 18, 5, 11, -22]
[-4, -34, 10, -11, 7, -1, -12, -24]
[-2, 20, -7, -5, -10, -6, -10, -28]
[6, -112, -6, -17, 2, -3, -5, -23]
[2, -75, 9, 4, 4, -6, 0, -27]
[2, -11, -1, -9, -13, -5, -9, -25]
[-2, 96, -2, 0, 17, 6, -1, -24]
[0, 43, 1, 4, 22, 8, 20, -23]
[0, -5, 7, 2, -12, -3, -8, -24]
[-1, -19, -1, 3, -1, -3, -6, -24]
[-2, 31, -5, 20, 24, 4, 2, -23]
[-3, 73, -5, -6, -14, -6, -12, -23]
[1, -36, -2, -7, 1, -3, -6, -23]
[-2, -19, 0, -13, -2, 6, 11, -24]
[-1, -9, -1, -4, -18, -8, -2, -26]
[0, -63, 3, 10, -23, 6, 10, -23]
[-2, 71, -3, -3, 5, -2, 8, -23]
[-2, 10, -5, -28, -8, -2, -6, -24]
[-3, -24, -4, 10, -8, -2, -2, -26]
[2, 38, 3, 3, 16, 1, 2, -21]
[0, -12, 0, 34, 3, -2, -8, -22]
[1, -24, -9, -48, -7, -3, -3, -26]
[0, -75, 3, 1, -6, -7, -3, -24]
[2, -88, 2, -5, 4, 1, -2, -24]
[-3, 3, 2, -20, -12, -6, -5, -25]
[-2, 49, -7, 9, 4, -2, 4, -24]
[2, -58, 5, 8, 6, 5, 8, -22]
[1, 33, -2, 21, 14, -2, -6, -22]
[-2, 28, -5, 8, -10, -7, -3, -22]
[0, 17, 0, 8, 8, 3, -2, -23]
[-1, 86, 3, 32, -1, -3, 0, -23]
[-2, 23, 1, 1, 3, 2, -1, -24]
[0, -41, 4, -13, 10, 1, -8, -23]
[-1, 39, -4, 5, -17, -7, 9, -24]
[-1, -36, 3, -12, 3, 5, -3, -23]
[-3, 74, -6, 16, -8, -4, 3, -25]
[-5, 17, -12, 9, 13, 2, 14, -25]
[0, -75, -4, -5, 25, 10, 1, -25]
[3, -20, 4, -4, -2, 2, -7, -25]
[4, -77, 10, -9, 10, -2, -8, -36]
[10, 127, -5, 4, -9, 0, 2, -15]
[-2, -16, -9, -16, -9, 8, 3, -24]
[4, 7, -8, 8, -20, -6, 1, -21]
[-1, 79, -11, -5, -13, -2, 1, -23]
[-4, -95, 7, -3, -1, 9, 2, -25]
[-4, -9, -1, -5, 8, 1, -3, -26]
[-5, 12, 10, 8, 6, 2, 12, -24]
[-1, 114, 5, 37, 23, 2, -5, -22]
[-7, -24, -1, -5, -5, -4, -3, -25]
[-3, -28, -7, -26, -15, -5, -2, -23]
[-2, 19, -3, -4, -4, -5, -5, -23]
[-1, 49, -5, -23, -12, 0, -2, -23]
[2, -46, 5, 0, 16, 2, -1, -21]
[-4, -53, -8, -20, -12, -6, 1, -25]
[-1, 7, 2, -11, 11, -1, -5, -24]
[-3, 121, -2, 12, -11, 1, 3, -24]
[-1, 0, 1, 9, 24, 0, -6, -23]
[1, -1, 7, 0, 12, -2, -6, -22]
[14, 7, -9, 30, -2, 4, 2, -27]
[-1, 31, 5, 5, 2, 3, -2, -24]
[-2, -73, -2, -7, -6, 0, 2, -23]
[-4, 44, 4, -6, 0, 0, -3, -23]
[-4, 91, 3, -1, 26, 2, 2, -24]
[0, 5, 5, 40, 0, 2, 2, -23]
[1, -61, 6, -8, -5, -5, -4, -23]
[0, -63, -3, -9, -4, -2, -4, -25]
[-1, -3, -8, 2, -3, 9, 21, -23]
[-4, -54, -18, -17, -19, -10, -13, -22]
[-1, -78, 11, -11, 3, -3, -6, -23]
[-3, 33, 0, 18, 2, -3, -5, -23]
[4, -118, 5, -23, -8, -4, -5, -24]
[-1, 2, 1, 8, 0, 0, -5, -24]
[-3, 76, -8, 0, -3, 0, 0, -24]
[0, 66, -5, -7, 5, 1, 2, -24]
[-2, 76, -21, 1, -28, -6, -4, -24]
[-7, -77, 6, -1, 6, -1, -2, -25]
[0, -22, -7, -26, 8, 1, 1, -23]
[-5, 0, 11, -7, 4, 2, -9, -22]
[18, 45, 37, -18, 27, -6, -2, -9]
[13, -21, -11, 8, -5, -1, -2, -29]
[-1, -59, -7, -3, 3, 8, -3, -26]
[-3, 17, -2, -3, 3, -1, 1, -20]
[-1, -36, 5, -15, -8, -1, -2, -26]
[-6, -24, -1, 0, -6, -4, 3, -26]
[14, 71, 28, -5, 11, -7, -10, -10]
[10, -65, 1, -3, 10, -2, -2, -30]
[-3, 46, -31, 7, -12, -1, 3, -21]
[-4, 44, -8, 11, -8, 0, 2, -38]
[-2, -30, -1, 17, 1, -2, 2, -23]
[-7, 41, -10, 32, 9, 6, 1, -24]
[7, -101, 23, 1, 12, 10, 0, -21]
[0, -69, 0, -10, 23, 4, 0, -22]
[-2, 10, -4, -2, -13, -7, -2, -26]
[-3, 113, -2, -15, 1, 5, 17, -23]
[-4, 5, -5, 23, -17, -3, -2, -25]
[0, -64, -2, -4, 29, 6, -11, -26]
[-1, 74, -15, 19, -9, -2, 7, -20]
[-2, 61, 4, 25, 27, 4, 2, -24]
[-1, -61, 11, -6, -9, -8, -17, -23]
[-3, 75, -8, -5, -16, -6, 3, -20]
[-1, 55, -2, -14, -6, -4, 0, -22]
[0, 43, -4, 9, -5, 2, 2, -23]
[17, -8, 34, -38, 35, -2, -11, -9]
[-5, 41, -1, 2, -10, -2, 6, -26]
[-4, -12, -15, 8, 2, 5, 19, -30]
[-7, 66, -23, 0, -9, 0, 5, -26]
[-4, 45, -6, -11, -17, -1, -8, -24]
[4, -128, -1, -16, -4, 2, 5, -24]
[2, -62, 0, 0, 7, 6, -1, -26]
[-1, 114, 0, 3, 7, -8, -6, -16]
[1, 49, 13, -8, -10, -5, 1, -19]
[2, -42, -8, 16, -3, 6, 2, -30]
[0, -68, 3, 19, -16, -6, -2, -26]
[-3, 8, -1, 12, -4, -4, -4, -23]
[2, -16, -1, 3, -9, 1, 12, -23]
[-6, 45, -27, 2, 10, 5, 11, -28]
[0, 18, 12, -4, 6, 2, -8, -21]
[-4, 68, 11, -3, -1, -7, 12, -18]
[7, -23, 47, -9, 13, -14, -25, 4]
[-13, 30, -19, 9, -2, 5, 2, -19]
[29, -102, 37, -13, 11, -3, -10, -15]
[-1, -128, -13, -9, 8, -1, 0, -21]
[-7, -6, -31, 8, -17, -7, -1, -32]
[5, -43, -1, 7, 0, 1, 1, -30]
[-1, 42, 7, -5, -1, -4, -1, -27]
[-4, -26, -7, -18, -5, 0, -1, -27]
[-24, 68, -22, -4, -10, -1, 2, -28]
[-1, -45, 7, -10, 11, -1, 3, -22]
[2, -86, 6, -5, -18, -3, -4, -24]
[0, 56, -1, 3, 0, -3, 0, -24]
[1, 54, 2, -13, -9, -7, -8, -21]
[6, -29, 2, -20, 1, -2, 6, -23]
[0, -57, 6, -13, -5, -8, -7, -24]
[1, -128, 6, 6, 13, -1, 4, -23]
[-1, 92, -5, 17, 23, 6, 4, -20]
[-2, -25, -2, -10, -19, 0, -6, -26]
[-10, 62, -25, 10, 4, -6, -14, -19]
[4, -43, 12, -23, -18, -2, -2, -21]
[4, -29, 4, -9, 5, -2, -3, -26]
[-1, -12, 0, 8, -17, -12, 1, -23]
[0, -128, 8, 24, 8, 3, 2, -21]
[2, -10, 13, 16, -1, -2, -3, -24]
[-1, 16, -4, -28, -6, 8, 3, -23]
[3, -61, -1, -14, -19, -6, -5, -24]
[-3, 89, -4, -6, 4, 2, 1, -23]
[-1, -35, 5, -1, -5, -7, -1, -22]
[4, 36, 2, -8, -4, 0, 10, -23]
[0, -49, 13, 19, 4, 0, 1, -23]
[3, -45, 12, -12, 11, 1, -2, -25]
[-3, 58, -8, 0, 14, 1, -3, -24]
[0, 54, 0, 2, -12, -7, -5, -24]
[3, -98, 10, -12, -5, -2, -7, -24]
[0, 0, -8, -6, -5, -3, -2, -24]
[6, 82, 2, 4, 0, -1, 4, -18]
[5, -57, 13, -6, 5, 6, -5, -27]
[-14, 101, -36, 10, -26, -3, 13, -28]
[4, -98, 13, -7, 1, 0, -3, -22]
[-1, 92, -3, -7, -5, -3, -1, -20]
[-1, -128, 16, -3, 20, 2, -1, -25]
[0, 118, 0, -3, -8, -6, 1, -19]
[2, 16, 0, 22, -2, -4, -6, -24]
[4, -97, -1, -14, 43, 10, -1, -25]
[4, -39, 0, -8, 3, -5, -2, -23]
[0, 55, -4, -2, 17, 5, 0, -25]
[2, -68, 2, 15, 5, 3, -1, -21]
[0, 48, -2, 15, 1, -2, -2, -24]
[-4, 38, -3, -2, -23, -1, 1, -23]
[2, -128, 10, -16, 9, -1, -7, -24]
[2, -52, 0, 15, 12, 8, 2, -23]
[-1, -43, 0, 10, 16, -1, -4, -26]
[-2, -5, 0, -12, -21, -2, -3, -24]
[0, 28, -2, -8, -11, -6, 0, -24]
[3, -33, 6, 3, 3, 0, -1, -23]
[-1, 59, 1, 13, 1, -1, 7, -25]
[-4, 58, -11, -13, 6, 3, 3, -24]
[0, -49, 2, 38, 3, -2, 0, -25]
[0, -37, 0, -5, -12, -3, 1, -25]
[0, -28, -5, -4, 6, 15, 4, -24]
[-1, 43, -4, -2, -1, -2, -2, -24]
[-1, -59, 1, 5, -1, 4, 0, -24]
[-1, -41, -1, -9, -1, 0, -5, -24]
[2, 22, 4, 3, 12, -1, -3, -22]
[-2, 21, -6, -5, 14, 4, 1, -25]
[-1, 19, -1, 6, 8, -4, 2, -25]
[-2, -9, -2, -12, -6, -2, 1, -24]
[-4, 68, -8, -11, -6, 1, 0, -23]
[-1, 3, 3, 2, 3, -6, -1, -24]
[0, -32, -1, 1, -10, -7, -2, -23]
[0, -90, 4, -6, 8, -2, -5, -25]
[-2, 98, -14, -5, -15, -4, 3, -21]
[5, -128, 20, 4, 20, 2, -4, -34]
[-2, 59, -13, -2, -22, -16, -1, -24]
[3, 106, -1, 14, 21, 24, 5, -19]
[0, 2, 7, -5, 0, -4, -1, -23]
[21, -68, 38, -22, 25, -12, -22, -15]
[-7, 97, -24, 8, 13, 9, 5, -26]
[-3, 7, -17, 17, 13, -1, 0, -23]
[-3, 84, -13, 29, -4, -1, 2, -25]
[-4, -16, 2, 5, -7, -4, 1, -25]
[-1, -11, 1, -14, -15, -4, -3, -22]
[0, -64, 2, -4, -8, -6, -3, -24]
[-3, 37, -1, -6, 9, 2, 0, -20]
[-1, 8, -6, -3, 6, -1, 0, -23]
[1, -26, 2, -6, -15, -8, -2, -26]
[-5, 40, -9, -4, -16, 1, -2, -25]
[2, 17, -6, 6, 1, 1, 1, -24]
[0, -18, -4, 0, -13, -2, 1, -23]
[2, -8, 4, -5, 9, 0, 10, -22]
[2, -8, 15, -3, -26, -14, -14, -22]
[-4, 60, -16, 20, -2, -1, 12, -23]
[0, 55, 4, -6, 15, 2, -7, -22]
[1, -51, 23, 16, 32, 6, -5, -24]
[-2, -12, -13, 3, -9, -3, -3, -22]
[0, 92, 1, 3, -4, -4, 6, -19]
[-1, 100, -11, 2, -10, -2, -3, -24]
[-3, 19, -7, -18, 26, 5, 0, -23]
[1, -57, 8, -2, -3, 2, -1, -24]
[1, 7, -2, 3, 5, 0, -2, -25]
[0, -92, 7, 6, -9, -3, 0, -24]
[1, -108, 4, 2, 10, -4, -1, -23]
[-2, 14, -8, 2, -6, 2, 1, -26]
[-1, 42, -3, -8, -5, -9, -2, -24]
[-1, -81, -1, 21, 3, 2, 2, -24]
[3, -43, 7, -7, 2, -7, -3, -22]
[-2, -5, -3, 6, -3, -1, 0, -25]
[-1, 98, -16, -4, -15, 1, 0, -22]
[-5, 66, 4, -5, 1, 0, -4, -23]
[-1, -101, 22, -7, -2, -1, -7, -26]
[-2, 78, -27, 2, -6, 0, 5, -25]
[4, -21, 10, -7, 0, -3, -3, -20]
[-4, 49, -1, 0, -4, -1, 2, -25]
[-1, -12, 4, -9, -4, 0, -2, -22]
[-1, 27, -8, 4, 5, 3, 1, -25]
[-2, 4, -1, -10, 19, 7, -2, -23]
[0, 16, 3, 2, -10, 4, 3, -27]
[-1, 38, -4, 3, 8, 2, 0, -21]
[0, -24, 0, -5, 19, 2, -1, -24]
[0, 16, -14, 25, 6, 4, 5, -23]
[-1, 31, 0, -13, -11, -3, 3, -24]
[1, -35, 0, -30, -16, -6, -3, -24]
[-1, 90, -8, 15, -13, -3, 2, -24]
[1, -27, -8, -45, -7, 6, 0, -24]
[0, 23, 0, 14, 31, 0, -2, -24]
[-5, 70, -7, -11, -12, -3, 2, -22]
[2, -42, 6, -4, 1, -5, -4, -22]
[-2, 54, -12, -47, 2, 2, 6, -22]
[-2, -22, 1, 27, 23, 5, -2, -24]
[-2, 16, -3, 2, -5, -4, -3, -24]
[0, -105, 0, 15, -4, -2, -3, -22]
[-1, 55, -2, 24, 15, 4, 3, -23]
[0, -34, 1, 20, -9, -6, -1, -24]
[3, -18, -1, -5, -1, -2, 2, -23]
[-5, 44, -10, 3, -4, 2, 2, -25]
[0, -56, 1, 2, -6, 1, -2, -23]
[7, 5, -8, -3, 4, 11, 5, -25]
[-1, -19, -4, -5, -8, -1, 1, -23]
[-1, 56, -3, 2, 19, 1, 0, -24]
[-4, -7, -1, -6, 10, 0, 0, -24]
[-2, 38, -7, -20, -13, -4, -1, -24]
[0, 87, 7, 7, 0, -5, -8, -22]
[1, -5, -2, -3, -11, -5, -1, -23]
[-1, -102, 7, 6, 2, 1, -3, -23]
[-2, 1, -1, 3, -2, -1, -2, -24]
[1, 10, -11, -3, -18, -2, 2, -23]
[-3, 26, 5, 2, 2, -1, 1, -24]
[0, -37, 2, -2, 7, -1, -4, -24]
[-1, 24, -7, -8, -2, 1, -1, -23]
[0, 65, -7, -10, -4, -6, 0, -23]
[-5, 51, -4, -2, -17, -2, 1, -22]
[2, -128, -2, 2, 6, 3, 0, -28]
[4, -75, -5, 5, 0, -2, 0, -23]
[1, -96, 6, -1, 5, 0, -3, -23]
[-8, -128, 13, -5, 0, -4, -9, -24]
[2, 70, -1, -7, -9, -4, -2, -24]
[0, -20, 4, -4, -3, -2, -5, -25]
[1, 3, 8, 1, 6, 0, 0, -23]
[-1, 39, -1, 18, -8, -6, -2, -21]
[-2, 25, -2, 7, 20, 5, 0, -24]
[0, -28, -4, -5, -11, -5, 1, -26]
[2, -2, 3, 20, -3, 1, 2, -23]
[-1, 2, -5, 30, -4, -2, 3, -23]
[-2, -5, -7, -21, -15, -5, 0, -23]
[-1, 56, -10, -19, -8, 1, 0, -25]
[1, 0, -10, -1, -3, 16, 7, -23]
[1, -45, 6, 3, -5, -4, -4, -22]
[-2, -35, 3, 27, -4, -3, 3, -23]
[-1, 6, 0, -1, -4, -5, 1, -23]
[-3, 41, 1, 2, -2, -7, 1, -23]
[-2, 114, -4, -7, 11, 3, 4, -23]
[-2, -6, -3, -2, 2, 1, 1, -25]
[-2, 23, -6, 0, -9, -3, -1, -23]
[1, -90, 6, -6, 3, -3, -4, -23]
[-1, -38, 0, 0, -19, -4, -2, -24]
[1, -53, 2, 7, -4, -5, -7, -24]
[0, -60, 3, -2, 4, 0, -2, -23]
[0, -63, 0, -15, -8, -3, -1, -23]
[0, -19, 0, -7, -1, -1, 6, -23]
[-3, 10, -2, -1, -9, -1, 0, -24]
[-1, 82, 1, 19, 20, 3, 0, -22]
[-1, -45, 0, -16, 11, -2, 0, -23]
[-3, -30, 0, -1, 0, -2, -2, -24]
[2, 25, -2, -9, 2, 3, 8, -23]
[1, -64, -1, -2, 22, 1, -1, -24]
[-2, 73, -6, 7, -11, -3, -1, -23]
[0, 93, -3, -11, -1, -8, -5, -22]
[-2, -113, -15, -9, 2, 3, 1, -23]
[-2, 89, -12, 6, -13, -3, 3, -26]
[0, -115, -8, 4, -6, 7, 4, -28]
[-3, -39, 1, 1, -2, -6, -3, -27]
[15, -3, -7, 8, 7, 3, 1, -24]
[-1, -12, -6, 6, -11, -1, 1, -25]
[-6, 58, -10, 9, -4, -3, 3, -22]
[-6, -20, -1, -1, 5, 1, 1, -26]
[-8, -11, 0, -13, -16, -6, -1, -24]
[-3, -10, -1, -3, 2, -2, -1, -23]
[2, -52, 9, 5, 4, 1, -1, -23]
[1, 18, -5, 2, -3, 1, 2, -24]
[9, -67, 5, -7, -8, -2, 0, -24]
[7, -86, 6, -1, -9, -6, -5, -27]
[-9, 38, -2, 0, 4, -5, 0, -21]
[0, 51, -13, -4, -9, -3, -2, -23]
[1, -3, 1, 13, 14, 5, -2, -24]
[-2, 17, -6, -18, -5, -2, 3, -24]
[1, 68, -1, -18, 1, 1, 1, -22]
[3, 15, -1, 15, -10, -1, -2, -24]
[-1, -45, 2, 26, 2, -2, 1, -24]
[3, -88, 11, 11, 9, -2, -3, -23]
[1, -62, 0, -29, 3, 3, -8, -22]
[0, 8, -1, 21, 6, 2, 4, -24]
[1, -23, 6, -2, -14, -3, -3, -24]
[0, 66, -4, 3, -9, 0, 3, -20]
[1, 35, -3, -3, -7, -3, 0, -24]
[-1, -54, -4, -4, 6, -1, -2, -25]
[-1, 56, -10, -12, -6, 5, 3, -23]
[-1, 20, -2, 12, 16, 1, 1, -24]
[-1, -81, 3, -4, 5, -3, -1, -24]
[0, -31, -1, -14, -6, -1, -3, -24]
[1, 12, -7, -8, -7, 0, -1, -22]
[0, -55, -5, -15, -3, 1, -4, -25]
[-1, -29, 3, -10, 16, 4, -3, -23]
[0, -11, 2, 1, -5, -6, -6, -21]
[-1, -106, 0, 14, -5, -2, -1, -25]
[-2, 105, -7, 3, -20, -5, 1, -23]
[-1, -88, 8, 2, 1, -5, -8, -24]
[-3, 64, -8, -7, -14, -5, -3, -24]
[5, -115, 7, 2, 31, 7, -7, -24]
[-1, -38, -1, -5, -8, -3, 1, -23]
[-3, -86, 2, -8, 6, 0, -1, -23]
[-2, -3, 4, -4, 22, 3, 0, -23]
[-1, -71, 7, -4, 4, -2, -4, -23]
[-1, -34, 7, -6, 3, -1, -6, -23]
[-1, -14, 0, -2, -2, -6, 0, -22]
[-3, -27, -3, -3, -9, -4, 4, -25]
[-5, 27, 4, 3, 12, 6, -1, -24]
[1, -16, -15, 2, -14, 6, -2, -25]
[-2, 63, 2, -3, -4, -11, -3, -21]
[10, -87, -21, -5, 11, 3, 1, -25]
[-4, 81, -22, 4, -7, 2, 6, -25]
[7, -64, 23, -6, 11, -9, -11, -20]
[-1, -95, -27, -13, -3, -2, -3, -25]
[-2, -71, -10, 3, 14, 7, 2, -25]
[-7, 16, 13, 5, -9, -3, -1, -20]
[0, -128, 19, -9, 23, 2, -5, -25]
[1, 125, 0, -1, -9, 0, 4, -23]
[-1, 0, 4, -6, 0, -1, -2, -24]
[-1, -55, -7, -12, -15, 0, -3, -22]
[-5, 103, -1, 17, -5, -9, 0, -23]
[3, -11, 5, 1, 12, 0, -1, -24]
[2, -95, 6, -16, -6, 3, -7, -25]
[-2, -2, 1, 23, -6, 0, 2, -25]
[2, -73, 10, -3, -22, 0, 14, -25]
[8, -69, 14, -25, 5, 15, 74, -25]
[0, -16, -2, 28, 17, 13, 29, -24]
[0, -17, 3, 4, -5, -6, -20, -22]
[-2, 50, -10, -13, -13, 0, -16, -22]
[-5, 54, 8, 5, 20, -1, -14, -23]
[-2, 86, -4, 31, 1, 0, -9, -23]
[-5, 60, -10, 0, 2, -1, 1, -24]
[-3, 95, -8, 6, 8, 2, -4, -23]
[-2, -6, -1, 6, -7, -3, -3, -23]
[-2, 80, -7, -4, 1, 0, -1, -22]
[-2, 53, -4, 11, 30, 8, 6, -23]
[-1, -24, -4, 3, -4, -1, -4, -25]
[-10, -48, 8, 11, 9, 0, 1, -21]
[-5, 30, -5, 2, -15, 0, 3, -23]
[3, -56, -1, 3, -9, 0, -4, -26]
[1, -52, -4, 7, 10, 3, -3, -25]
[0, -71, -4, 1, -8, 0, 1, -24]
[0, -50, 3, 9, 6, 0, -10, -23]
[0, -25, 1, -4, 11, 8, 4, -23]
[0, -39, 1, 0, 2, -1, -2, -25]
[-3, 81, 1, -9, -14, 0, 1, -22]
[-2, -58, -1, 2, -26, -2, -1, -23]
[1, -45, -2, -7, -17, -3, 0, -23]
[-2, 24, -1, -1, 0, 0, -1, -23]
[0, -45, 3, 5, 10, -1, -3, -23]
[-4, 2, -2, 0, -4, 2, 3, -24]
[-12, 64, -8, 2, 3, 1, 3, -20]
[1, -39, 5, -9, 1, -7, -4, -37]
[0, 48, -3, -1, 0, 2, 2, -21]
[-4, 100, -2, 6, 0, 4, 2, -19]
[2, 36, -3, -5, -13, -7, -1, -22]
[-6, -128, 12, -8, -2, 1, -1, -24]
[4, -82, 4, 6, 4, -4, -2, -21]
[-1, 66, -31, 5, -7, 11, 14, -28]
[-3, 28, -8, -3, -1, -4, 1, -24]
[5, -104, 10, -7, 21, -1, -9, -24]
[5, -5, 0, -3, -2, -3, 1, -20]
[-1, 66, 3, 11, 1, 1, 4, -26]
[-3, -18, 6, -7, -3, -1, -4, -24]
[0, 92, -4, 6, 0, 3, 3, -21]
[0, -12, 7, 2, -9, -5, 3, -24]
[4, -92, 0, -7, -5, 14, -2, -24]
[4, -44, 1, 10, -10, -5, 1, -24]
[-2, -4, -2, 7, -5, 1, 1, -22]
[0, 3, 6, 24, -7, -8, -6, -23]
[-2, -22, 1, 8, 12, 0, 1, -24]
[-2, 71, -2, -18, -9, 1, -2, -23]
[2, -36, 2, -22, -15, -9, -2, -25]
[-4, 45, -3, 9, -13, -4, -16, -22]
[-1, 23, 1, 9, 29, -3, -5, -24]
[-1, -10, -1, 21, -19, 1, 0, -23]
[-1, 4, -4, 9, -5, -6, 5, -24]
[-2, -15, 2, -12, -1, 1, 1, -23]
[-1, 21, -10, -21, 30, 5, 4, -24]
[-9, 22, 2, 2, 7, -7, -3, -21]
[2, -58, 1, -6, -9, -1, 0, -23]
[2, -122, 6, -3, 5, 0, -3, -24]
[2, -128, 5, -5, 0, 3, -2, -24]
[-3, 60, -7, 16, 12, -2, 0, -23]
[-1, 22, -1, 22, 0, -7, 1, -24]
[1, 0, 0, -8, 5, 6, 2, -23]
[5, -8, -1, 10, -2, 0, 4, -24]
[-3, 101, -9, -6, -12, 0, 3, -23]
[-3, 36, -4, 8, 9, 4, 2, -24]
[2, -13, -2, -10, -14, -3, -1, -26]
[-2, 49, -9, -1, -15, -4, 1, -22]
[-3, 17, 7, -4, 7, 0, -5, -22]
[-7, 72, -18, 0, -5, 2, 8, -22]
[4, -5, 5, -5, 5, -5, -5, -23]
[1, -30, 10, -4, 6, -2, -3, -24]
[2, 5, 0, -5, -9, -1, -3, -23]
[0, -69, 3, 3, 13, 1, -1, -24]
[-5, 6, -12, -3, -5, 0, 1, -25]
[1, -21, 1, -2, 8, 2, -4, -21]
[-5, 45, 7, 1, 7, -3, -3, -21]
[1, 17, 7, 0, 24, 3, 0, -24]
[-2, -10, -6, 4, -13, -4, -1, -26]
[0, 4, -2, 11, -8, 0, -2, -24]
[2, -120, 0, -6, 1, 6, -4, -25]
[2, 70, -30, 0, 25, 7, 5, -23]
[1, 25, 7, -9, -6, -4, -2, -24]
[1, -8, 5, 2, -3, 6, -1, -24]
[-3, 27, 7, -3, 2, -4, 0, -22]
[-1, 17, 7, 0, -1, -1, -4, -22]
[-1, 78, -1, -8, 6, -1, 1, -21]
[1, -14, -3, 12, -10, -4, -1, -24]
[-2, 47, -3, -5, -9, 0, 2, -25]
[-1, 1, -4, -7, -9, -1, 3, -22]
[2, -47, 2, 2, -6, -10, -8, -25]
[-2, -32, -1, -1, 9, 0, 4, -23]
[0, 5, 0, -6, -15, -1, -1, -24]
[1, 72, -2, -4, -21, -9, -2, -22]
[-4, 70, -1, 7, -6, -6, 0, -23]
[0, -42, -3, -11, 11, 4, 1, -23]
[-2, 47, -4, -17, -1, 0, -2, -23]
[-2, 73, -3, -14, -20, -5, 0, -23]
[-3, 87, -10, 1, -15, -7, -1, -22]
[-3, 13, -4, 15, -6, -2, 0, -24]
[-1, 36, -4, -1, -2, 7, 2, -23]
[-2, 41, 1, -5, -7, -2, -2, -23]
[0, -47, 5, 2, -7, -3, -3, -22]
[0, -28, 4, -5, 9, -2, 1, -24]
[-1, -11, -2, 18, 1, 1, 1, -24]
[-11, -19, 1, 0, -5, 0, 1, -25]
[4, -26, -1, -10, -1, 4, -3, -24]
[2, -12, -3, -7, -8, -3, -1, -22]
[-1, 68, -11, 7, 4, 1, 2, -22]
[-2, 62, -2, 2, -2, -3, 1, -23]
[-1, -71, 0, 1, -4, -3, -1, -24]
[0, 2, -1, -6, -3, -5, 0, -23]
[-1, 15, 1, 4, 7, -2, -2, -23]
[1, -16, -3, 2, -5, -5, -1, -24]
[-1, -35, 3, -2, -1, -1, -3, -25]
[-1, 13, -17, 3, -13, 1, 11, -24]
[-2, -19, 4, -5, 3, 6, -4, -23]
[1, 16, 10, -4, 36, 3, -3, -23]
[2, 16, -3, 6, -13, -3, 2, -23]
[-1, -3, 3, -6, 1, 4, -3, -23]
[-2, 38, -10, 2, 19, -4, 1, -23]
[-1, -20, -7, -2, -13, -5, -3, -23]
[2, -43, 5, -2, 8, 0, -1, -22]
[-2, 35, 1, 12, -10, -1, -1, -22]
[-1, 30, -24, -10, -3, 2, 0, -23]
[0, -38, -2, -1, 2, -2, -2, -26]
[0, -4, 0, -5, -15, -5, 0, -24]
[-1, 26, 4, 2, -5, -2, -2, -22]
[3, -112, 6, -5, -13, -2, -3, -23]
[1, -17, 5, -1, -17, -10, -2, -23]
[-3, 71, -4, 17, -7, -1, -1, -24]
[-1, -51, 3, -19, -10, -2, -4, -23]
[1, 32, 3, 2, 15, 5, -3, -22]
[-3, 37, -7, -6, 3, 0, 1, -24]
[1, -47, -3, 24, -10, 0, 2, -26]
[0, -26, -1, -19, 3, 4, 3, -24]
[1, 19, -2, -1, 12, 1, -2, -21]
[-3, 62, 3, 28, -4, -5, 0, -22]
[1, -87, 4, -14, -16, -6, -7, -23]
[3, -89, 3, -18, -8, -1, -3, -23]
[0, -63, 0, -5, -8, -4, 0, -23]
[-2, 51, -3, 7, -2, -2, -3, -23]
[2, -61, -1, -19, -13, -2, 0, -25]
[0, -53, 0, 11, 4, 0, -2, -24]
[-3, -5, -2, -3, -4, -4, -5, -24]
[2, 13, 2, -7, 8, -1, 0, -21]
[-1, 16, 2, 1, 18, 0, 3, -22]
[1, 27, 1, 3, -13, -3, 1, -23]
[-4, 41, -7, -1, -9, 3, 5, -25]
[2, -29, 0, -10, -15, 0, -4, -24]
[2, -55, 8, -7, 44, 3, -5, -23]
[1, -86, 2, 4, -4, -2, -1, -23]
[1, -28, 2, 2, 3, -2, 0, -25]
[2, -31, -1, -4, 14, 3, 0, -24]
[-3, 83, -4, -3, -2, 6, -7, -22]
[0, 12, 0, -5, -9, 1, 1, -22]
[-3, 127, -6, 4, -1, 4, 0, -23]
[-7, 69, -7, 0, 7, 4, 4, -20]
[5, 5, 2, -1, -11, -8, 0, -22]
[-3, 100, 0, -3, -6, -2, 2, -22]
[4, -61, 15, 1, 10, -4, -1, -23]
[0, 60, -9, 4, 10, 0, 0, -24]
[5, -49, -1, -4, -4, 4, 2, -26]
[4, 127, 4, -8, 4, -3, -8, -13]
[2, -48, -1, 0, -14, -5, 1, -24]
[4, -63, 17, -3, 9, -3, -4, -24]
[1, -43, 1, -3, 2, -1, -4, -23]
[-3, 124, -7, 8, 8, 5, 4, -23]
[-3, -36, -2, 8, 11, -2, 0, -24]
[2, 0, 15, -9, 27, 2, -5, -23]
[-15, -44, -24, -8, -13, -2, -3, -21]
[1, -29, -2, 1, -2, 7, 0, -25]
[1, -38, 1, -9, 2, 0, 1, -24]
[0, 21, 4, 1, -5, 1, -1, -24]
[0, 69, -4, -1, -22, -6, 5, -23]
[0, 9, 2, 26, 12, 1, -3, -24]
[6, -73, 2, -16, -4, 6, 3, -25]
[1, 49, -3, 2, -3, -3, 2, -22]
[3, -9, -2, 17, 5, 2, 7, -23]
[-6, 49, -9, -12, 8, 1, 1, -23]
[1, -18, -4, -11, -3, 2, 1, -22]
[0, 17, 5, -20, 2, -3, -4, -23]
[2, -2, 0, 9, -2, -5, -6, -23]
[-2, 74, -5, 10, -7, -4, 1, -22]
[-10, -128, 8, -8, 2, 2, -1, -25]
[-1, -54, 2, -9, -24, -5, 0, -23]
[-3, 81, -10, 8, 29, 6, 2, -22]
[3, -68, 3, -12, -7, -2, -5, -24]
[-3, 127, -14, -2, -1, -1, 0, -21]
[0, -29, 2, -1, 2, 1, 0, -22]
[4, -77, 10, 1, -8, -3, -7, -22]
[0, -50, -1, -1, -3, -5, -2, -23]
[-2, 38, -1, -4, -12, 0, 4, -23]
[-2, -33, -1, 3, 2, 0, 3, -24]
[-2, 2, -2, 20, 0, -2, -1, -25]
[-3, 88, -6, 5, -16, -2, 2, -22]
[-1, -13, -5, 1, -12, -3, 0, -22]
[2, -89, 5, -5, -4, -1, -3, -23]
[-1, 15, 0, -4, -3, -1, -3, -22]
[-3, -79, 1, -8, -1, 1, -1, -25]
[-1, 22, 2, 0, 13, 5, -2, -23]
[-4, 22, -14, 4, -17, 0, 4, -23]
[3, -29, -2, -3, -12, -3, 0, -26]
[-1, 43, 3, -3, -4, -3, -5, -22]
[1, 2, 13, -3, 15, 2, -3, -23]
[0, 2, -3, 3, -1, -2, -1, -22]
[-3, 2, -7, -3, -8, -4, -2, -23]
[-3, 56, -11, 13, -23, 5, 6, -24]
[3, -38, -8, -5, 11, 5, 1, -22]
[1, -75, 2, -9, 9, 1, -1, -25]
[0, 25, 5, -3, -2, -3, 0, -23]
[-1, 6, -1, 0, 13, 5, 4, -24]
[1, -24, 8, -13, -15, -5, -8, -23]
[-2, 5, 1, 4, 5, -5, 8, -21]
[-1, 47, -3, 0, -15, -8, -8, -23]
[-3, 49, -4, -4, 0, -1, -2, -22]
[1, -83, 4, -8, 3, -2, -5, -22]
[-3, 88, -10, -7, -24, -6, -3, -24]
[3, -7, -2, -6, 1, 4, -4, -23]
[3, -55, 4, 9, 4, -3, -4, -23]
[-4, -36, -3, 6, -9, -5, -5, -25]
[0, 46, 1, 2, -1, -3, 1, -23]
[3, -68, 7, -14, -1, -5, -3, -25]
[0, -50, 4, 4, 10, -2, -2, -24]
[-3, 7, -2, -29, -3, 1, 3, -22]
[-4, -19, -4, 1, -3, 3, 2, -26]
[-13, 9, 3, -1, 18, 7, -4, -21]
[-1, 41, -4, 8, -6, 2, -1, -25]
[-3, 42, -8, 8, -1, 1, 2, -23]
[-2, 18, -5, 14, 1, 3, 2, -24]
[-1, -31, -1, -1, 7, 6, 1, -24]
[-2, 56, 0, 15, -5, -6, -2, -24]
[-3, 30, -4, -4, -6, -1, 1, -24]
[2, -30, 5, -8, -8, -4, -1, -22]
[0, -27, 3, -1, -3, -6, -3, -21]
[-1, 6, -4, 6, 12, 1, 3, -22]
[-1, -51, 4, 3, -5, -3, -4, -23]
[4, -29, 6, 0, -9, -4, -11, -21]
[3, -106, -60, 9, -24, 6, 17, -32]
[-4, -34, 24, -9, 34, -2, -9, -18]
[-20, -128, -5, -21, -5, -2, -3, -28]
[-6, -72, -30, 5, -23, -6, -7, -25]
[8, -63, -14, 3, -26, 0, 7, -20]
[-3, -46, -20, 9, 8, 6, 4, -28]
[5, 64, 5, 14, 3, 5, 4, -22]
[4, 1, -11, 1, -25, -10, -4, -23]
[1, 62, 4, -3, 5, -3, 4, -23]
[-2, 6, -4, 7, 0, -2, -1, -25]
[-1, 31, -5, 4, -12, -4, 2, -25]
[0, 76, 2, 19, 15, -5, -2, -21]
[2, -23, -3, 17, -4, -2, 2, -22]
[0, 43, -10, -1, -4, 1, -2, -18]
[-2, 28, -18, -2, 10, 3, 1, -22]
[0, -3, -7, 8, 3, 9, 3, -28]
[3, -72, 14, 0, 18, -3, -1, -22]
[-8, 53, -5, -12, -28, -6, -4, -25]
[2, 52, -4, 21, -18, -2, 2, -23]
[0, -19, 0, -12, 1, 3, -6, -21]
[3, -103, -12, -5, 15, 2, -4, -23]
[-3, 72, -21, -8, -10, -8, -1, -25]
[-2, 70, -8, 6, -4, -9, -2, -21]
[-1, 4, 4, 7, -1, -4, 1, -24]
[-2, 32, 2, 0, -8, 2, 2, -24]
[5, -86, 8, -3, 14, -1, -4, -25]
[-2, -14, 16, 1, -2, 1, -1, -23]
[0, -96, -7, 14, 19, 4, 2, -24]
[-2, 98, -6, -12, -5, -3, 1, -23]
[0, -74, 6, -17, 14, -1, -8, -23]
[-2, 41, -10, 3, 1, 3, 4, -22]
[2, 27, -9, -16, -22, -5, -2, -22]
[3, 38, 3, 19, -13, -7, 4, -23]
[1, -3, -5, -2, 0, -4, -3, -24]
[-4, 38, 18, -7, -2, -2, 1, -23]
[-3, 40, -3, -18, -10, -2, 1, -23]
[-4, 79, -8, -3, 8, 1, 0, -24]
[-1, 33, -9, 12, -8, -5, 3, -23]
[-16, -31, 14, -2, -5, -5, 0, -19]
[6, 28, 2, 2, 0, -3, -3, -22]
[-4, -60, 11, 1, -2, 1, -3, -27]
[4, 71, 16, 9, 24, 7, 0, -23]
[-6, -10, -28, -8, -17, -8, 1, -23]
[-1, -57, -15, 1, -15, 4, 4, -29]
[0, 41, -23, 2, 5, 3, 3, -22]
[0, 79, 7, 0, 5, -3, 2, -20]
[-3, 115, -3, 1, -8, -1, -3, -24]
[4, -36, -15, -4, -18, -2, 1, -23]
[0, 35, -5, -2, 2, -1, 1, -22]
[2, -62, 4, -14, -9, -5, -2, -24]
[-1, 118, -40, 7, -9, 3, 8, -23]
[-5, -34, 2, -2, -15, -3, -3, -23]
[-3, -18, -7, 7, -10, -5, 2, -24]
[-1, 113, 0, 3, 7, -2, -1, -23]
[-4, 34, -8, 15, 3, 8, 7, -24]
[0, -4, 3, 20, 3, 2, 2, -25]
[0, -36, -1, -13, -10, 0, 1, -24]
[3, 3, 0, -15, -4, -4, 0, -25]
[-2, 19, 4, 12, -8, -4, 0, -21]
[1, 83, -8, -17, 18, 6, 3, -22]
[-1, 50, -4, 29, 35, 10, 1, -25]
[0, 3, 3, -6, -21, -3, 1, -21]
[-1, 15, -3, 2, 9, 3, 1, -21]
[-1, 94, -6, -2, -9, -1, 2, -22]
[1, -3, 2, 28, 34, -3, 0, -20]
[-2, 70, -15, -12, -14, -3, 1, -24]
[0, -86, 7, -5, -2, -2, -5, -24]
[-1, 12, -4, -7, -1, -3, 0, -25]
[0, -43, 8, -4, 11, -5, 0, -21]
[-1, -74, -1, 9, 8, 4, 0, -24]
[-2, 54, -4, -3, -21, 1, 0, -24]
[1, -20, 0, -1, -12, -6, -1, -24]
[-1, -96, -6, -1, 9, 2, -3, -26]
[0, 87, 12, 7, 23, 4, -6, -20]
[-2, -61, -7, 1, 3, 0, 2, -26]
[1, -21, 2, 7, 1, -6, -4, -20]
[-7, 13, -9, -2, -4, -3, 2, -24]
[-1, 50, -6, -5, 18, 5, 0, -22]
[-15, 127, -1, 11, 9, 3, 1, -20]
[6, -21, 8, 8, 3, 9, 4, -23]
[-2, -74, -14, 5, -10, -1, -1, -22]
[3, -44, -1, -13, -7, -1, 1, -24]
[4, -98, 8, -11, 8, 5, -5, -21]
[0, 3, -2, 1, -12, -6, -2, -23]
[0, 57, 3, -23, -10, -7, 0, -23]
[-1, 54, -3, 25, 0, -2, -1, -23]
[-1, -36, -7, 38, 10, 2, -3, -24]
[-1, 106, -21, -8, -9, 3, 5, -24]
[-1, -11, 8, 3, -8, -1, -1, -24]
[-2, -27, 5, -7, -10, 4, -4, -23]
[-3, 29, -7, 12, -4, -2, 3, -23]
[-2, -5, -3, -15, -12, 0, -3, -24]
[1, -29, 7, 18, -4, -4, -4, -22]
[-3, 43, -3, -14, -23, 0, 2, -24]
[4, -54, 2, -21, -1, 1, 0, -22]
[2, -63, 3, -18, -6, 4, -3, -23]
[3, -128, 4, -32, -5, -6, -4, -24]
[0, 21, -6, -2, 2, 0, -1, -24]
[1, -44, 4, -10, 2, -3, -2, -24]
[0, -55, 2, -14, -6, -5, -2, -23]
[-9, -92, 17, 11, 0, -2, -5, -23]
[1, 69, -3, -2, 16, -5, -2, -21]
[2, -97, -4, -5, 2, -1, -2, -22]
[4, -18, -2, -1, 1, 3, 0, -23]
[-12, 127, -3, -5, 4, -7, -1, -18]
[-9, -58, 18, -4, 5, 8, -3, -26]
[32, -108, -10, 1, 3, -1, 0, -21]
[0, -16, -8, 8, -1, -6, 7, -22]
[-14, -45, 0, 1, -8, -5, 0, -25]
[-1, -19, -6, -15, -5, -2, 1, -24]
[-1, 78, -2, 3, -1, 0, 2, -23]
[-5, 29, -5, 4, 8, 6, 0, -26]
[-6, -64, 9, 25, 4, -4, -6, -25]
[1, -31, -4, -3, -9, 0, -1, -25]
[1, 11, 9, -10, 11, 9, -2, -21]
[3, 60, -1, 6, -11, -7, -1, -23]
[-2, 20, -9, 1, 4, 0, -1, -21]
[1, 88, -5, 4, 10, -1, 5, -22]
[-2, -19, 2, -9, 1, -3, -5, -23]
[-4, 73, -6, 6, -4, -2, -3, -25]
[-2, -52, -4, 16, 9, 7, 2, -28]
[-1, 38, -1, -18, -17, -4, 0, -23]
[-5, 80, -16, 11, -29, 8, 12, -26]
[-2, -19, 0, 20, 2, -3, 0, -23]
[1, -34, 3, -25, -6, -8, -7, -23]
[0, 61, -3, 31, 17, 3, 6, -23]
[2, 59, -6, -32, 1, 2, -4, -25]
[3, -60, -12, -6, -6, 1, -2, -24]
[-3, 57, -5, 6, -5, 1, 2, -23]
[-1, 83, 1, 1, -6, -4, -3, -22]
[3, -55, 0, -8, 1, 2, -1, -23]
[-1, 32, 1, 12, 11, 2, -2, -24]
[-2, 23, 4, -8, 11, -2, -7, -24]
[1, -37, 5, -14, 26, 10, -3, -23]
[-8, 63, -1, -17, -6, -9, -6, -22]
[23, -32, 48, -26, 29, -7, -10, -8]
[2, 42, -4, 0, -10, -1, 2, -26]
[0, 58, -2, 2, -1, -3, -3, -22]
[-3, 20, -11, -13, 8, 4, -1, -25]
[1, -47, 5, -7, -2, -8, -6, -24]
[4, 43, -5, 1, 1, 0, 0, -25]
[2, -13, 8, 8, -9, -4, -1, -22]
[-2, -109, 10, -1, 7, 3, -3, -23]
[-3, 49, 4, 6, -6, -3, 3, -24]
[-5, 4, 0, -4, 13, 4, 3, -27]
[-4, 83, -17, -7, 17, 0, 3, -26]
[18, -87, 40, -42, 1, -9, -14, -11]
[2, -119, 0, -14, 7, 0, 3, -27]
[-7, -18, -14, -4, -14, 4, -6, -24]
[-5, -49, -11, -8, -14, -1, 4, -27]
[-1, -15, -3, 10, -12, -2, 0, -26]
[-4, 18, -15, -2, -23, 8, 3, -26]
[-5, 82, -7, 1, -2, -3, 4, -23]
[-5, 88, -9, 1, -10, -4, 4, -24]
[0, 1, -17, 18, 3, 2, 5, -37]
[-5, -99, 0, 13, 16, 2, -7, -22]
[-2, -60, -5, -1, 0, 13, 3, -23]
[5, -70, 10, -3, -4, -9, -18, -20]
[-1, 48, 1, -11, -8, 0, 2, -22]
[-4, 89, -8, 3, 17, 2, 9, -23]
[-1, -78, 2, 8, 5, -4, -1, -22]
[-2, -10, 8, 25, 2, 7, 4, -24]
[-3, 83, -8, 6, -13, 8, 5, -22]
[-1, 120, -3, -7, 8, 10, 5, -20]
[-3, 15, -3, 19, 0, -1, -1, -22]
[1, 71, -1, 1, 2, 3, 0, -22]
[-3, -32, -3, -9, -13, -7, -1, -23]
[2, -23, -2, -32, 1, -2, 0, -24]
[1, -43, -6, -1, 1, 2, 0, -25]
[-3, 127, -8, 17, -8, -2, 6, -22]
[0, 49, 4, -8, -2, -5, -3, -22]
[-1, -30, 4, 2, 16, 3, -1, -22]
[-1, 32, -4, 2, -16, 2, 0, -24]
[-5, 96, -3, -10, -4, 1, -4, -23]
[2, -20, 9, -5, 1, -3, -10, -23]
[-2, 105, -14, 2, -10, -3, -6, -23]
[-1, 19, -12, 4, -9, -3, 7, -21]
[0, -22, 8, -7, 13, 3, 1, -23]
[11, -122, 14, -13, -11, -5, -1, -23]
[1, 51, -8, 2, -8, 0, 1, -23]
[0, -59, 3, 9, -15, -12, -8, -21]
[5, -81, 9, -5, -5, 0, -1, -22]
[2, -83, -4, -3, -1, 8, 4, -26]
[-3, 24, -18, -10, -10, -12, 0, -25]
[-1, 52, 17, -3, 5, 3, -2, -23]
[3, 18, 1, 4, 1, -2, 0, -23]
[-6, -87, -12, -1, -4, 8, 7, -23]
[0, 4, 0, -10, 7, 5, 0, -23]
[5, -86, 11, -7, -4, -5, -4, -23]
[0, 20, 8, 26, 11, 4, 0, -19]
[-2, 26, 0, -19, 5, -5, -1, -24]
[0, -4, -7, 9, 6, 3, 8, -24]
[-2, -5, -2, -25, -16, -8, -4, -21]
[0, 36, 1, 7, 0, -3, -3, -22]
[1, 25, -1, -5, -7, -2, 0, -24]
[5, 49, 23, -16, 19, -6, 0, -10]
[0, -7, -2, -10, -10, -8, -4, -26]
[0, -76, -5, 7, 1, 0, -8, -27]
[-6, 74, -9, -6, -5, 3, 3, -23]
[0, -37, 4, 1, 4, 1, -3, -22]
[1, -55, 1, -15, -5, -3, 0, -24]
[-2, -16, -9, -1, 7, 8, 9, -24]
[-1, 17, -1, -16, -15, -3, 1, -24]
[2, 29, -7, 6, 1, -2, 5, -25]
[1, -9, 1, 0, 1, -4, -4, -26]
[-2, 95, -2, -7, -8, 4, 3, -22]
[-6, 89, -7, -2, -13, -11, -6, -17]
[1, 55, -3, -27, -8, -7, -4, -26]
[0, 0, -3, -17, -15, -4, -4, -25]
[-2, -78, 1, -3, 12, 9, 13, -25]
[-4, 85, -13, 3, -4, -2, 2, -21]
[-5, -128, -3, 0, 5, 1, -2, -23]
[-1, 85, -1, 6, 17, 4, 0, -25]
[0, 42, -1, -5, -14, -6, -1, -23]
[-1, -53, -3, -2, -7, -2, 0, -23]
[3, 35, 6, 2, 4, -1, -4, -21]
[-4, -48, 15, -2, -1, -3, -14, -22]
[1, -9, 3, 30, 0, -4, 0, -24]
[-1, -19, -7, -2, -25, -5, 4, -26]
[0, -29, -7, 6, 8, 3, 7, -23]
[1, -61, -7, -2, 6, 9, 0, -24]
[2, 64, -2, 5, 15, 1, 1, -23]
[0, 46, -1, -19, 29, 7, 1, -22]
[-4, 95, -8, -4, -10, 5, 1, -23]
[0, -12, 1, -3, -2, 8, -1, -21]
[6, 24, -7, 0, -18, 0, 1, -24]
[1, -13, -1, 2, 4, -8, 0, -23]
[-3, -41, 3, -6, -8, -1, -1, -21]
[-3, 41, -4, -5, -6, 2, 0, -24]
[-5, 48, 2, 27, 18, -3, -1, -24]
[2, -117, 7, -45, -30, -13, -3, -23]
[-5, -35, -6, -23, -7, -2, -8, -25]
[4, -115, 4, -9, -2, -2, -3, -24]
[-4, 43, -5, -31, 6, 1, 1, -24]
[4, -4, -4, 2, -6, -3, 0, -23]
[3, 7, -2, 39, 1, 0, 1, -23]
[-2, 16, -1, -19, -20, -1, 1, -22]
[-4, -90, 3, -3, 2, -5, -1, -25]
[-2, -16, -1, -24, 6, 5, 0, -24]
[0, 32, -2, 7, -13, 4, 3, -22]
[-4, 42, -3, 10, -10, -4, 0, -24]
[-10, -118, 7, 3, -9, 2, -2, -24]
[4, 86, -4, -18, 9, -2, -4, -22]
[3, -3, -1, 4, 4, -1, 2, -24]
[-1, 32, -2, 5, -3, -1, -4, -22]
[0, 32, -7, -6, -6, -2, -6, -23]
[2, 62, -5, 7, 3, 3, 5, -25]
[-1, -66, 4, 7, -15, -4, -4, -24]
[-2, -19, 1, 13, -7, -4, -2, -22]
[1, -54, 1, -4, -4, 1, -2, -24]
[0, -70, 4, -3, 13, 3, -7, -24]
[-2, -40, 0, -5, -1, -2, 1, -22]
[-5, -110, -15, 6, -3, 5, 2, -28]
[14, 53, 11, -4, -1, -11, -11, -19]
[-3, 124, -15, 6, -26, -2, 6, -23]
[-2, 34, 3, 1, 11, 3, 0, -21]
[-3, 32, -2, 5, -6, -2, 2, -23]
[-4, 59, -3, -5, -6, -3, -3, -23]
[-2, 1, 2, -4, -5, 0, -2, -25]
[-9, -72, 6, -11, -10, 8, 1, -24]
[0, 2, 3, -2, -3, 0, -2, -21]
[0, -83, 1, 4, -1, -1, -2, -24]
[-2, 52, -2, -2, -16, -7, 0, -24]
[3, -108, 6, 1, 4, -1, -3, -24]
[-1, 108, -1, 1, -1, -2, 0, -22]
[-2, 28, -2, -13, -8, -2, -1, -23]
[-2, -9, 2, 9, 20, -4, -1, -24]
[-2, 49, -1, 0, 4, -3, 0, -24]
[-1, -51, 2, -1, 3, 0, -1, -23]
[-2, -71, -2, -20, 4, -3, -2, -22]
[-2, -9, -8, 46, 3, 4, 1, -23]
[0, 62, -1, 2, -1, 0, -1, -22]
[2, -4, -1, -20, -8, -3, -1, -21]
[-4, -44, 5, 9, 0, -6, -4, -24]
[1, -22, -5, -6, 1, 1, 3, -24]
[2, 10, -4, -21, -14, -2, 0, -23]
[-3, 25, -4, 4, -12, -2, -3, -23]
[1, -45, 0, 9, 11, 10, 0, -24]
[1, -62, -2, -9, -3, -8, -5, -25]
[0, -9, 1, 10, -16, -4, 0, -22]
[-2, -9, -1, -1, -4, -3, -2, -24]
[0, 51, -3, 9, -6, 4, 3, -24]
[-3, 49, -6, 4, 2, 2, 1, -23]
[-9, -128, 8, -8, 3, -5, -6, -23]
[3, 29, -3, -7, 4, 1, -2, -24]
[1, 69, 4, -1, -1, 0, -1, -20]
[2, -30, -1, -2, -1, 0, -2, -24]
[-1, 29, -2, 3, 6, -3, -2, -22]
[2, -70, 4, -6, -7, 8, 4, -24]
[2, 89, -3, 4, -6, -6, -3, -21]
[-4, 1, 1, 6, -11, -10, -5, -24]
[1, -80, 1, 8, 4, 1, 0, -26]
[1, -3, -3, -5, 8, 3, 1, -21]
[-5, 70, -8, 7, 14, 4, 4, -25]
[1, -25, 0, -4, -21, -7, -1, -23]
[1, -53, 3, 4, 5, 2, -3, -23]
[3, -122, 12, -9, -2, -4, -3, -27]
[4, 66, 16, 1, 30, -3, -5, -16]
[-1, -5, 0, -2, -7, 0, 4, -26]
[1, 92, 2, 1, -12, 0, -1, -24]
[1, -84, 3, -8, 3, 0, -3, -25]
[1, -13, -2, 4, -15, -4, -2, -21]
[-5, 54, -8, 1, 0, -6, 1, -24]
[1, 11, -14, 12, 30, 13, -2, -22]
[-4, 83, -4, 15, -7, -7, -1, -23]
[3, -47, 6, -10, -3, 3, -2, -24]
[-2, -1, 4, 2, 11, 2, 0, -25]
[-1, -88, 6, -8, -16, 2, -2, -23]
[2, -50, 4, -12, -3, -6, -3, -22]
[0, -47, 2, 6, 2, 5, -2, -23]
[-1, 9, -2, 14, -3, 0, 2, -23]
[-1, 59, -2, 4, 38, 10, 5, -23]
[0, 24, -7, -20, 2, -3, -2, -23]
[2, -128, 3, -15, -16, 2, -2, -24]
[-1, 81, -2, 16, -12, -2, -4, -22]
[-1, -103, 7, -6, -7, 2, -5, -26]
[-1, 58, -7, -4, -20, -12, 3, -23]
[2, -92, 7, 10, -16, -1, 2, -25]
[-2, -9, 0, -20, 19, -4, 2, -22]
[-1, 71, 14, -3, 4, 4, 0, -21]
[0, -37, -12, 0, 11, 5, 0, -23]
[0, -58, 1, -11, -7, -3, -5, -22]
[-3, 82, -6, 0, -3, -2, 6, -22]
[0, -67, 2, -11, 2, 3, -7, -24]
[2, -66, 4, -9, 1, 3, 1, -23]
[-2, 27, -3, -7, -6, -5, -2, -24]
[1, -76, 3, -13, -4, -8, -8, -25]
[-2, -21, -4, -4, 6, 7, 1, -25]
[-1, 83, -2, 13, -16, 3, 1, -23]
[-5, -31, 2, 17, 9, -2, 3, -24]
[-1, -45, 0, -10, 0, -3, 6, -24]
[0, 1, -3, 3, 6, 8, 3, -21]
[1, 18, -3, 0, 0, 3, -4, -23]
[2, -20, 0, 3, 11, -7, 0, -24]
[-7, 87, 1, 3, 24, 10, -5, -20]
[2, -30, -2, 0, -17, -11, -11, -24]
[-1, -69, 2, -9, 4, 9, -8, -23]
[-12, -53, -16, 1, 17, 17, 1, -26]
[1, 42, 6, 9, -11, -7, 1, -23]
[0, -17, 7, 5, -2, 0, -2, -22]
[3, 78, -4, -3, -1, 1, -3, -25]
[-4, -85, -1, -8, -5, -7, 0, -17]
[5, -97, 15, -8, -3, -13, -6, -23]
[2, -70, 1, 6, 23, 4, 2, -25]
[-3, 68, -8, 5, -21, -2, 6, -25]
[0, 31, 2, 5, -8, -1, 0, -22]
[2, 2, -4, -4, -7, 0, 1, -23]
[1, -36, 3, 0, -6, -8, -1, -23]
[0, 12, -2, 34, 18, 2, 0, -21]
[-3, -15, -4, -5, -12, 4, -3, -25]
[1, -13, 5, 13, 16, 0, 1, -23]
[3, 11, -2, -37, 10, 6, -5, -21]
[-4, 42, -8, 3, -11, -4, -4, -25]
[-10, -58, 5, -11, 3, 0, -1, -25]
[2, -30, 1, 2, -5, -3, -5, -24]
[1, 51, -6, 47, 11, 6, -2, -24]
[-3, 109, -6, -39, -24, -7, 4, -23]
[4, -46, -1, -5, 6, 1, 1, -22]
[-2, -44, -8, -3, -3, -8, -11, -25]
[2, -12, 4, 13, 11, 2, 3, -25]
[2, 36, -1, 7, 1, 16, 4, -24]
[-1, -38, 1, -1, 0, -4, -3, -23]
[0, 45, -4, -17, -23, -1, 2, -21]
[0, 1, 4, 4, -1, 0, -2, -24]
[7, -54, 0, -19, 4, 2, 0, -22]
[0, -14, 2, -2, -12, -5, 1, -22]
[-2, -28, 1, 42, 4, -2, -2, -23]
[-2, -36, 1, 3, 11, 2, 0, -23]
[-2, -12, -3, -15, 4, -5, -11, -22]
[-1, -63, 0, 3, -5, 3, 3, -25]
[-4, -8, 1, -1, 0, 1, 3, -23]
