[5, 103, 42, -24, 7, -5, -6, -17]
[0, -75, -15, -12, -3, -2, 1, -22]
[2, -23, 6, 19, 6, 2, 0, -23]
[10, -55, 8, -2, 0, -3, -1, -21]
[-2, 88, -12, -5, -10, -3, 1, -23]
[-2, 10, -19, -6, 3, -1, 0, -22]
[-2, -66, 82, 17, -3, 2, -1, -23]
[-2, 97, 6, 3, -1, -3, -1, -21]
[-1, 96, -47, -10, 11, 5, 5, -23]
[-6, 50, -22, 55, 20, 3, 2, -25]
[-2, 62, 16, -13, -6, -2, 1, -23]
[1, -52, 32, -7, -8, 0, 1, -24]
[0, 80, 61, 4, 4, 1, 0, -23]
[3, 58, 20, -21, -8, -5, -3, -21]
[-1, -70, -17, -3, -6, -4, -9, -24]
[-2, 49, -25, -33, -28, -8, -2, -21]
[1, -6, -65, 13, -3, -2, -7, -23]
[2, 37, 58, -4, 3, -1, 2, -22]
[2, -6, -2, -5, 4, 3, 3, -23]
[1, -49, 37, 25, 25, 1, -3, -23]
[-6, 26, 30, -18, -9, 0, 1, -26]
[-2, 38, -7, 15, 7, -4, -1, -23]
[-2, 37, -12, 3, -3, 0, 0, -22]
[0, 7, 4, 5, -2, 0, -3, -23]
[-2, -5, -21, -5, -6, -3, 0, -24]
[-3, -108, -3, -10, -1, 1, -2, -23]
[-1, 28, -3, 3, 9, 0, 2, -23]
[0, -24, 17, 2, -3, -3, -2, -23]
[0, -10, 5, 0, 0, 0, -1, -23]
[-1, -7, -7, -1, -7, 0, 0, -23]
[1, 70, -4, 1, 0, 0, 0, -22]
[-1, 41, -1, -2, 2, -2, -2, -22]
[1, 17, -7, -3, -4, -1, 0, -24]
[0, -94, -7, -1, -2, 0, 0, -25]
[0, -25, -18, 1, -1, 1, 1, -24]
[1, -3, -3, -1, -1, -2, -3, -22]
[-1, 33, 4, -1, 2, -1, -2, -22]
[2, -104, 15, -3, -2, -1, 0, -24]
[-2, 42, -7, 7, 4, 1, -1, -22]
[-2, 8, 13, -6, -13, -5, -3, -23]
[-2, 15, -3, 0, -3, 0, 1, -25]
[0, -17, 7, -1, 1, -1, -2, -24]
[0, -18, 4, -2, -2, -1, -1, -23]
[0, 4, -4, 0, -2, 1, 0, -24]
[0, -33, -7, 0, 4, -2, -3, -22]
[-1, -81, -1, 0, 1, 1, 0, -25]
[0, -2, 9, -2, -4, -1, 0, -24]
[0, 31, 6, -1, 2, 2, -2, -21]
[-1, 87, 5, 2, -1, -5, -1, -22]
[-2, 22, -5, -1, 6, 2, 0, -22]
[-1, 72, 26, -3, -11, -3, 0, -22]
[0, -5, -6, -5, -8, -6, -2, -23]
[-3, -3, -15, -13, -5, -1, 1, -23]
[-3, 35, -7, 4, 4, 3, 1, -24]
[0, -70, 0, -4, -6, -2, -1, -23]
[-2, 83, -9, 7, -3, -1, 0, -22]
[-4, 118, -10, -3, 0, -1, 0, -22]
[-1, 53, -3, -5, -13, -4, 1, -21]
[2, -88, 6, -2, 5, -2, -3, -22]
[-1, -27, -6, 3, 1, -1, -1, -23]
[1, 44, 7, 1, 3, 0, -1, -23]
[1, -62, 9, -3, -1, 0, -1, -22]
[0, -16, 3, 1, 0, -2, -1, -22]
[0, 38, 4, 11, 8, -3, -1, -22]
[-1, 39, 9, 0, -9, -2, 0, -23]
[2, -122, -1, 1, 1, -5, -14, -25]
[1, 97, 1, 3, 2, 13, 23, -19]
[-2, 6, -1, 1, 0, -2, -5, -24]
[-3, 19, 9, 2, 0, 1, 0, -24]
[-2, -51, -19, 0, 2, -5, -3, -24]
[1, -91, 9, -6, -5, 0, -1, -23]
[-1, 25, 4, 5, 28, 3, -4, -23]
[0, 59, -41, -1, -4, -3, 0, -23]
[1, -104, 11, 0, -3, -1, -1, -23]
[-3, -21, -9, 2, -12, -2, 1, -24]
[-1, -51, -7, 1, -6, -1, -1, -22]
[-4, 28, -7, -4, -6, -1, 0, -25]
[3, -69, 0, -3, -2, -2, -4, -23]
[-1, 54, -4, 3, -1, 0, 0, -24]
[1, -27, -6, -2, -3, -3, -1, -21]
[1, -8, 9, -1, -8, -2, 1, -23]
[-5, -53, 6, 4, -1, -1, 1, -24]
[-2, 45, -2, 2, -9, 0, -1, -24]
[0, -27, -13, -2, 1, 1, 1, -23]
[1, -27, 2, -2, -9, -2, 0, -22]
[1, -24, 5, -3, -1, 2, -1, -22]
[-2, -47, 3, 4, 8, 2, -2, -22]
[-1, -102, -10, 0, -5, -1, -1, -25]
[-3, -14, 6, -3, -8, 0, -1, -23]
[0, -102, 7, 0, 10, 1, -2, -23]
[0, 7, 7, -4, -1, 1, 1, -23]
[0, -38, 2, 5, -3, -1, 0, -24]
[-2, 31, -6, -1, -7, -3, -1, -23]
[-1, 11, -2, 2, 1, -1, -1, -23]
[0, -6, -4, -2, -1, 0, -1, -23]
[2, 47, 3, -1, -3, -2, 0, -22]
[-2, 3, -22, -1, -5, -1, 1, -23]
[-1, -44, 0, 1, 7, 1, 0, -24]
[-2, 57, -2, -9, -9, -2, -1, -23]
[1, -16, -1, 0, 3, 0, 0, -22]
[0, -15, -22, 0, 2, 1, 0, -22]
[1, 8, 3, 0, 4, -3, -3, -21]
[2, 3, 6, 8, 12, 4, 2, -22]
[-2, -19, -5, -1, -4, -1, -1, -24]
[-1, -19, 1, -3, 8, 1, -2, -24]
[-2, 53, -20, 1, -7, 0, 0, -22]
[0, 23, 10, 1, 2, -1, 1, -24]
[2, -5, 10, -2, -1, 1, 0, -22]
[-2, 8, -3, 0, 1, -1, -1, -24]
[-3, 77, 6, 1, -4, -1, 0, -22]
[0, -107, 4, 6, 3, -3, 0, -24]
[-3, -22, 3, -11, -9, -2, -2, -24]
[-1, 1, 2, 2, -2, -1, -2, -22]
[-2, 23, -2, -3, -7, 0, -1, -22]
[-2, -26, -6, 3, 0, -1, 1, -24]
[-1, 115, -4, 2, 4, 2, 1, -21]
[2, -69, 13, 6, 6, -2, -3, -23]
[-2, -44, -5, 0, -5, 1, 1, -23]
[0, 127, 20, 3, -4, -2, 2, -22]
[-3, 84, 2, -9, 2, 1, -1, -22]
[-2, 27, -4, 2, 5, -1, 1, -24]
[-2, 2, -15, 2, -4, -1, 0, -23]
[0, 73, -2, 2, -2, -2, 0, -21]
[-1, 42, 2, -1, 0, 1, -1, -22]
[-3, -30, -5, -5, -2, -1, -1, -23]
[4, -72, 0, -3, 6, -1, -2, -22]
[-1, -83, -2, -5, -3, -3, -1, -24]
[-1, -11, 5, 6, 6, -2, -1, -23]
[-2, 109, 7, 1, -4, 0, 1, -22]
[0, -26, 0, 2, -1, 0, -1, -22]
[-1, 7, 4, 6, 1, 0, 0, -22]
[0, 65, -5, -2, -3, -1, 1, -21]
[-1, -34, 2, 6, 3, -1, -2, -24]
[1, -95, -1, -3, 0, -1, -2, -22]
[-1, 23, -2, 3, 1, -2, -1, -23]
[-1, 29, 3, 4, -7, -4, -2, -23]
[-2, 69, -7, 0, -1, -2, -2, -23]
[-1, -55, -4, -2, -3, 0, -1, -23]
[0, -54, 0, -4, -4, -2, 0, -23]
[-1, -21, 5, -2, 1, -1, 0, -23]
[1, 7, 4, 1, 5, 0, 2, -23]
[0, 63, -1, -10, -2, 0, -2, -22]
[-2, 35, 1, 3, 28, 4, -1, -22]
[-2, 62, -6, -2, -16, -3, -1, -22]
[-1, 0, -4, -3, -6, -3, -1, -23]
[-1, -47, -4, 1, 1, 2, 0, -23]
[-2, -43, -10, -3, -10, -2, -3, -23]
[2, -71, 6, 4, 2, 1, -1, -23]
[-2, -8, 2, 3, 0, -1, 0, -23]
[1, 32, -2, 3, 8, 0, 0, -24]
[-1, 124, -4, 0, 4, 2, 1, -22]
[-1, -23, 1, 2, 2, -3, -2, -24]
[0, 18, 1, -3, -1, -2, -3, -22]
[2, 2, 0, -10, -8, -1, 0, -22]
[-2, -77, -7, 2, -2, -2, -2, -24]
[0, 72, -14, 5, 11, 2, 0, -22]
[-1, -70, 0, 0, -4, -2, -1, -23]
[-2, 21, -3, -3, -8, 0, -1, -23]
[0, 30, 3, -3, 2, -2, -3, -24]
[-1, -31, 7, 4, 0, 0, 1, -24]
[1, -66, 1, 2, 3, -1, -1, -22]
[0, 21, 3, 0, 1, -1, 0, -22]
[1, 38, -3, -6, -3, -4, -1, -21]
[0, -15, 6, 0, -3, -1, -1, -23]
[-2, 37, 0, -5, -6, 0, 0, -24]
[-2, 60, -7, -4, -3, 1, 0, -23]
[-2, 76, 4, -2, -3, -1, -1, -21]
[-1, -27, -3, 8, 5, -1, 0, -23]
[0, -23, 14, -1, -3, -1, -1, -22]
[1, -68, 7, -4, -2, -2, -2, -22]
[-4, 58, -9, -2, 4, -4, -1, -22]
[-2, 47, -5, -1, -4, -3, -1, -24]
[-1, 18, 8, 4, -3, -1, 1, -22]
[1, -21, -6, -4, -1, 1, 0, -24]
[-2, -30, 8, -4, -2, -1, -2, -20]
[-2, -69, -13, -6, -4, -1, -1, -23]
[-2, 66, 0, 3, 7, 3, -1, -22]
[-2, 86, -11, 4, 0, 2, 2, -22]
[-3, 34, -6, -9, 5, 0, -1, -23]
[0, -56, -45, -2, 1, -2, 0, -24]
[0, -54, 11, -1, 5, 2, -1, -24]
[-2, 21, 13, 14, 14, 1, 0, -23]
[0, -42, 5, -3, 2, 0, -2, -23]
[0, 17, -5, -1, 0, 0, -1, -23]
[-1, -1, 12, -6, -11, -2, -1, -22]
[-1, 64, -3, -4, -1, 0, 0, -22]
[-1, -15, 0, 0, -5, -3, -1, -24]
[0, -29, 2, -6, 5, 0, -2, -23]
[1, -25, 14, 5, 5, -1, -1, -23]
[-1, 60, 10, 0, -7, -5, -3, -23]
[-2, 31, -4, -4, -6, -2, 0, -22]
[1, 7, 4, 1, 6, 0, -2, -21]
[1, -41, 8, -2, -4, -1, -1, -23]
[-1, 81, -3, 6, -6, -1, -2, -23]
[-2, 48, -20, -4, 0, -2, -2, -22]
[-1, -35, -4, -1, 5, 1, -1, -23]
[-2, -3, -6, 3, -2, -3, 1, -24]
[0, -23, -7, 6, -3, -1, -2, -24]
[0, 14, 3, -1, -5, -1, 1, -24]
[-1, 9, 2, -7, -6, -1, -1, -23]
[0, -43, -3, -4, -6, -4, -2, -25]
[-3, -51, 10, -1, 5, 0, 1, -23]
[-2, 0, -5, -6, -5, -1, 1, -23]
[0, 10, -3, 4, 16, 3, 2, -23]
[1, -59, -1, -6, -7, -1, -2, -23]
[0, -112, 9, -1, 0, -3, 0, -22]
[-1, 84, 5, 0, 3, 1, -2, -22]
[-6, -16, 2, -1, 2, 4, 1, -25]
[0, -16, 9, -7, 4, 0, -1, -22]
[-1, -17, 2, -3, -5, -3, -1, -22]
[1, -33, 13, 0, -7, -3, 0, -23]
[-3, 58, -9, 11, -2, 0, 1, -22]
[1, -14, -20, 2, 7, 1, 0, -23]
[-2, 32, 2, -4, -4, 1, -2, -22]
[0, -47, 5, 3, 2, 0, -2, -24]
[-2, 10, -27, 0, -1, -1, -1, -22]
[-2, 27, 6, -3, -2, -2, 0, -23]
[0, -58, 2, -1, -2, -3, -1, -23]
[2, 39, 1, -2, -9, -2, 0, -22]
[-1, -66, 6, -4, 6, 1, -1, -23]
[-3, 102, -13, 5, 0, 2, -1, -23]
[-2, 71, -17, 3, 1, -2, -1, -24]
[-2, 33, 0, -9, -4, -1, 0, -22]
[-3, 25, -7, -2, -10, 0, 0, -23]
[-1, -45, 1, 3, 0, -1, -3, -23]
[-2, 38, -1, 1, -1, -3, -1, -22]
[-1, 92, 5, 4, 0, 0, -1, -22]
[0, 44, -1, 3, 0, 3, 2, -22]
[-4, 36, -3, -4, -4, 1, 0, -22]
[0, 111, 10, 6, 10, 6, 2, -22]
[0, 36, -12, -4, -1, -1, 1, -21]
[-2, -41, -15, -3, -3, -4, -2, -24]
[-2, -7, 2, -2, -4, -1, -1, -22]
[1, -72, 4, -1, -4, -5, -1, -22]
[-1, -45, 11, -5, -2, 0, -2, -22]
[-3, 11, -8, -1, -6, -2, -1, -24]
[-1, 54, -5, -5, -8, -1, -1, -24]
[0, -25, -5, 0, 0, -1, 0, -23]
[-1, 38, -1, -6, 0, -1, -1, -23]
[-3, -5, -3, 5, 2, 1, 1, -23]
[-3, 31, -6, 0, -3, -1, -1, -23]
[-1, -75, -10, -2, 4, -1, -1, -24]
[1, 7, 3, -1, -2, 0, -1, -23]
[1, 16, 1, 3, 0, 1, 1, -22]
[-2, 47, 8, -3, -5, -3, -1, -22]
[0, 26, -13, 0, 0, 0, -1, -22]
[-1, 62, 9, 4, -6, 0, 1, -24]
[-1, 26, 0, -1, 3, -1, 0, -23]
[0, 47, -6, 0, 0, 0, -1, -23]
[-3, 85, 11, 4, 3, -1, 0, -22]
[-1, -48, -5, -3, -6, 0, -1, -23]
[-2, 5, -2, -4, -8, -1, 1, -24]
[-1, -30, -18, 0, -4, -1, -2, -22]
[0, 10, 1, 1, 3, -1, -1, -22]
[0, 56, -1, 2, 1, 0, 1, -24]
[0, 1, -7, -2, -4, -1, 0, -23]
[1, -20, -1, 0, 7, 0, 0, -24]
[-1, 31, 4, 0, 1, 1, -2, -23]
[-2, 39, -2, 1, -6, -2, 2, -24]
[-1, -96, 1, -2, -3, 3, 0, -24]
[-1, 24, 5, -2, 6, 3, -1, -23]
[-1, 35, 13, 4, -3, -2, -1, -23]
[-1, -1, 2, -2, 2, 2, -2, -23]
[-1, -34, -5, -5, -4, -1, -1, -23]
[-2, -84, -1, -3, 1, -3, 0, -23]
[0, -90, 0, 1, -2, -2, -2, -23]
[-2, 15, -2, 3, 3, 0, 0, -24]
[-1, 51, -5, -1, -3, 0, -1, -22]
[0, -7, -3, -4, 1, -1, 0, -22]
[-2, 10, 5, 1, -2, 0, 0, -23]
[1, 7, 8, 2, 1, 1, -1, -24]
[2, -49, 5, -3, -4, -3, -4, -23]
[-1, 62, -2, 0, -4, 1, 1, -23]
[1, 43, 4, 2, 4, -1, -2, -22]
[0, -94, -24, -5, -1, 0, -2, -24]
[-1, 54, 2, -2, 2, 2, 1, -22]
[1, -68, -18, -2, 3, 1, -1, -23]
[0, 80, 6, 0, -7, 0, 1, -24]
[0, -48, 4, -1, 2, -1, -2, -23]
[-2, 26, 0, 2, -3, -2, 1, -24]
[-2, 20, 0, 2, -1, 0, 0, -24]
[-1, 31, 3, -1, 1, -2, -1, -23]
[0, 68, 0, 5, -1, 0, 0, -22]
[-3, 40, -6, 0, 4, 0, -1, -23]
[-2, 86, 1, 2, 2, 2, 0, -23]
[1, -65, -2, -3, -3, 0, 0, -22]
[1, -8, 6, -3, -2, -1, -3, -21]
[1, -35, 6, -3, -5, -1, -1, -24]
[-1, 16, -9, -2, -3, 0, -1, -23]
[0, 30, -3, 2, 3, 0, 0, -23]
[-2, 11, -3, -2, -3, -1, 0, -24]
[-2, 19, 3, -1, -1, 1, 2, -22]
[-2, 13, -5, -1, -2, -3, -2, -24]
[2, -93, 6, -3, 3, -2, -1, -22]
[2, 22, 7, 1, -2, -2, 0, -23]
[-1, -25, 5, -1, -3, -2, -2, -23]
[0, -75, -2, 0, -1, 0, -1, -24]
[0, 32, 5, -2, -2, -1, 0, -23]
[3, -117, 2, -4, -3, 0, -3, -23]
[1, -48, 3, 1, 0, -1, 0, -24]
[-1, 29, 0, 0, 0, -2, 0, -23]
[-1, 7, -14, 1, -3, -1, -1, -23]
[0, -30, 6, 0, -2, 0, 1, -25]
[-2, 24, -4, -3, -1, 0, 0, -23]
[1, -1, 11, 0, 0, -1, -2, -21]
[0, -9, -18, -3, -1, -1, -1, -22]
[0, 43, 4, -1, 0, 0, 0, -22]
[1, -55, 3, -2, 0, 0, -1, -22]
[1, 33, -9, 0, -2, -2, 0, -23]
[-2, 5, -1, 1, -3, 0, 0, -23]
[-1, 36, -8, -1, -1, -1, 0, -23]
[-2, 6, 3, -2, -1, -1, -2, -23]
[0, -104, 4, 0, 1, 0, -1, -23]
[-1, -30, 8, -2, 2, 0, -1, -22]
[2, -48, 3, -1, -1, 1, -1, -23]
[-1, 11, -2, 0, -1, 0, 1, -23]
[0, 6, 4, 3, -1, 1, 1, -23]
[-1, 67, 1, -3, -2, -2, -2, -23]
[0, 21, -10, 3, 4, 0, 0, -23]
[0, 25, 2, -3, -5, 0, 0, -24]
[0, -5, -1, 0, -1, 0, -2, -22]
[2, -20, -3, -2, -2, -2, -2, -23]
[-2, -2, -1, -1, -1, 0, -2, -23]
[-2, 22, -2, -3, -2, 1, -1, -22]
[-3, 3, -3, 1, 0, -2, -1, -24]
[-1, 67, -4, 0, -3, -1, 1, -23]
[-1, 42, 1, -2, -3, -1, -1, -23]
[0, -70, 6, -1, 2, 0, 0, -23]
[-1, 4, -5, 0, -1, -1, -2, -23]
[-1, -68, 7, 1, 4, 0, 0, -22]
[-1, 89, 4, 3, 1, 0, 1, -23]
[0, -24, 4, -2, -1, 0, -1, -23]
[-1, -25, -3, 0, -1, 0, 0, -24]
[0, -44, -4, -5, -2, -1, 1, -23]
[-1, 87, 4, -1, -4, -3, -2, -22]
[1, 75, -5, 1, -3, -2, 0, -23]
[-1, 26, 6, 0, 0, 1, -1, -24]
[0, -37, -1, -2, 2, 0, -1, -21]
[1, -42, 4, -1, 2, -3, -2, -21]
[-1, 30, -11, -3, 0, -1, -1, -24]
[-4, 97, -3, 0, -6, 0, 0, -24]
[0, -19, 3, -2, 0, -1, 0, -24]
[-3, 119, -2, 4, 1, 0, 1, -22]
[-1, 31, 6, 0, 0, -1, -1, -23]
[0, -87, 2, -4, 0, -4, -1, -24]
[0, -42, -9, -1, 2, 0, -1, -24]
[-2, -12, -3, -3, -4, -2, -1, -24]
[-2, -35, -24, -2, -1, -2, -1, -22]
[1, -79, -20, -4, 0, -3, -3, -23]
[-3, 23, -1, 3, -3, 1, 2, -23]
[-1, -13, 2, -6, 1, -1, -3, -23]
[0, -21, -9, -4, -2, -2, -1, -23]
[-1, 42, -4, 0, -5, -2, -1, -22]
[2, 44, 14, -1, -1, -2, -1, -22]
[0, -2, 2, -3, -3, -2, -3, -22]
[-1, 2, -7, 0, -1, 0, 2, -24]
[-3, -11, -7, 1, 1, -1, 1, -25]
[-1, 31, 4, 0, -4, -2, -1, -23]
[0, 10, 0, 1, 0, -1, -1, -22]
[0, -52, 2, -1, -2, -1, -2, -23]
[-1, 0, -1, -1, -1, -1, 0, -22]
[0, 17, 7, -2, -1, 0, -1, -22]
[-1, -22, -2, 0, -1, 0, -1, -23]
[1, -9, -2, -2, 2, -1, 0, -24]
[1, -39, 6, 1, -3, -1, -2, -23]
[-1, 36, -3, 1, -2, 2, 0, -23]
[-2, 56, 12, 0, -2, 0, 1, -22]
[-1, 77, -4, -1, -8, -2, -2, -24]
[-1, -24, -5, -2, 0, -2, -2, -23]
[0, -11, 0, 2, 3, 0, 0, -22]
[-1, -4, -2, -3, 2, -1, 1, -23]
[1, 7, 2, 2, -1, 0, 0, -22]
[-1, 30, -2, 2, 2, 2, 0, -23]
[1, -18, 7, 1, 1, 0, -2, -23]
[-1, -27, -1, -3, -4, -2, -2, -23]
[-3, 44, -2, -1, -1, -1, -1, -22]
[1, -61, 2, 0, 1, -3, -1, -24]
[-1, 21, 0, 1, 2, 0, 1, -22]
[-2, 26, -3, 3, 1, 0, 1, -24]
[-2, -19, -9, -1, -5, -1, 0, -24]
[0, 28, -3, -2, 2, 0, 0, -22]
[-1, -31, -11, 1, 0, -1, -2, -25]
[0, 69, 6, -2, -3, -1, 0, -21]
[-2, -20, 6, -2, 2, 1, -3, -23]
[-2, -10, -7, 0, -7, 0, 0, -23]
[-1, -34, -1, -2, -1, -1, -1, -22]
[-1, -46, 3, 0, -4, 0, -3, -24]
[2, -7, 2, -2, -3, -2, 0, -23]
[-1, -11, -3, 1, 0, -1, 2, -23]
[-2, 81, -10, -1, -3, -1, 0, -22]
[-2, 57, -4, 0, -3, 1, 1, -23]
[-1, -63, 6, -2, -2, -3, -2, -24]
[-3, 2, 4, 0, 0, 0, 0, -25]
[0, 43, 5, -1, 2, 0, 0, -23]
[-1, 9, 6, 0, -6, -1, -1, -22]
[1, 32, -1, -1, 1, -3, -2, -23]
[-2, -20, 4, 0, 1, 0, -1, -24]
[-1, 105, -3, 1, -1, 1, 1, -22]
[-1, -52, -3, -3, 1, -2, 0, -24]
[0, 64, 22, -1, 1, -3, -1, -21]
[-2, -34, 4, -1, 0, -2, 0, -22]
[3, -110, -1, -2, 1, 2, -1, -23]
[-1, 97, -11, 0, -2, 1, -1, -23]
[1, -3, -20, -1, 0, -1, 0, -22]
[-1, 62, -8, -2, 1, -2, -1, -23]
[0, 80, 1, -1, -2, 0, -1, -22]
[1, 43, -4, 1, -1, 2, 1, -23]
[-2, 39, -2, 0, -2, -1, 0, -24]
[0, -64, -3, 0, -1, 0, 0, -24]
[-3, 8, -9, -1, -2, -2, -1, -22]
[-2, 7, 1, 1, -2, 0, 0, -26]
[1, -11, 5, 1, 2, -1, -3, -22]
[0, -60, 4, -2, -1, -2, -2, -23]
[1, 21, 3, -2, 1, -1, -2, -21]
[0, -24, 9, -1, 0, -1, -1, -23]
[-2, -62, -8, -2, -3, 0, -1, -24]
[-1, 68, -5, -1, -1, 1, 0, -22]
[0, 28, 7, 0, -2, -2, 1, -24]
[1, 9, -3, 0, -1, 0, 2, -23]
[-2, 35, -10, -1, 3, -1, -2, -23]
[0, -38, 12, -1, 1, -3, -3, -22]
[-3, 85, -1, -1, 0, -1, -1, -22]
[-2, 35, -2, 1, -1, 1, 0, -23]
[-2, 107, -10, 2, -2, 1, 1, -24]
[0, -90, 0, -2, -3, 0, 1, -23]
[1, -8, 0, -2, -2, -1, -1, -23]
[-4, 62, -3, -1, -2, -1, 0, -23]
[3, -75, 6, -2, 2, -3, -3, -23]
[2, -34, 7, 0, 0, 0, 0, -22]
[-2, -14, 5, -2, -2, -2, -1, -23]
[1, -20, -12, -2, -2, -1, -1, -22]
[-1, -9, -1, -1, 2, 0, -2, -22]
[1, 36, 4, 0, -4, -1, -2, -23]
[-1, 12, -7, 0, -2, 0, 0, -25]
[-1, 23, 8, -2, -3, -1, -1, -21]
[-2, 7, 2, 1, 2, 1, -1, -24]
[0, -10, 4, 0, -1, 0, 0, -23]
[1, -19, -10, -2, -5, -2, 2, -24]
[0, -71, 14, -1, 1, 0, -1, -23]
[-2, -19, -3, 1, -1, 2, 1, -23]
[1, -53, 2, -2, 1, -1, 0, -22]
[-2, 40, 1, -1, 0, 0, -1, -22]
[-2, -3, 6, 0, -2, -2, -3, -23]
[0, -70, 8, -2, 2, -2, 0, -24]
[0, -39, 2, 0, -1, -2, -4, -22]
[1, 4, 1, 1, 0, 1, 1, -22]
[-3, -48, 1, -1, -1, -1, -1, -23]
[-2, -62, 0, -4, -3, 0, 0, -24]
[-2, 69, -3, 1, 1, 1, -1, -23]
[-2, 47, -3, 1, -1, -2, 0, -22]
[2, -71, 8, -1, 0, -1, -3, -23]
[0, 44, -1, 1, 1, -1, -1, -23]
[0, -102, -2, -4, -2, 1, -2, -24]
[2, -27, 3, -1, -1, -2, 0, -24]
[-2, 11, -12, 0, -1, 0, 0, -24]
[2, -90, 8, -2, 0, 0, -1, -23]
[0, 62, -2, 2, 1, -2, 1, -22]
[-2, 37, 0, 0, 1, -1, 0, -22]
[2, -27, -6, -1, -1, -1, 1, -23]
[0, 7, -6, 0, -1, -1, -2, -23]
[-1, 27, -11, 3, -3, 0, 0, -24]
[-2, 31, -3, 2, -1, 0, 2, -22]
[1, -93, -12, -1, -1, 0, 0, -23]
[-1, -47, 3, -2, 0, -1, -2, -22]
[0, -46, -1, -1, -2, -2, -1, -24]
[-3, 54, -3, 0, -3, -2, -2, -22]
[-2, 50, 8, -2, 0, -1, -3, -23]
[-2, 53, 4, -3, -3, -1, 0, -24]
[2, -49, 3, -2, 0, 0, -2, -22]
[0, 1, 1, 0, -4, 0, 1, -24]
[-1, 27, 3, 1, 1, 0, 3, -23]
[1, -57, 1, -1, -2, 0, -2, -23]
[2, -89, 3, -2, 1, 0, 0, -23]
[-1, -3, -4, -1, -3, 0, 0, -24]
[-1, -21, 0, 0, -1, 0, -1, -22]
[0, -11, 14, -3, 1, -2, 1, -23]
[-1, 21, -10, 1, 0, 0, 1, -21]
[-1, 35, -3, 1, 3, 2, 1, -24]
[2, -61, -1, -3, 0, -3, -1, -23]
[0, -31, 4, 1, 0, -1, 0, -24]
[-1, 34, -6, -3, -1, 1, 0, -22]
[0, 21, 5, -2, 1, 1, -2, -23]
[-2, 41, 3, 0, -1, 0, -1, -23]
[3, -13, 1, -1, 2, 0, -2, -22]
[0, -40, -3, 2, -1, 1, 0, -24]
[-1, 44, 9, 2, 0, -2, -1, -23]
[1, -17, 2, -1, 0, -1, -2, -24]
[-2, 85, -7, -1, -4, -1, 1, -23]
[0, -19, 0, -1, 2, -1, 1, -21]
[-3, 27, 0, -1, -2, -1, -1, -23]
[0, 31, -6, 0, 2, 0, -1, -22]
[-3, 63, 10, 1, -2, -2, 0, -24]
[-1, -30, -6, -3, 1, 0, -1, -23]
[1, -35, 1, -2, -1, -1, -3, -22]
[0, -92, 10, -2, -3, -2, -1, -25]
[-2, 61, -7, 0, -3, 0, 1, -23]
[2, -43, 0, -1, 1, -1, -1, -22]
[-1, -37, 8, -2, 0, 1, 0, -25]
[-3, 81, -9, 3, -2, 1, -1, -22]
[2, -21, -2, -1, 2, -2, -2, -22]
[-3, 20, -2, -1, -3, -1, -1, -25]
[-1, -2, 1, 0, 0, -1, -2, -23]
[0, 30, 4, -1, 0, -2, -3, -22]
[-2, 6, 0, -1, -3, -1, 0, -23]
[1, -38, 6, -3, 2, -2, -2, -21]
[-2, 26, -3, -2, -1, -1, 0, -22]
[1, -28, -12, -2, -2, -3, 0, -23]
[-1, -52, 8, -2, -1, -1, -2, -24]
[2, 1, 2, -1, -1, 0, -1, -22]
[-2, 84, -7, 1, 0, 0, 0, -23]
[0, -46, -19, -3, -1, -2, -1, -24]
[4, -89, 8, -1, 0, -1, 0, -23]
[-2, 47, 0, 1, -2, -1, -1, -23]
[-2, -2, 3, 1, -1, 0, -1, -24]
[-2, -54, -16, -3, -3, -2, 1, -24]
[-3, -46, -4, -2, 1, -1, -3, -23]
[-2, -54, 3, -4, 0, -2, -4, -23]
[0, 1, 2, 2, -1, 0, 0, -24]
[-2, 37, 1, 0, -1, -1, 0, -21]
[-1, -15, 10, -1, -2, 2, 1, -23]
[-1, 46, 1, 1, 2, -1, -1, -23]
[2, -62, 5, -2, 0, -1, -1, -22]
[-1, 60, 5, 2, 1, 0, 1, -23]
[0, 31, -6, -1, -2, 0, -2, -22]
[0, -50, -26, -2, 0, -2, -1, -22]
[-1, -1, 5, 1, -1, 0, -1, -24]
[-1, 23, -2, 1, -2, -1, -2, -24]
[-2, 54, 8, 1, 0, 1, 1, -24]
[1, 42, -1, -3, -1, -2, 1, -22]
[0, -25, 2, 1, 3, 0, -1, -23]
[1, -45, 6, -2, 0, -2, 0, -23]
[-2, 10, -1, -2, -2, -2, -1, -22]
[-2, 88, -9, 3, -3, 0, -1, -23]
[0, 9, 3, -1, -1, -1, -1, -23]
[-1, 14, -20, -2, -3, 0, -1, -23]
[-1, -49, 4, -2, -1, -1, -1, -23]
[1, -61, 1, -1, 0, 0, 0, -23]
[-2, 45, -1, 7, 3, 1, 1, -24]
[-1, -32, 2, -3, -4, -2, 0, -24]
[-2, 18, 3, -2, -4, -1, 0, -24]
[1, 18, 16, -1, -2, -2, 1, -23]
[0, 2, 4, -1, -3, -1, -1, -23]
[1, -90, 6, -4, 1, -2, -4, -24]
[-5, 91, -7, 1, -4, -1, -1, -22]
[0, -30, -7, 0, 1, 0, -1, -22]
[-2, 17, -6, 0, -2, -1, 1, -23]
[-1, 37, -10, -1, -2, 0, 0, -22]
[0, 13, -5, 0, 0, -1, -1, -22]
[0, -26, -1, 1, 2, -3, -1, -24]
[-1, 46, 2, -1, 1, 0, 0, -22]
[0, -19, 6, 1, -3, -1, 2, -21]
[0, -18, 4, 0, -2, -1, -1, -22]
[-2, 19, -5, -1, 0, 0, 0, -22]
[-1, -31, 6, 0, 1, 0, -2, -23]
[-1, -53, 2, -3, -5, 0, 0, -24]
[-1, -30, 5, -1, 2, 1, -1, -23]
[2, -25, 4, -2, -4, -3, 0, -23]
[-2, 1, -8, -3, 0, -1, -1, -23]
[1, -10, 0, -1, -1, 0, -1, -23]
[2, -33, 0, -1, 2, 1, 0, -24]
[-2, 47, 12, 1, 2, 0, 0, -22]
[-3, 79, -18, -1, -2, 0, 0, -23]
[2, -21, 1, -1, 2, 1, 1, -22]
[1, 49, 7, 0, -2, -1, -1, -22]
[0, 8, 0, 1, -1, 0, -2, -23]
[0, 31, -2, -3, 0, -1, -1, -23]
[0, -16, 3, -1, -3, -1, -2, -23]
[0, -6, 3, -3, 1, -1, 1, -24]
[-1, -39, -1, -1, -1, -1, -1, -24]
[0, -38, 3, -2, 0, -1, -2, -23]
[0, -21, 11, -2, -2, -2, -1, -21]
[0, 18, -23, -3, 1, -1, -2, -22]
[-1, -2, -1, 2, -1, 1, 0, -23]
[-1, 14, 1, 1, -3, -1, -1, -23]
[-3, -7, 5, -1, -3, -1, 1, -23]
[-2, 22, 1, -2, 0, -1, 0, -23]
[1, 4, 19, 2, -1, 0, -1, -23]
[0, 1, -6, 1, -2, 0, 1, -23]
[0, 43, -4, 2, 3, 0, 1, -23]
[2, 50, 10, -1, -1, -1, -2, -20]
[-1, 78, 2, 1, -2, -1, -2, -23]
[0, -22, 0, 1, -1, 0, 0, -24]
[0, -18, 0, -3, 2, -2, -2, -22]
[-1, 42, -7, 0, -3, 1, -1, -24]
[0, 23, 12, -1, -1, -2, -2, -23]
[-1, 19, -7, 1, -2, 0, 3, -23]
[-2, 11, 2, -1, -1, 0, 2, -22]
[-2, -12, -20, 0, 0, 0, -2, -23]
[-2, 29, -1, 1, -3, 0, 0, -24]
[0, 17, 6, -1, 2, -1, 2, -22]
[1, 4, 1, -2, 0, -1, -1, -22]
[-2, 33, 4, -1, -1, -2, -1, -23]
[1, 10, 1, -2, 0, 1, -1, -23]
[-1, 5, -3, 2, -2, 1, 1, -23]
[0, 19, 2, -1, 0, -1, -1, -22]
[0, -6, 8, -1, -1, -1, -1, -24]
[-1, 1, -3, -1, -4, -2, 0, -23]
[-2, -3, 2, 1, 1, -2, -1, -23]
[2, -68, 16, -3, 0, -1, -1, -21]
[-1, 61, -13, 0, -2, 0, -1, -22]
[1, -78, 0, -2, 2, -2, -3, -23]
[0, -15, 10, -1, 0, -3, -2, -23]
[0, 0, -22, -1, -1, 0, 1, -23]
[-1, 24, -1, 1, -3, -1, 1, -24]
[-2, -25, 1, -2, 0, -1, 1, -24]
[-4, 60, -2, 2, -4, 1, 1, -24]
[-1, 15, 0, 2, -1, -1, 0, -22]
[0, 22, 0, -4, 0, 0, -2, -22]
[0, -29, 9, -1, 1, -2, -2, -22]
[0, -128, 5, -6, 6, -4, -4, -27]
[3, 37, -4, -1, -3, 0, 0, -23]
[1, -7, -2, -1, 1, -3, -2, -20]
[-4, 2, -7, -1, -3, -1, -1, -24]
[-1, -60, 6, -1, 0, -1, -2, -22]
[2, -20, -9, 1, -1, 1, 0, -24]
[3, -88, 11, -4, 0, -1, -2, -23]
[0, -4, -6, 0, -2, 1, 0, -21]
[2, 15, 11, 0, 1, -2, -2, -22]
[-1, -100, -17, -4, -1, -3, -3, -23]
[0, 75, 2, 3, 0, 1, 1, -22]
[-1, 2, -3, 2, 0, 0, 2, -24]
[-2, -10, -2, -1, 0, 0, 1, -24]
[-2, 30, -3, 1, -2, -1, -1, -22]
[-2, 15, -24, -3, 1, -1, 0, -23]
[-3, 28, 7, 1, 0, -1, -1, -23]
[2, -15, 2, 0, 0, -1, -1, -23]
[0, 19, -3, -2, -4, -2, 1, -22]
[-1, 9, -2, 0, -1, -1, 0, -22]
[-2, 25, -1, -1, 0, 0, -1, -22]
[-1, 47, -5, 1, -2, 1, 3, -23]
[1, -54, 0, -1, 0, 0, -1, -23]
[0, 4, 2, -3, 1, 0, 0, -21]
[-4, -21, -9, -6, -1, -2, -1, -24]
[0, -42, 0, -1, -2, 0, -1, -22]
[-3, -29, -21, -1, 0, -1, -2, -23]
[-1, 46, 3, -2, -4, -2, 0, -24]
[-2, 12, 1, -2, 1, 1, 1, -24]
[1, -103, -3, -1, 0, -1, -1, -25]
[-1, 29, -1, 0, 1, 0, 0, -21]
[1, 3, 1, 1, -1, 1, 0, -23]
[-1, 28, 15, -1, -2, -1, 0, -23]
[0, -109, 2, -4, -1, -2, -2, -24]
[1, -3, 3, 0, -1, 0, -2, -23]
[0, 32, -3, 1, -1, -1, 1, -23]
[0, 19, 3, 0, 0, 0, 0, -22]
[0, -27, -6, 1, 0, 0, 0, -22]
[0, -21, 4, -3, -2, -1, -2, -22]
[-2, 12, -16, -2, -2, 0, -1, -23]
[-1, 45, 3, 1, 3, 0, -1, -23]
[-2, 58, -2, 2, -2, 1, 1, -23]
[-4, 21, 1, 0, -1, -1, 1, -23]
[1, -23, 6, -1, -3, 0, -1, -23]
[1, 4, 16, -2, -1, -3, -3, -23]
[-1, 10, -22, -2, -2, -2, -2, -23]
[-1, -4, -7, -1, 5, 1, -1, -23]
[-1, 41, -4, -1, -5, 1, 0, -22]
[2, -23, -8, -1, -3, 1, 0, -24]
[-3, 9, -4, 0, 2, -2, 0, -23]
[0, -95, 9, -3, 1, -2, -1, -23]
[0, 16, -2, 1, -4, -1, 1, -23]
[0, 11, -4, 1, 4, 1, -1, -22]
[0, -45, -4, 0, -5, 0, 0, -23]
[0, 0, 3, 1, 4, 2, 0, -23]
[-3, -10, -2, 2, -3, 1, 0, -24]
[0, -23, -1, 0, -2, -1, -2, -23]
[-2, -4, 3, -2, 0, 0, -1, -24]
[-2, 18, -4, 1, 0, 2, 0, -23]
[0, 8, 0, 0, -3, 1, -2, -23]
[0, 15, 1, 0, -1, 1, 1, -23]
[0, 78, -4, 0, -2, -2, -1, -22]
[-1, -11, -9, 1, -4, -2, 0, -22]
[-3, 11, 0, 0, -5, -1, -2, -22]
[-1, -45, -9, -1, 0, -1, -1, -22]
[-2, 30, -2, -2, -3, 0, 0, -24]
[-3, -1, -7, -1, -1, 0, 1, -23]
[-2, 42, -3, -1, 0, 0, 0, -23]
[1, -29, -10, -1, -3, -2, -1, -22]
[-2, 16, 1, -3, -1, 1, -1, -24]
[0, 21, 2, 1, 2, -1, 0, -22]
[-2, 32, 2, 3, 2, 1, 3, -24]
[0, 51, 4, 0, -3, 0, -1, -23]
[-3, 40, -1, -2, 0, 0, 0, -23]
[-2, 18, -5, -2, 0, -1, -2, -24]
[-2, 27, -10, 1, -3, -1, 1, -23]
[-2, -64, 3, -2, 2, 1, -1, -23]
[-1, 5, 0, 2, -3, 1, 1, -24]
[0, 42, -1, 0, -1, -2, 0, -22]
[-2, 43, 6, 0, -8, -2, 1, -23]
[0, 3, 5, 0, -8, -2, 0, -23]
[-2, 26, 0, -2, 1, -2, -1, -23]
[0, -13, -4, 0, 1, 0, -2, -25]
[1, -38, -3, 0, 4, 0, -1, -23]
[0, -39, 9, 0, -4, 1, 0, -24]
[-1, -22, 6, -3, -3, -2, -1, -22]
[-3, 90, -9, 2, -1, 0, 0, -23]
[1, -44, -10, -1, 1, 0, 0, -23]
[1, -11, -3, -1, 6, 0, 0, -22]
[-1, 11, 2, 0, -6, -2, -2, -23]
[-1, -53, -8, 0, -1, 0, -1, -22]
[0, -16, -8, -3, -3, -2, -3, -23]
[0, -2, -3, -1, 3, 0, -1, -24]
[0, -5, 1, 0, -2, -1, 0, -23]
[-2, 43, -1, 0, 2, -2, -1, -21]
[-2, 35, -1, -1, -3, 0, 1, -23]
[1, -41, 1, -2, 3, 1, -1, -23]
[-2, 17, 8, -1, -4, 0, -1, -23]
[-3, -26, -4, -1, 0, -1, 0, -23]
[-1, 33, -2, 0, -2, -1, 0, -24]
[-2, -19, -15, -1, -1, -2, -1, -23]
[0, 17, 2, 0, -1, 1, -2, -24]
[1, 3, 4, 0, 1, -1, -1, -23]
[-1, 10, -2, 1, -2, -1, 0, -24]
[2, -44, -2, -2, 0, 1, -2, -24]
[-3, 88, -4, 1, -3, 0, 0, -23]
[-2, 67, -2, 2, -1, 0, 0, -21]
[1, -82, 9, -3, 1, -2, -2, -23]
[-1, 2, -4, 1, 1, -1, 0, -23]
[-1, 5, -3, 0, -2, 0, 0, -22]
[-2, -26, -1, -3, -1, 0, 0, -23]
[1, 0, 0, 0, 0, 1, 1, -23]
[-1, -63, -1, -4, -3, -2, -3, -24]
[-1, 45, -7, 1, -5, 0, -1, -23]
[-2, 24, -4, -1, -1, -1, 1, -22]
[-2, 11, -3, 0, -2, -3, 0, -23]
[0, -16, -1, -1, -1, 0, -3, -22]
[-2, 65, -3, 0, 0, -2, -2, -22]
[-1, -6, -2, 2, -1, 1, -1, -25]
[0, -17, -5, 1, 4, 3, -1, -22]
[1, -25, 0, -1, 1, -1, 0, -23]
[1, -20, 0, -1, 1, -2, -3, -23]
[-2, 38, -1, 0, -4, -2, 0, -24]
[-1, -3, -1, -1, -2, -1, 0, -23]
[-1, 16, -15, -2, 2, -1, -2, -21]
[-3, 40, -3, -2, -3, 1, 0, -24]
[0, 35, 12, 1, -1, -1, 0, -24]
[-2, 23, 1, 0, -3, -1, 0, -22]
[0, -28, 1, 0, -1, 0, 0, -23]
[-1, 10, -3, -1, -3, -2, -1, -22]
[-1, 13, 1, -1, 0, -2, -2, -24]
[-3, 29, 3, 1, -4, 1, 1, -23]
[-2, -13, 3, -1, 4, -1, -2, -24]
[0, -39, 6, 0, -1, 0, -2, -24]
[0, -13, -6, -1, -2, -1, -1, -23]
[-2, 52, -6, 0, -4, 0, 0, -23]
[1, 56, 3, 0, -1, -1, -2, -22]
[-1, -2, -1, -1, -3, 1, 1, -21]
[-2, -6, 7, -2, -1, -2, -2, -22]
[-2, 67, -3, 4, -2, 0, 1, -23]
[2, -105, 7, -4, -1, -1, -2, -22]
[-1, -35, 1, -1, -1, -1, 0, -22]
[-1, 33, -8, -1, 0, -2, -1, -22]
[-1, 28, -5, 0, -1, -2, -1, -22]
[-3, -8, 7, 0, -4, -2, -1, -25]
[-1, 7, 5, -1, -6, 0, 0, -24]
[-1, -44, -6, -1, -2, -2, 0, -22]
[1, 5, -6, 2, 1, -1, -2, -22]
[-1, -11, 5, -2, 3, -2, -3, -23]
[-1, 19, -1, 1, -3, 0, 1, -22]
[0, 1, 20, -1, 3, 0, -2, -22]
[0, -29, -5, -1, 1, -1, -1, -24]
[-3, 0, -8, 1, -3, 1, 0, -23]
[0, 0, -8, 0, -3, -1, -1, -25]
[1, -25, -19, -1, 4, 1, 0, -23]
[1, -6, 7, -2, -1, -1, -2, -22]
[1, -65, 11, -1, 1, 0, -2, -24]
[-2, 46, -8, -1, -1, 0, -1, -23]
[-1, 0, -8, 1, -3, 1, 1, -23]
[1, 19, 6, 1, -7, -2, 0, -23]
[0, 8, -1, -1, 4, 0, -1, -22]
[-2, 37, 4, 2, -6, 0, -1, -24]
[0, 41, -3, 2, 10, 0, -1, -22]
[-1, -33, -7, -6, -2, -2, -1, -23]
[-1, 12, -4, -1, -1, 0, -1, -23]
[1, -4, 3, -1, 0, -1, -1, -22]
[0, -44, 2, -1, -1, 1, 2, -24]
[-2, 27, 1, -1, -4, 0, -2, -24]
[0, -21, -10, 2, -5, -2, 0, -23]
[2, -9, 4, -2, -3, 0, -2, -21]
[-3, 34, 0, -1, -3, -1, 0, -25]
[2, -76, 3, -3, 2, -1, 0, -22]
[-1, -9, 7, -3, -4, -2, -3, -23]
[0, -63, -16, -2, 5, 0, -2, -22]
[1, 25, 11, 0, -5, -4, -1, -22]
[1, -60, 8, -2, -3, 0, -2, -23]
[-1, 19, 5, -1, -1, -1, 0, -23]
[1, -3, 13, 0, 8, 1, -2, -24]
[0, -16, 1, -2, -3, 1, 0, -24]
[-1, 6, -2, -1, 1, -2, 2, -23]
[-1, 24, -6, -2, -1, -1, -1, -22]
[-1, -8, -2, 2, -1, 1, -2, -24]
[-1, 36, -2, -2, -6, -1, -2, -23]
[-1, 5, -6, -1, -2, -1, 2, -24]
[0, -44, 0, 0, 10, -1, -3, -22]
[-1, -32, 5, -3, -2, -1, -3, -22]
[-3, 81, -1, 5, 0, 1, 3, -24]
[0, 14, -8, 0, -1, 0, 1, -24]
[0, -56, -6, -4, -4, 1, -2, -23]
[1, -40, 0, -2, 1, -3, 0, -21]
[1, -18, 6, -1, 1, -3, -1, -24]
[1, -76, 1, -2, -1, -1, -3, -22]
[0, 13, -3, -3, 3, 0, -2, -22]
[0, -10, 1, 0, -2, -2, -1, -22]
[1, 37, 20, 0, 3, -1, -2, -21]
[0, -15, 10, -1, -2, 2, 0, -23]
[0, 14, 6, -1, -3, 0, 0, -23]
[-1, 62, -3, 0, -1, -2, 0, -21]
[0, 17, 1, -2, -4, -3, 0, -23]
[-2, 2, 13, -1, 7, 0, 1, -23]
[0, 15, 3, 1, 0, -2, -1, -23]
[-2, 87, -7, -1, -3, 0, -1, -22]
[-1, -2, 5, -1, 3, 0, -2, -23]
[-2, -42, 0, -2, 1, 1, -1, -23]
[0, 51, -2, -1, -1, -3, -2, -22]
[0, -87, 0, 0, 4, -3, -2, -23]
[-2, 33, -10, 0, -3, -1, 2, -24]
[-2, 73, -4, 2, 1, -2, 1, -23]
[1, -2, 7, -4, -4, 0, -2, -23]
[-2, 65, -9, 1, -3, -1, 2, -23]
[2, -55, 4, 2, 1, 2, -1, -23]
[0, -40, 3, -3, 1, -3, -3, -22]
[0, -1, 5, 1, 1, 0, 1, -23]
[-1, -38, 0, 1, 0, 1, -1, -23]
[-1, 13, 0, -2, -7, -2, -1, -22]
[-1, 38, 11, -1, 0, 0, 1, -23]
[0, 45, 3, -2, -1, 1, -2, -22]
[0, -28, 2, -1, -11, -3, 0, -23]
[1, -25, 0, -2, -3, -3, -3, -22]
[-3, 6, -5, 1, 2, 0, 0, -23]
[-1, 26, -9, -2, -4, -2, -2, -24]
[3, -15, 1, -1, -1, -3, 0, -22]
[-1, -14, -5, 2, 4, 3, 1, -22]
[-4, -25, -1, -1, -5, -2, -2, -24]
[-1, 50, 0, 0, -5, 0, -2, -24]
[0, 48, 0, 2, 3, 1, 1, -21]
[2, -64, 0, -4, 2, -3, -1, -22]
[1, 1, -4, 5, 2, 0, 1, -23]
[-3, 47, -4, 0, 1, -1, -3, -22]
[1, -52, 5, -3, 2, 0, 0, -23]
[0, -46, -10, -8, -4, -3, -2, -24]
[-4, 47, 4, 4, -3, -1, 1, -24]
[-1, 19, 2, 0, -4, 0, 0, -23]
[-2, -45, -11, -1, 5, 1, -1, -24]
[-1, 45, -1, 1, -2, 0, -1, -22]
[-1, 0, -1, -1, -6, 2, -1, -24]
[1, -21, 7, 0, 0, -2, -2, -23]
[0, 36, -5, 1, 1, 0, 1, -24]
[0, -8, 5, 1, 0, -2, -1, -22]
[-1, 40, 0, 1, -2, 0, 1, -24]
[0, -6, 6, 0, 3, 3, 0, -22]
[-1, 40, 0, -1, -3, -3, 1, -23]
[-1, 30, -9, -4, -3, -4, -2, -23]
[1, -39, -6, -1, -2, -3, -2, -22]
[1, 10, 12, 3, 0, 0, 0, -23]
[-3, 50, -6, -2, -3, 0, 0, -24]
[-1, 55, -4, 1, -5, -2, 1, -23]
[0, 58, 0, -1, -1, -2, -1, -23]
[-1, -66, -2, -5, -5, 0, -2, -23]
[0, -32, -23, -1, 4, 3, 0, -23]
[1, -28, 15, 0, 4, 0, -2, -21]
[-2, 69, -4, 2, 3, 0, -3, -21]
[-1, -23, 7, 0, 9, -3, 0, -22]
[-1, -57, -2, -3, -10, -1, -1, -23]
[-2, 29, -22, 5, -1, -2, 0, -23]
[-2, -27, 7, -3, -5, 0, 0, -23]
[1, -19, 7, -3, -1, -2, -1, -24]
[0, -46, 1, -4, -2, -3, -2, -22]
[-1, 8, 4, 1, 4, 2, 0, -23]
[-1, -7, 4, -1, -2, -2, -1, -23]
[2, 22, 6, -2, 5, 0, -2, -22]
[1, 38, -6, -1, -2, -4, 0, -21]
[0, -16, 0, -2, -3, -1, -2, -22]
[-2, 2, 4, 0, 5, 2, 0, -22]
[1, -51, -1, -2, -1, -2, -1, -22]
[1, 15, 11, 4, 4, 0, 1, -23]
[-2, 38, -10, -1, -5, -1, -1, -22]
[-2, -7, -8, 0, 3, -1, 1, -23]
[-1, -38, 1, -2, -1, 0, -2, -24]
[-1, -58, -5, -5, -1, -3, -2, -24]
[-2, 40, -3, 0, -2, 1, 1, -24]
[0, -24, 10, 4, 0, 0, -1, -23]
[0, 47, -2, -6, -10, 0, -1, -23]
[-1, 6, 4, 0, -1, -3, -1, -22]
[0, -10, 2, -1, 0, -3, -2, -23]
[2, -76, 8, 2, -3, -2, 0, -23]
[0, -66, 1, -5, -1, 0, 0, -24]
[0, -5, -22, 5, 1, -2, -1, -23]
[0, 4, -5, 6, -2, -2, -2, -22]
[0, -53, 2, -4, -2, -3, 0, -22]
[2, 22, 1, 7, 1, 2, 0, -23]
[-4, 42, -6, 2, 0, -1, -1, -22]
[-2, 10, 3, -2, -1, 1, -1, -21]
[-1, 4, -1, 4, -1, 0, -2, -23]
[-2, 33, 1, 1, 1, 2, -1, -22]
[0, -31, -6, -2, -1, 0, 2, -24]
[0, -17, 0, -4, -2, -3, -2, -23]
[-2, 31, -8, -3, -2, 0, 0, -24]
[-3, -39, -2, -10, -10, -4, 0, -23]
[0, -31, 1, 5, 3, -1, 0, -22]
[2, -62, 4, -8, -7, -2, 0, -22]
[0, -31, -3, 2, -6, -1, 1, -23]
[2, 15, 0, -4, -5, -3, -2, -24]
[-2, 23, -3, 0, 3, 0, 2, -23]
[0, -1, -1, 1, -6, 0, -1, -23]
[-3, -56, 5, -1, -1, -2, -2, -22]
[0, 26, 8, -3, -1, -2, -3, -22]
[0, 47, 7, 2, -2, 0, -1, -22]
[-3, 127, -8, 4, 1, 0, 1, -22]
[0, -43, -4, -6, 2, -1, -1, -25]
[1, 11, 7, -2, 0, 0, -1, -22]
[-1, 37, -3, 0, -1, -1, -1, -23]
[0, -16, 1, -2, -4, -1, 0, -23]
[-2, 73, 2, 0, 6, -2, 0, -21]
[-1, 27, 4, 5, 38, 38, 3, -23]
[0, 31, -11, -6, -4, 1, -2, -22]
[-1, 101, -3, 5, -11, -3, 2, -23]
[0, -18, 6, -4, 1, 2, -1, -23]
[0, -42, 4, -2, -10, -7, 0, -23]
[-2, 0, 1, -5, -8, -1, -1, -24]
[0, -46, 8, 3, -11, -2, 1, -24]
[-1, 63, -5, 2, 6, -3, -1, -22]
[0, -13, -3, -6, 8, -2, -1, -22]
[-2, -17, 14, 6, -8, -20, -3, -23]
[3, -3, 0, 5, 13, 15, 3, -22]
[-1, -74, -11, -1, -1, 3, -1, -24]
[-3, 42, -11, -2, 3, 5, -1, -22]
[-2, 8, -26, -3, -3, -1, -2, -23]
[0, 75, 6, 8, 9, 6, -1, -21]
[-1, 28, 10, 3, 0, -1, -1, -24]
[-2, 106, 1, 17, 26, 6, 0, -22]
[-3, 83, -23, -5, -11, -5, -2, -22]
[-2, -57, -3, -1, -1, 0, 0, -25]
[0, -27, -11, -4, -1, -1, -2, -23]
[1, -26, 12, -2, -1, -8, -1, -23]
[-2, -36, -23, 9, -1, -3, 3, -23]
[2, -38, 9, -5, -14, -1, -4, -22]
[3, -95, 11, -2, 14, 4, -2, -22]
[-1, 41, 3, 4, 2, 4, 0, -23]
[-2, 17, 1, -4, -3, -1, -2, -23]
[-1, -8, 5, -8, -3, -2, -1, -23]
[0, -19, -1, -1, -17, -1, 0, -24]
[-1, 15, 1, -3, -11, -5, -2, -22]
[-2, -54, -5, 4, 11, 5, -1, -26]
[-1, -20, -5, 1, 9, 1, -1, -24]
[-3, -18, -26, -15, -8, 0, 0, -24]
[1, -12, 4, 3, -9, -5, -1, -22]
[1, -72, 9, -1, -21, -2, -1, -23]
[-3, 14, -1, 5, 4, -2, 0, -23]
[-1, -53, 3, -8, -2, -1, 1, -24]
[0, 7, 4, 16, 23, 4, 1, -23]
[2, -78, 11, 0, -11, -4, -2, -25]
[-1, 44, 3, -3, -6, -1, -1, -23]
[-1, -2, -3, -1, -7, -3, -1, -23]
[-1, 27, -15, 11, 11, 5, 1, -23]
[1, -21, 3, 1, -5, -3, -3, -23]
[0, 6, -1, 0, -7, -1, 2, -23]
[0, 97, -10, 0, -7, -3, 0, -22]
[-4, 58, -4, 2, 1, -3, -1, -23]
[-1, 69, -4, -1, 0, 3, 0, -23]
[-1, 8, -11, 5, 5, 3, 1, -22]
[0, -14, -4, -2, 4, -2, -1, -22]
[-1, 38, 2, -2, -5, -1, 1, -23]
[-1, 36, 3, 4, 8, -1, -2, -22]
[-1, -59, 0, -6, -13, -4, -1, -22]
[-2, -68, -5, 7, -9, -4, -1, -24]
[-1, -3, -2, 6, -3, 3, 1, -23]
[-1, 57, -28, -21, -8, 0, 2, -22]
[-1, 18, -6, -8, -12, -4, -1, -23]
[1, 13, -3, 3, 8, 0, -2, -22]
[0, 32, -2, 18, 3, -3, 1, -23]
[-3, 79, 2, 6, -4, -3, 2, -23]
[-1, -7, 0, 2, 2, 0, 0, -23]
[1, -40, 6, -1, -5, -2, -1, -23]
[-1, -3, -15, 0, 2, -2, 0, -23]
[-1, -37, 0, -16, -17, -2, 1, -23]
[-1, -31, -1, -5, -11, -5, -2, -24]
[-1, -4, 1, -3, -5, -3, -3, -22]
[0, 1, -4, 10, -2, -4, -2, -21]
[-1, -25, -5, 5, -5, -3, -1, -23]
[-1, -3, 1, -1, -5, 1, -1, -22]
[0, 29, 6, 3, -4, 1, 0, -22]
[-2, 37, -26, -7, 2, 1, 0, -22]
[-1, -27, 2, -7, -13, -3, 1, -24]
[0, -42, 0, 5, 15, 1, -2, -23]
[-1, -85, -15, 3, 0, 0, 0, -26]
[-3, 23, -15, -2, -2, -1, -1, -23]
[-1, -69, -5, -2, 10, 2, 1, -24]
[0, -52, 2, 1, 4, 0, 1, -23]
[0, 93, -9, 18, -10, 2, -2, -21]
[-2, -40, 4, -8, -1, -1, -2, -23]
[0, 19, 7, 1, -11, -3, 0, -23]
[0, -23, -8, -4, -4, -2, 1, -21]
[-2, 74, -19, 3, 14, 1, -1, -23]
[1, 82, 8, 0, 5, -2, -2, -22]
[0, 4, 10, 3, -2, 2, -1, -23]
[1, -67, 4, 27, 26, 1, -2, -22]
[-1, 80, -3, -13, -3, 0, 0, -24]
[3, -51, 9, -10, -11, -1, -2, -23]
[-3, 34, 3, 4, -5, -3, -2, -22]
[1, -72, -3, -13, -8, -2, -1, -23]
[-1, 5, -2, -6, -5, 0, 0, -23]
[-1, 59, -3, -7, -6, -2, -1, -22]
[3, -101, 10, -3, 0, -2, -3, -22]
[-1, 17, 3, 12, 6, -2, 2, -23]
[-3, 42, -1, 13, 6, -3, -2, -23]
[-4, -3, -22, -8, -2, 0, 0, -24]
[2, -66, 6, -11, -11, -3, 0, -22]
[1, -21, 4, 2, 3, 2, -2, -23]
[-1, 19, 1, -6, -7, -4, -1, -23]
[-1, 26, 7, 1, -9, 4, 2, -25]
[-2, 15, -5, 3, 4, 0, -1, -23]
[2, -64, -1, -1, -3, 1, 0, -24]
[-1, -13, -4, -2, 2, 0, -2, -24]
[0, 2, 0, 0, 11, -1, 0, -23]
[0, -15, 3, -2, 2, 0, -2, -22]
[-1, 26, 2, -3, -9, -3, -3, -22]
[0, -9, 9, -3, 10, 1, -1, -21]
[-2, 19, -14, -11, -10, -1, 2, -23]
[-3, 38, 2, 1, 6, 3, 0, -23]
[-3, 33, -13, -5, -7, -5, 0, -24]
[-2, -78, -1, -8, -11, -6, -3, -24]
[0, -11, -2, 2, 0, 2, 0, -23]
[2, -121, 2, -4, -12, -4, -1, -23]
[0, -59, 0, 3, 4, 3, 3, -23]
[4, -89, 2, -7, 8, 0, -1, -23]
[-1, 58, 9, 12, 23, 8, 1, -23]
[1, 70, -6, 1, -8, 2, 1, -22]
[-2, -106, -7, -3, -10, 0, -1, -25]
[0, 35, -6, -1, -1, 1, 1, -23]
[-1, 87, -6, 4, -3, -3, 2, -23]
[1, 30, -16, 16, 1, 0, 1, -21]
[1, 0, 2, -8, 1, 1, -1, -22]
[-1, 27, -17, -2, 0, -2, 0, -22]
[-1, -2, -15, -4, -9, 0, 1, -22]
[-2, 40, 17, 2, -14, -4, 0, -22]
[-1, 45, 1, 1, -7, -2, 0, -24]
[-4, 46, -4, 0, -2, -1, 0, -23]
[-2, 50, -3, -4, 4, 2, 0, -22]
[0, -47, 10, -7, 4, -5, 0, -23]
[0, -9, 0, 2, -1, 1, 1, -25]
[1, 20, 3, -2, -5, -2, -4, -22]
[1, 35, 1, -3, 12, 3, 1, -22]
[1, -113, 10, -7, 8, -3, -2, -23]
[-2, -43, -7, 4, -5, -1, -1, -23]
[1, -42, -7, -2, -4, -4, -2, -23]
[0, 60, -21, 0, 7, 2, 1, -23]
[1, -23, 1, 4, -7, 6, 1, -23]
[-2, 30, -6, 11, 4, -1, 0, -23]
[-3, 8, -4, -1, -7, 1, -1, -24]
[0, 9, 22, -3, 13, -1, -2, -23]
[-1, 57, 6, -2, -4, -5, 1, -21]
[0, -23, -1, -8, -1, -6, -4, -22]
[0, 20, -5, -6, -8, -2, -2, -23]
[-1, 86, 8, 14, 9, 1, 1, -21]
[0, 16, 7, -1, 15, 0, 0, -23]
[1, -56, 7, -3, 3, -5, 0, -23]
[0, -69, 0, -5, -5, -8, -3, -23]
[0, -14, 13, -6, -23, -4, 0, -23]
[-2, 17, 6, -1, 11, 2, 0, -24]
[-2, 96, -10, -4, -8, 6, 1, -23]
[0, 27, 7, -14, -2, -3, -2, -21]
[-2, 9, -1, 3, -10, 0, -1, -22]
[-3, 10, -35, -14, -2, 2, 1, -24]
[-1, 43, -3, 4, -7, -3, -2, -23]
[-1, 3, 4, -1, 3, 0, -2, -24]
[2, -66, 20, 4, 7, -6, -3, -22]
[-2, 0, -5, -13, -10, -10, 1, -24]
[0, -34, 6, 13, 6, 4, 1, -24]
[0, -13, -3, -7, -7, -4, 0, -22]
[-1, -53, -16, 6, -4, -2, -1, -24]
[-1, 16, -16, 0, 1, -2, 1, -23]
[2, -10, 16, 9, -4, -4, -1, -23]
[-2, 36, -22, -5, 6, 3, 0, -22]
[1, -35, 7, 7, -1, 0, -1, -22]
[-1, 77, -2, 0, -13, -6, -2, -23]
[2, 46, 33, 7, 6, 1, 0, -23]
[-3, -59, -12, -5, -3, -2, -1, -24]
[-1, 81, -2, -2, 3, -1, 2, -23]
[-3, 54, -13, 3, -4, -3, -1, -24]
[2, -54, 1, -5, -7, -2, -1, -24]
[-3, -52, -18, -20, 4, 1, -2, -23]
[1, -51, -14, 1, 9, 9, 1, -22]
[-2, 59, 2, 14, -2, 0, 1, -22]
[1, 62, -1, 3, 2, -2, -1, -21]
[-2, -43, -8, 9, 10, -3, -1, -21]
[-2, 1, -2, -8, -8, 0, 0, -24]
[2, -77, 23, 8, 3, 0, -3, -23]
[1, -82, 17, -10, -7, 2, -1, -24]
[1, -39, 8, 8, -4, -4, 0, -22]
[1, 2, -9, -27, -10, 3, -3, -23]
[-1, 8, -14, 6, -4, -6, 2, -22]
[1, -3, 1, 14, 34, 4, 3, -23]
[-1, 36, -4, 5, -12, -1, 0, -23]
[0, 47, 15, -2, 2, 7, 1, -23]
[-3, 90, -10, -2, 7, 0, 3, -24]
[-1, -59, -4, -7, -11, -2, -3, -24]
[-1, -60, -1, 1, -1, 0, -2, -22]
[-1, -16, 8, -16, -22, -7, 1, -23]
[-1, 18, 6, 2, 34, 2, 2, -22]
[-1, -51, -4, -8, 6, 0, -2, -23]
[-2, 35, -15, 6, -1, 0, 0, -22]
[-2, 30, 8, 1, -7, -1, -1, -22]
[-2, 19, 0, -2, -4, -2, -2, -23]
[0, -28, -12, -2, 10, 1, 0, -24]
[-1, -20, 8, 1, -5, 0, -4, -23]
[1, -88, 0, 5, 7, -3, 0, -23]
[-1, -14, -3, -4, 13, 1, 1, -23]
[-3, 52, 1, 17, -1, 2, 1, -23]
[0, 43, -9, -8, -19, 0, -1, -23]
[-2, 28, -20, -11, -13, 2, -3, -23]
[0, -28, -1, 2, 11, 6, -1, -22]
[-2, 39, 5, 8, -3, 0, 2, -22]
[2, -81, -10, -10, 0, -6, -1, -23]
[-1, 36, 4, -3, -14, -2, 1, -23]
[-1, -50, -14, -25, -9, -1, -1, -24]
[-2, 89, 5, -4, -14, -3, -2, -22]
[0, -10, 0, -4, -1, 4, -1, -21]
[-3, 1, -3, 4, -3, 6, -1, -23]
[-1, 41, 3, -6, 5, 0, 0, -22]
[-1, 10, -7, 0, -6, 1, 1, -23]
[-1, -105, -5, -2, 4, 0, -2, -24]
[0, -4, -14, -24, 5, 5, -2, -24]
[0, 12, -6, 23, -1, -8, -2, -24]
[-3, 33, -8, 8, -8, -1, 2, -23]
[-1, 33, 4, 4, -8, 5, -1, -22]
[0, -17, 19, -4, -19, -4, -1, -22]
[-2, -28, -11, 3, 12, -3, -1, -22]
[3, -72, 2, -7, -16, -2, -1, -22]
[-1, 70, 0, 0, 12, -1, 1, -22]
[-4, 28, -14, -2, -21, -6, 0, -24]
[-1, -5, 9, 2, 0, 0, -1, -22]
[-1, -38, 2, 4, 12, 1, -2, -23]
[-2, 40, -7, -1, -1, 6, 1, -23]
[1, -55, -29, 10, 1, -9, -3, -23]
[-2, -14, 2, -8, 3, 2, 1, -24]
[0, 35, 11, -3, -6, 1, 0, -23]
[0, -63, 0, -3, 13, 10, 0, -23]
[-1, 47, 5, -1, -1, 0, -2, -23]
[-1, 18, 3, -3, -1, -2, -1, -24]
[-1, -59, 6, -21, 8, 0, -2, -23]
[1, -5, 2, 1, -9, 1, -1, -22]
[-1, 46, -6, 19, 19, 3, 1, -23]
[-3, 29, -7, -5, -13, 2, 0, -24]
[1, 37, -3, -2, -1, -2, -1, -23]
[-1, 64, -2, -8, -3, -4, -1, -23]
[-2, -128, 5, 3, -2, -1, -2, -23]
[1, -10, 2, 2, 21, 2, 0, -22]
[-3, 71, -2, -4, -12, -4, -1, -22]
[2, -46, 10, -2, -5, -4, 1, -24]
[1, -22, -10, -18, 1, 1, -1, -22]
[0, -42, 1, -1, 4, 1, 0, -23]
[-2, 16, -3, -3, -9, -1, -1, -23]
[-1, 61, 5, 3, -1, -1, -1, -22]
[0, 9, 7, -8, -13, -2, -2, -23]
[-1, 82, -1, 6, -2, 2, -1, -22]
[-2, -2, -13, -6, -8, -3, 1, -24]
[0, 1, 0, 4, -3, 2, -1, -24]
[-1, 35, -3, 5, 1, 1, -1, -24]
[-2, -123, -1, -7, -6, 2, 0, -24]
[-1, 9, 6, 3, -1, 2, -2, -22]
[0, -128, -11, -13, 9, -3, -2, -25]
[-4, 87, -3, -7, -7, -3, -1, -23]
[0, -49, -9, 9, -4, -4, -2, -24]
[-1, 41, -17, 1, 2, 0, 2, -21]
[-1, 22, -10, 0, -11, 0, 0, -24]
[0, -39, 4, 5, 2, 4, -1, -23]
[-4, 47, -17, 9, -9, -1, -1, -22]
[0, -7, 10, 6, 7, 0, -2, -23]
[0, -77, 7, -13, -4, -3, -1, -23]
[0, 4, -2, 0, -4, 0, 2, -22]
[0, 33, 2, 5, 4, 1, 0, -23]
[1, 20, 5, -6, 1, -3, -1, -21]
[-1, -1, 3, 1, 10, 0, -1, -24]
[-2, 9, -1, 0, -6, -2, 0, -24]
[-1, 41, 1, 4, -11, 5, 0, -22]
[-1, -35, -4, -11, -10, -1, -1, -23]
[0, -71, -13, -1, 2, 1, 0, -22]
[-2, -3, 1, -9, 6, -1, -1, -23]
[0, 115, 2, 12, 1, 0, 1, -23]
[-1, -70, -4, 1, -11, 0, -1, -24]
[-1, 75, 1, -2, -12, -1, 0, -22]
[-1, 79, -6, 11, 11, -2, -2, -21]
[-2, -51, 17, 9, 0, 0, -1, -22]
[1, -71, -12, -8, -19, -1, -1, -22]
[2, -69, -1, -8, 1, -1, -2, -24]
[-2, 42, 0, -9, 3, 0, -1, -22]
[-1, 16, -1, 10, 8, -3, 1, -23]
[-1, -19, 8, -2, -8, -4, -3, -23]
[0, -8, 8, 8, -2, -3, 1, -23]
[-2, -8, -8, 1, -10, -2, -1, -22]
[2, -14, 3, 3, 5, 8, 0, -23]
[-1, 27, -2, -3, -5, -3, -1, -23]
[-3, 92, -5, 8, 4, -2, 1, -23]
[-1, -93, 2, 10, 7, -1, -3, -24]
[3, -11, 2, 1, 0, -4, -2, -22]
[2, -21, -7, 1, 5, -2, -3, -21]
[0, -61, 3, -5, 1, 1, -2, -23]
[1, 95, -6, 3, 0, -1, -1, -23]
[-2, 94, -4, 6, -5, -2, 2, -23]
[-2, -44, 6, -6, -13, -3, -2, -24]
[2, 4, 12, -2, 8, 0, -2, -21]
[1, 39, 19, -2, -5, -9, -2, -23]
[0, -63, -1, -5, -2, 1, 1, -22]
[-1, -3, -6, 3, 2, 0, -2, -22]
[-1, -92, 3, 4, -1, 0, -2, -23]
[-1, 70, -21, -4, 20, 10, 0, -22]
[-3, 55, -12, 2, 13, 6, 2, -23]
[-1, -47, -17, -2, -7, -4, -3, -23]
[-3, 113, 0, 0, 4, 4, 1, -22]
[-2, 33, -3, 2, -2, 1, -1, -21]
[-2, -11, 13, 2, -1, -7, -2, -23]
[0, -26, -23, -15, -20, -4, -2, -23]
[0, -52, -15, -4, 11, 4, 1, -22]
[-3, -12, -8, -17, -20, -3, 1, -23]
[0, -30, 0, 6, -1, 2, 0, -24]
[0, 21, 2, -1, 3, 2, 0, -22]
[1, 68, 2, 3, 6, -4, -1, -23]
[-2, 76, -7, -10, 5, 3, 0, -24]
[-2, 8, 10, 12, -2, -6, -1, -23]
[-2, 19, -1, -1, 12, 2, -1, -25]
[1, 42, -4, -4, -11, -5, 0, -22]
[1, -38, 8, -2, 1, 0, -2, -23]
[2, -8, 11, 1, 9, 1, -1, -22]
[-1, 89, -3, 8, 1, -1, -1, -21]
[-3, -17, -10, 1, 15, 13, -1, -24]
[-2, 109, -7, -13, 5, -2, -3, -22]
[0, -50, 3, -10, 18, -2, -2, -23]
[0, 27, 7, -3, -29, -4, 0, -24]
[2, 14, 3, -4, -1, -2, -4, -21]
[-3, 42, -5, 11, 8, 1, -1, -23]
[-2, 89, -1, 3, 1, -1, 1, -21]
[0, -44, -8, 20, 9, 1, -2, -23]
[1, 2, 0, 1, -9, 1, -1, -21]
[1, -35, 8, -5, 5, 1, -1, -24]
[-1, -50, 4, -6, 3, -2, -2, -23]
[-2, 25, -2, 21, 18, 3, 1, -22]
[-3, 3, -29, -8, -19, -7, -3, -22]
[3, -94, 10, 9, -1, -4, 0, -22]
[1, -59, -3, -2, 9, 12, 0, -23]
[0, 64, -20, -3, 2, -4, -2, -23]
[0, 94, -1, 7, -31, -9, 1, -21]
[1, 26, 21, 4, -1, 15, 0, -21]
[-1, -46, -13, -19, 0, -6, -1, -21]
[-1, -14, 5, 0, 0, -2, -1, -22]
[-1, 33, -8, -8, -4, -4, -1, -23]
[-1, 16, 6, -5, -18, -5, 2, -24]
[1, -85, -2, 5, 33, 6, 1, -24]
[-1, 79, 5, 1, -16, -5, 0, -22]
[0, 12, 5, -3, -5, -4, -1, -22]
[-1, -67, -18, 5, -3, 1, 1, -23]
[1, -43, 0, -5, -13, -2, 0, -24]
[-2, 7, -5, -4, -4, -8, 0, -23]
[-1, 31, -4, 1, -5, -3, 1, -24]
[0, 54, -3, 6, -6, 1, -1, -23]
[-2, -16, 3, -2, -11, -1, 1, -24]
[0, 112, 2, 11, -7, -6, 2, -23]
[0, -53, 14, 10, 10, -3, -3, -22]
[0, -70, 1, -14, -2, -4, -3, -23]
[-1, -48, -6, -4, -15, -5, 0, -22]
[-2, -26, -5, -3, -4, -1, -2, -22]
[0, 37, 6, 6, 6, 1, -1, -23]
[-4, 33, -6, 1, -17, -4, -1, -25]
[-1, -84, 0, -5, -3, 4, 0, -24]
[2, -63, -1, 0, 2, -1, -1, -23]
[0, 53, -2, -2, -6, -4, -1, -22]
[1, -10, -1, -2, 6, 0, -1, -22]
[-3, 16, -20, 10, 7, 3, -1, -22]
[-2, 45, 2, 4, 6, 0, -1, -22]
[1, 43, -25, -9, 4, -2, -2, -22]
[-3, 57, 3, -6, -4, 0, 0, -23]
[0, -28, 5, -10, -9, -1, -1, -23]
[1, -47, -4, 5, 8, 2, 3, -21]
[2, -97, -1, -14, -8, -2, -2, -23]
[0, -3, 0, 8, 12, 9, 1, -22]
[-3, 127, -6, -5, -10, -2, 0, -23]
[-5, 30, -7, -4, -4, -2, 0, -23]
[-1, -19, 4, -7, -8, -2, 1, -23]
[-2, 115, 7, 15, 1, -2, -1, -22]
[0, -40, 1, -8, -9, -3, -1, -23]
[-3, -12, -2, 2, 6, 1, 0, -23]
[-1, 16, -15, -2, 7, -4, 0, -23]
[1, -107, -2, -12, -4, -5, -3, -23]
[1, -45, -11, -5, -3, 1, -2, -22]
[-1, 35, -1, 3, 9, 0, 0, -23]
[-2, 69, 16, -7, -14, -5, 1, -22]
[-2, 0, -4, 14, 11, -2, -2, -23]
[-2, 54, 4, 0, 2, 1, 1, -23]
[-1, -11, 2, 4, 6, -2, -2, -23]
[0, 9, -12, -1, -5, -1, 1, -22]
[0, 17, 13, -13, -3, 5, -2, -24]
[-3, 34, -9, 0, -8, -2, 0, -23]
[-3, 16, -3, 4, -3, 1, 2, -24]
[1, -32, 4, -1, -1, -1, -1, -22]
[-2, 45, -29, 10, -7, -5, 0, -23]
[1, -109, -5, -6, -6, -3, 0, -23]
[0, 39, -1, 10, 31, 4, -1, -23]
[-2, 11, 3, -13, -15, -4, -2, -22]
[-2, 1, -8, -11, -11, 0, 1, -23]
[-1, 64, -3, -6, -5, -1, 2, -24]
[-1, 16, -4, 1, -1, 1, -1, -24]
[-1, -14, -5, -4, -3, -1, -3, -23]
[0, 47, -21, -2, -7, 1, 1, -22]
[0, 38, 4, 0, -4, 0, -1, -22]
[0, -43, 4, -6, -1, 0, -2, -22]
[-1, 47, -7, 2, -1, 1, -1, -22]
[1, -54, 5, -5, 0, -3, -1, -22]
[-2, 3, 2, -1, -3, -3, 1, -24]
[0, 0, 7, -4, -4, -2, 0, -23]
[-1, -2, 3, 27, 21, 4, 2, -23]
[-1, 32, -4, -3, 2, 2, 0, -23]
[0, 83, 6, -10, 4, 2, 1, -21]
[-1, 34, 6, -2, 0, 3, -2, -22]
[1, 48, 2, -2, 0, 0, 1, -22]
[-2, -58, 0, -7, -2, -4, -3, -24]
[1, -76, -10, -2, -4, 7, 0, -22]
[-1, -5, 10, -15, -8, -3, -1, -22]
[0, -44, -1, -7, -3, -5, -2, -23]
[2, -81, -5, -4, -4, 1, 2, -24]
[0, 30, -14, -4, -1, -7, 1, -22]
[-2, 99, 0, 10, 9, 3, 2, -23]
[-2, 68, 6, 10, 0, -2, -2, -23]
[-1, 38, 4, 1, 11, -2, -3, -21]
[-1, 80, -4, -7, -15, -2, 2, -21]
[1, -46, 4, 4, 5, 2, 1, -23]
[-1, -27, 6, -6, -7, 0, -3, -23]
[1, -12, 5, -3, -4, -2, 2, -22]
[1, -33, -12, -15, -10, -6, -1, -23]
[0, -102, 14, 1, 5, 1, 0, -24]
[-1, 84, -6, 0, -12, -4, -2, -22]
[-2, 23, -22, 0, 4, 0, -2, -23]
[-3, 53, -7, -10, -7, -2, -1, -23]
[-2, 1, 11, 8, -1, 6, 1, -24]
[-2, 69, -6, -3, -5, -5, -2, -23]
[-1, 74, 0, 1, -4, -2, 0, -21]
[1, 13, 7, 7, 4, -2, -2, -21]
[3, 2, 4, -3, -2, 0, 0, -21]
[-3, 14, -18, 7, -3, -1, -1, -22]
[-2, -34, 6, 11, 5, -2, -1, -24]
[-1, 25, -3, -7, 0, 2, -1, -22]
[-3, -19, 3, -14, -17, -3, -1, -23]
[-1, 10, 1, -1, -4, -1, -2, -22]
[-2, -11, -5, 6, -2, 1, -1, -23]
[-1, 49, 2, 14, 13, 1, 0, -21]
[-3, 46, -4, 5, 6, 3, 3, -23]
[-1, 34, -4, 15, 3, 2, 0, -23]
[0, -20, -14, -6, -10, -2, -1, -24]
[-2, -58, -11, -8, 4, -1, -1, -22]
[1, 59, 1, 2, 3, -2, -3, -23]
[-1, 38, -1, 23, 10, -1, 0, -23]
[0, -17, 4, 5, -6, -4, -1, -23]
[-1, 19, -1, -2, -5, 0, -1, -23]
[-1, 37, -4, -4, -16, -4, 0, -21]
[1, -46, 6, -15, -2, -5, -2, -22]
[-1, 45, -3, -1, -5, 0, -1, -22]
[2, -30, 22, 34, 22, 10, 0, -24]
[2, -73, 1, -12, -2, -5, -1, -23]
[0, -35, -5, -3, -5, 1, 0, -23]
[-1, -25, -8, -12, 2, 1, 0, -23]
[-4, 59, -1, 2, 2, 3, 0, -23]
[-1, 58, -9, -2, 12, 2, 0, -22]
[-2, 65, 3, 2, 1, -2, -2, -23]
[0, -59, -7, -3, 0, -5, -1, -23]
[-3, 51, -2, -3, -11, -5, 1, -23]
[-1, 6, 0, 1, 0, 1, 0, -23]
[-1, -47, -13, 3, 4, 3, 0, -23]
[-1, -34, 7, -3, -5, -2, -1, -23]
[0, 14, -8, -6, -4, -2, 0, -23]
[-1, 73, -5, -1, 4, 0, -1, -23]
[0, 16, -1, 17, 3, 1, 0, -23]
[0, -61, -1, -5, -4, -3, 0, -23]
[-1, 42, 0, 4, -9, -3, 1, -21]
[0, 9, -5, -15, -9, -1, 1, -23]
[-1, -27, 2, 1, 5, 7, -1, -23]
[-3, 94, -14, 17, 13, 3, 0, -22]
[-2, 15, 3, 9, -4, 0, -1, -22]
[-2, -1, -6, 0, -3, -1, 1, -21]
[0, -33, -3, 3, -11, -4, 1, -23]
[1, -16, -5, 5, -3, 1, 0, -23]
[-3, 8, 2, -7, 0, -2, -1, -22]
[0, -21, -1, -10, -4, 2, 1, -23]
[3, -119, 4, 5, 9, -1, -3, -24]
[-4, 29, 1, -5, 4, -6, 1, -24]
[-1, -28, -3, -16, 2, 4, 1, -23]
[0, 57, 0, -12, -12, -1, -3, -21]
[-1, 13, -6, -3, -3, 3, 0, -22]
[1, -65, 14, 3, 2, -1, -1, -22]
[1, 32, 1, -5, -6, -4, 0, -22]
[0, 1, 3, 10, -4, -1, 0, -24]
[-2, -5, 6, -9, -8, -2, -1, -22]
[-1, -34, 12, 10, 2, 2, 1, -23]
[1, -31, -12, -16, 3, -2, 1, -23]
[1, -97, 5, -1, 14, 2, -1, -22]
[0, 36, -10, 11, -2, -1, 0, -22]
[-2, 4, -3, 12, 1, -2, -2, -21]
[-1, 11, -4, 8, -3, -3, -1, -22]
[0, -28, 9, -10, -1, 0, -2, -21]
[-1, -50, -1, -8, -2, 1, -1, -23]
[-1, 61, -15, 3, -8, -2, 1, -23]
[-2, 82, -8, 2, 6, -1, -1, -23]
[-5, 117, -4, 4, -8, -1, 1, -22]
[1, -66, 1, -3, -13, -1, 2, -23]
[3, -10, 9, -5, 7, 0, -1, -23]
[0, 18, 5, -20, -13, -5, -2, -23]
[-2, 20, 7, -2, 8, 2, -3, -23]
[-4, 69, -28, -11, -11, -3, 0, -22]
[1, 4, -4, -20, 7, 2, -1, -22]
[-2, -20, -26, 4, 3, 4, -1, -23]
[-1, 34, 13, 1, -6, -3, 1, -23]
[-1, 90, 5, -6, -11, -6, -1, -22]
[-1, -48, 13, 2, -10, -2, -2, -22]
[-1, 20, 9, 15, 13, 3, -1, -24]
[-1, 74, -5, -1, -3, -2, -1, -22]
[0, 29, -8, -4, 7, 3, -1, -22]
[0, -96, 2, -1, 0, 1, 0, -23]
[0, 37, -5, 6, 0, -1, 2, -23]
[-2, 60, 0, 11, 17, -1, 0, -22]
[-4, 8, -5, 0, -8, -2, 0, -22]
[0, 84, 1, 6, -3, -2, -1, -21]
[0, -58, 2, -8, -2, 0, -3, -23]
[-2, 45, -3, -7, -5, -3, 1, -22]
[1, 23, -4, -1, -10, -4, 0, -22]
[0, -47, 1, -7, -4, 1, 0, -23]
[-2, -34, -14, -4, -1, 1, 1, -23]
[-1, -46, 2, -2, -1, 0, 0, -23]
[-1, -44, -9, 15, 16, 1, 0, -23]
[1, -7, 3, -4, -17, -4, -1, -23]
[-2, 10, 9, 2, 18, 2, 0, -22]
[2, 63, -4, -4, -3, -3, 0, -23]
[-2, 21, 2, -8, -5, -2, -1, -23]
[-1, -42, 13, -1, -1, 2, -1, -24]
[0, 29, 2, 1, 16, 2, 2, -23]
[-3, 41, -6, -6, -17, -1, -1, -23]
[-2, -49, -2, 6, -1, -7, -1, -21]
[0, 0, -3, 4, -7, -5, -1, -23]
[-2, 48, -5, 9, -1, 5, 2, -23]
[0, 10, -9, -12, -10, -1, -2, -23]
[0, 10, 1, 8, 0, 1, -1, -22]
[-1, 2, -10, 5, 2, 9, 0, -23]
[0, -73, 0, 8, -3, -4, -2, -22]
[0, 17, -9, -3, 1, 4, 3, -23]
[-2, 53, 0, -1, -6, -1, 0, -22]
[0, -97, 8, 0, 4, 0, -2, -22]
[-4, 39, -10, -6, -4, 10, 1, -23]
[-1, 65, 7, 14, 19, 1, 0, -23]
[0, 22, -12, 10, 1, -1, -1, -22]
[0, -44, 3, -2, -13, -8, -1, -23]
[0, -1, 5, -19, -30, -6, -1, -23]
[1, -24, -4, -10, -7, 6, -1, -21]
[-2, 71, -10, -6, -2, -2, 1, -23]
[-3, -36, 9, -2, 11, 0, 0, -25]
[0, -50, 5, -3, 9, -4, -2, -23]
[0, 24, 0, -3, -4, -3, -2, -22]
[-1, 11, -2, 3, 5, 1, -1, -22]
[2, -12, 10, 3, -1, -1, -2, -21]
[-2, 60, -1, 3, -6, -2, 0, -23]
[0, 17, 17, 21, 11, 1, -1, -22]
[-3, 32, -8, 0, -4, -1, 0, -23]
[1, -25, -3, 0, -2, -1, -1, -24]
[1, -56, -24, -12, -18, -2, 0, -23]
[-3, -67, -5, 4, -5, 1, 0, -23]
[4, -95, 2, -4, 16, -3, -2, -23]
[0, -6, 16, 0, 12, 2, 0, -22]
[-1, 95, -2, 2, -8, 1, -1, -22]
[-1, -36, -4, -1, -10, -5, -2, -23]
[-1, 10, 3, 4, 1, -1, -2, -22]
[0, -113, 6, -4, 0, -1, -1, -22]
[-1, -19, -1, 15, 30, 2, -2, -21]
[-1, -37, 6, 2, -9, -3, -3, -23]
[-1, 0, 8, -10, -8, 3, 0, -22]
[0, 60, -13, -13, 0, -1, -1, -23]
[-2, 85, -10, 1, -4, 9, 0, -22]
[0, -67, -5, -11, -7, -3, 0, -25]
[-1, -41, 2, -3, 0, -2, -1, -22]
[0, 23, -2, -4, -7, -9, 0, -23]
[0, -16, -10, -10, -10, -1, 2, -23]
[-1, -21, -4, -6, -1, 1, -2, -22]
[1, -28, 6, -11, -1, 6, 0, -23]
[1, -76, 7, -14, -13, -6, -2, -23]
[0, -100, -6, -3, -6, -2, -4, -23]
[0, 23, 3, -16, -4, -1, -1, -23]
[-3, 83, -6, -1, -15, -5, 1, -22]
[-2, 30, -7, 8, 3, -1, 0, -23]
[-2, 19, 2, 1, -1, 0, -1, -23]
[-2, 26, -9, 19, -5, -8, 0, -22]
[-1, 46, -4, 2, 6, 7, 2, -22]
[4, -104, 4, -11, 5, 1, -2, -23]
[-1, -8, -20, -8, -4, -1, -3, -23]
[0, 51, 7, 5, 1, 8, 2, -22]
[2, -39, -4, 20, 13, -3, -2, -23]
[-2, 49, -2, -7, -11, -5, 0, -23]
[0, -19, -1, -14, -9, -1, -1, -23]
[1, -87, 9, 8, 5, 2, 1, -22]
[2, -66, 13, -6, 1, -6, -3, -23]
[-4, 78, -18, 1, -5, 4, 1, -22]
[1, 30, 3, 3, -1, 0, -2, -22]
[0, 13, -2, -12, -7, -7, -2, -23]
[-1, 83, -9, -5, -9, -1, 0, -22]
[-1, 73, -11, -12, -6, -3, 1, -22]
[0, -67, -4, -6, 11, -2, -1, -22]
[-1, -48, 8, -9, 7, -5, -2, -22]
[0, 37, 8, 0, -6, 0, 0, -22]
[-3, 30, -5, 5, 3, 4, 1, -23]
[-1, -15, -5, -9, -3, 8, -1, -24]
[0, -72, 4, 4, -2, -4, -1, -23]
[-1, -94, 9, 15, 20, 2, -2, -25]
[-1, 5, 3, -20, -14, -4, -2, -22]
[-3, 37, -1, 2, -5, -6, 1, -24]
[-3, 26, 1, 5, -5, -1, 0, -22]
[0, -23, 16, -2, 1, 1, 0, -23]
[-1, 10, -6, 4, 6, -4, 1, -23]
[-2, 48, -4, -4, -4, 1, 0, -23]
[-1, 13, -7, 6, 4, 0, 0, -22]
[0, -71, -2, -6, 8, 0, -1, -23]
[-2, -61, 9, 1, 2, 0, -3, -24]
[1, -15, 9, -6, -6, -1, -1, -21]
[0, 56, 11, 3, -9, -3, -1, -22]
[0, -23, 7, -4, 0, -2, -3, -22]
[-1, 13, -4, 6, -4, -1, 0, -24]
[0, -45, -3, -6, -4, -4, -3, -22]
[-2, -35, -17, -6, -10, -4, 0, -23]
[0, -111, -13, -16, -6, -6, -3, -23]
[0, -36, -12, 2, 8, -1, 2, -23]
[0, 69, -5, 12, 4, -2, 0, -22]
[-3, 127, 0, 4, -2, 4, 1, -21]
[-1, -57, -3, 3, 8, -3, -3, -22]
[0, 7, 6, -10, -4, 1, -2, -22]
[-1, 48, -5, -2, -8, 0, 0, -23]
[0, 39, -7, -5, 1, 1, -2, -21]
[-2, -31, -10, 5, 5, -3, 1, -22]
[2, -67, -12, 11, 16, 0, 0, -22]
[0, 17, 3, -17, -6, -7, -3, -23]
[-1, -63, -1, -6, -16, -4, -1, -24]
[-1, 22, -1, -3, -13, -3, 1, -23]
[0, -16, 4, -9, -8, -3, -3, -22]
[2, -56, 0, -12, 1, 1, -1, -23]
[-3, -34, -4, 3, 7, 1, 2, -24]
[-1, 70, 6, 5, 7, -3, -2, -21]
[-2, 44, 6, 15, 0, -4, -4, -22]
[0, 0, 3, 10, -9, 2, 1, -23]
[-1, 25, -9, 1, -2, 8, -1, -22]
[-2, 24, -9, -6, -6, 1, 0, -23]
[-1, 31, -8, 12, 6, -2, -1, -24]
[-1, 54, 10, 5, 8, 2, -1, -22]
[1, -9, 3, -3, -1, -5, -1, -22]
[1, -57, -14, 3, 20, 3, 0, -22]
[-1, -121, 1, -4, 10, 8, -1, -24]
[1, 16, 2, -2, -4, -2, -2, -21]
[-3, 95, 1, 10, 18, 5, 1, -23]
[-2, 54, 0, -13, -10, -7, -3, -22]
[-2, 1, 5, -1, -6, 0, 0, -23]
[1, -45, 7, -9, -6, -4, -2, -22]
[0, 10, -1, 11, -3, 2, 0, -23]
[-2, 69, -4, -2, -3, -4, 1, -23]
[1, 6, -11, -5, 7, 0, -1, -22]
[-3, -70, -17, 4, 2, -3, -2, -23]
[1, -101, 11, -11, -2, -2, 0, -23]
[-2, 10, -2, -2, 0, 9, 1, -23]
[-1, -51, -20, -4, -12, -4, -4, -23]
[-1, 21, 10, -4, -12, -7, -1, -23]
[2, 38, -4, -12, 1, 9, 1, -23]
[-1, -12, -15, 13, 3, 4, -2, -23]
[0, -23, 2, -2, -13, -1, 0, -23]
[0, 52, 11, -7, -3, -3, -2, -22]
[-1, -6, -1, 16, 14, -1, -1, -23]
[-1, -38, 1, 1, 6, 4, 0, -22]
[-2, -2, -2, -3, -9, -5, 1, -22]
[2, -60, 5, 6, 9, -2, -1, -24]
[0, -23, 4, -4, 1, 2, -1, -23]
[1, -72, 1, 6, -2, -2, -4, -23]
[-2, 91, 1, -2, -7, -8, -1, -22]
[1, 27, 0, -8, 5, 0, 2, -23]
[1, -24, -29, -13, 7, 0, 0, -22]
[1, -20, -6, 2, 5, 0, -1, -23]
[0, 7, -11, 8, 1, 2, 0, -23]
[0, -33, 2, -7, -2, -2, -4, -22]
[-2, 55, -32, -5, -1, -1, -3, -22]
[0, 45, 2, -1, 15, 3, 3, -23]
[-1, 9, 6, -13, -15, -4, -1, -21]
[0, -52, 3, 6, 6, 4, 2, -23]
[0, -74, 11, -9, -15, -2, -3, -23]
[-1, -1, 7, 10, 7, 1, -1, -22]
[-1, -63, -11, -12, -12, -7, -1, -24]
[2, 79, 5, 9, 10, 1, 0, -22]
[-4, -21, -9, -4, -3, 1, 0, -24]
[0, 24, 0, 8, 2, 6, 0, -22]
[0, -39, 2, -12, -13, -3, -1, -24]
[-3, 47, 5, -7, -11, -2, -1, -24]
[2, 16, 5, 1, -3, -3, -2, -22]
[1, -2, 8, -17, -14, -5, -2, -21]
[-1, 6, 7, 1, 2, -3, -1, -22]
[-1, 16, 2, 4, 4, 0, -1, -21]
[-2, 69, 3, 10, 0, -1, 1, -22]
[-2, 38, 8, 1, 2, 6, -1, -24]
[-1, -58, -5, 10, 12, 0, -1, -24]
[-1, 51, -8, -3, -6, 6, 1, -22]
[1, -75, -6, 9, 12, -1, -1, -22]
[-2, -49, -5, 2, 13, 9, 0, -24]
[1, 79, -7, -5, -2, -3, -2, -21]
[-2, 71, -8, -15, -14, -6, 1, -23]
[2, -50, 15, 0, -7, -2, -1, -23]
[-3, 13, -5, 0, 1, 3, 0, -22]
[-1, -34, 6, -5, -9, -6, -2, -23]
[0, 27, -7, -9, 1, 2, 1, -22]
[1, -97, -4, -7, -5, -4, 0, -24]
[0, -21, 1, -1, -9, -2, -3, -23]
[-3, 52, -5, -10, 2, -3, -1, -23]
[1, -8, -5, -9, -4, -3, -1, -23]
[0, 127, -7, -1, -4, 0, -2, -23]
[1, 23, -3, -4, 2, -3, -2, -21]
[-1, 10, -1, 14, 4, 7, 1, -24]
[-2, 42, -3, -6, -8, -2, -2, -24]
[-2, 21, -6, 13, 16, 4, -1, -23]
[-3, -12, 6, 5, -8, -4, -2, -23]
[1, -83, 1, 2, -6, -3, -1, -24]
[0, 28, -2, -6, -3, -2, -2, -22]
[-1, 38, 1, 3, -2, 1, -2, -22]
[-1, 22, 8, 4, -4, -4, 1, -23]
[0, -75, 0, 19, 6, -3, 0, -22]
[0, -58, -11, -1, 2, 2, 0, -23]
[0, 43, 1, -7, -6, -1, 1, -22]
[-2, -15, -1, -7, -7, -3, -1, -24]
[0, -23, -7, -12, -12, -1, -2, -23]
[0, 10, -4, -9, 0, 2, 0, -23]
[0, -20, -7, -10, -9, -8, 1, -24]
[-1, 13, -3, -3, -10, -3, 0, -22]
[-1, 104, 3, -4, 18, 2, 0, -22]
[0, 36, -15, 3, -1, -1, 1, -23]
[0, -6, -4, 8, 7, 2, 1, -23]
[0, -37, -6, -5, -3, -5, -1, -24]
[0, -54, -9, -6, -3, 2, -2, -24]
[-2, 31, 7, -1, -5, -3, -2, -23]
[0, 46, -5, 8, 18, 5, 1, -22]
[-1, -13, -7, 1, 4, -1, -2, -22]
[2, -18, -11, -4, 2, -6, -1, -22]
[-2, -8, -10, 4, 2, 2, 1, -22]
[-2, -99, 0, -12, -4, 0, 0, -22]
[1, 79, 6, -1, -3, 1, 1, -22]
[-2, 25, -8, -27, -3, 1, -2, -22]
[-1, 60, -2, 9, -1, -5, 1, -22]
[-2, -7, -5, -7, -14, -6, 0, -22]
[2, -49, -1, -13, 4, 0, 0, -22]
[-2, -61, 8, -2, -4, -4, -1, -25]
[0, 70, 5, 8, 2, -1, -2, -20]
[-2, -28, -3, -2, -2, 0, 1, -23]
[-1, -37, 7, 2, -3, -3, 0, -23]
[0, -86, 1, -19, 1, -2, -1, -24]
[0, -128, 10, 12, -2, -4, -1, -23]
[0, -108, 13, -17, -11, -7, -3, -24]
[1, -12, 2, -8, -5, -4, -1, -22]
[-1, -29, 0, 0, -5, 0, -1, -23]
[-1, 37, -8, -5, 1, -4, 0, -23]
[-2, 25, 13, 12, -5, -2, 1, -23]
[-2, 40, 2, -4, -9, -3, 0, -23]
[0, 32, -9, 4, 16, 4, 2, -23]
[1, 13, -32, 3, 7, 1, 2, -23]
[-2, -47, -8, -3, -3, -2, -1, -23]
[-3, -35, -5, -2, 1, -2, -1, -23]
[-1, -56, -40, 6, 3, 2, -1, -24]
[2, -62, 10, 0, 3, -6, -1, -23]
[-1, -101, 11, 15, 14, 2, 1, -24]
[1, 29, 6, -3, -3, -2, 0, -22]
[0, -29, -2, 6, 0, -4, 0, -25]
[0, -33, 4, 1, 4, 0, -1, -24]
[-1, 22, 12, -2, 1, -3, -2, -21]
[1, -11, -2, 6, 18, -1, -1, -22]
[1, -29, -4, -2, -1, -1, 0, -22]
[-1, 37, -6, -3, -2, 2, 2, -23]
[-3, 57, -11, -4, -12, -9, -1, -24]
[1, -6, 22, 11, 13, 1, -1, -22]
[-2, 37, -8, 2, 2, 0, -1, -22]
[-2, 59, -12, -1, 10, 5, 1, -23]
[-2, -39, -4, 5, -1, 3, 0, -24]
[-1, 65, 4, 0, -7, -3, -1, -23]
[-1, -47, 3, 1, -9, 0, 0, -23]
[1, -40, 1, -3, -8, -4, -1, -23]
[-1, 10, 2, -1, 6, 2, -2, -22]
[0, 26, -2, 0, 8, -1, 0, -22]
[1, 51, 11, -2, 3, 0, -2, -23]
[1, -106, -10, -14, -1, 1, 0, -23]
[1, -73, 3, -6, -16, -2, -2, -22]
[-1, -15, -24, 12, 4, 6, -1, -22]
[-1, 44, 4, -7, -2, -4, -2, -23]
[-2, 29, 6, 6, -1, -2, 1, -24]
[-2, 16, -12, 22, 19, -7, -2, -23]
[0, -61, 3, -1, -5, -1, -2, -24]
[1, -33, 2, -5, -6, -2, -2, -23]
[0, -15, 0, -10, 6, -2, -2, -22]
[-2, 24, 4, -5, -7, -4, 1, -21]
[-1, 32, 5, -10, -12, -4, 1, -23]
[0, -10, -6, -6, -4, 2, 0, -23]
[1, -79, 0, -12, -3, 2, 1, -23]
[-1, 58, 4, 6, -1, 0, 0, -22]
[-2, 49, -10, -2, 3, -1, -1, -23]
[-2, 103, -4, 7, 10, 2, 0, -22]
[1, -57, -2, -7, -11, 2, -2, -24]
[1, -36, 3, 14, 2, -1, -2, -23]
[-1, 63, -4, 12, 15, 2, -1, -21]
[-1, 76, 8, -14, -9, -3, 0, -22]
[-1, 44, 1, -3, -2, -7, 0, -23]
[-1, 49, -1, 3, 0, -3, 0, -22]
[-1, 63, -3, 18, 12, 0, 0, -22]
[-4, 18, -5, -2, -3, -1, -1, -24]
[0, -5, -4, -12, -6, -2, -2, -22]
[0, 55, -6, -3, 10, 4, 1, -21]
[0, -75, 8, -4, -8, -1, -2, -23]
[-1, 7, 1, -2, 2, -3, -1, -24]
[-2, 48, -14, 8, 3, -2, 1, -23]
[1, 44, 8, -2, -13, -1, -1, -22]
[-2, 21, -7, -6, 0, -3, -1, -24]
[0, -55, -3, -10, -7, -4, -2, -23]
[-3, 23, -9, 3, -5, -3, 0, -25]
[-2, -49, 0, 6, 6, 0, -1, -22]
[0, 9, -19, -9, -14, -1, -1, -23]
[-1, 14, 4, -9, 4, 0, 1, -23]
[-2, -60, -12, -12, 2, 4, 0, -25]
[1, -15, -2, 10, 12, 3, 1, -22]
[-1, -34, -4, 6, -9, -3, -2, -23]
[1, -56, -1, 4, 0, 0, -1, -23]
[-2, 19, 1, -3, -4, 3, -1, -22]
[0, -31, -2, -2, -4, -2, 0, -22]
[1, 63, 7, 1, -1, -3, -2, -21]
[-2, 22, -8, 0, -4, -2, 0, -24]
[0, -7, -6, 1, -12, -3, 0, -22]
[-3, 1, -3, -4, 5, 0, 1, -23]
[-2, 57, -4, 13, -6, 1, 0, -22]
[-1, 1, -7, -1, -1, 0, 0, -22]
[0, -73, -3, -2, 1, 0, -2, -23]
[1, -38, 4, 1, 1, -4, 0, -23]
[-1, 41, -8, 7, 0, -1, -1, -23]
[-3, -42, 2, 4, 8, 2, -3, -23]
[0, 2, 0, -4, 0, -4, 0, -22]
[2, -37, -6, -2, 4, 0, -3, -24]
[-1, -35, -3, 1, -3, -2, -1, -22]
[-1, 60, -1, -1, 2, 4, 0, -24]
[-2, 70, -18, 3, 7, -2, -1, -22]
[0, 14, 8, 5, -2, -4, -1, -22]
[1, -18, 1, 14, 6, 2, -4, -21]
[-2, 30, 17, -6, 0, 5, 2, -23]
[-1, -18, -14, -18, -13, -1, 0, -22]
[1, -19, 0, -6, -2, 0, 1, -22]
[-1, 6, -8, 7, 5, 3, 0, -22]
[-4, -35, -7, 0, -9, -3, 1, -24]
[-1, -73, -1, -1, 0, 0, -1, -24]
[-1, 66, 5, -6, -3, -2, -1, -22]
[-1, 41, -6, 5, -2, -4, 0, -22]
[-1, 44, 3, -4, -2, -1, -1, -24]
[0, 6, -4, -4, -10, 0, 0, -23]
[3, -99, 13, 4, 3, -1, -1, -23]
[-3, -30, 3, -5, -8, 0, 0, -22]
[-1, -12, -3, 0, 8, -1, -1, -23]
[-3, 84, -4, 3, -4, 6, 1, -22]
[-3, 98, -9, 7, 11, 0, -2, -22]
[0, 29, -11, 4, -1, -1, -1, -21]
[-1, -27, -6, -8, -10, -3, 0, -23]
[2, -33, 2, -4, -3, -2, -1, -24]
[-1, -63, 6, 12, 8, 5, 0, -23]
[-1, -2, -16, 2, -1, 1, 1, -22]
[1, -16, 5, 3, 17, 4, -3, -22]
[1, -54, -23, -8, -2, -4, -1, -23]
[-3, 38, -1, 8, -1, -1, 0, -23]
[-1, -24, 5, -5, -3, -3, -2, -22]
[1, -90, -22, 1, -1, -4, -1, -24]
[-1, 0, 1, -6, -12, 2, -1, -23]
[-3, 58, -7, -8, -4, 1, 2, -23]
[-2, -42, 10, 6, -5, 0, -1, -23]
[0, -31, 9, -5, -6, -10, -2, -22]
[-2, 46, 15, -11, -1, -1, -2, -22]
[-3, -52, -10, 1, -3, 4, 0, -24]
[0, 62, 1, 6, -2, -6, 2, -23]
[1, 6, -3, -10, 4, 3, -1, -23]
[1, 9, 5, -6, 1, -3, -2, -23]
[2, -83, -21, -9, 6, 0, 1, -22]
[-1, 28, -2, 4, 23, 5, 0, -23]
[1, 72, 7, 2, -10, 6, -1, -22]
[-2, -10, 1, 11, 11, 1, -1, -24]
[1, -17, 4, -7, -13, -3, -1, -22]
[1, 0, 14, 10, 0, -1, 0, -22]
[1, -69, 4, 0, -7, 0, -3, -24]
[-1, -45, -7, -3, -4, -5, -4, -23]
[-2, 36, -10, -1, 5, -7, -3, -23]
[-3, 39, -7, 13, -5, 6, 1, -23]
[-3, 28, -4, -8, -12, -4, -2, -23]
[0, -51, -9, 2, -2, -3, 0, -22]
[1, 69, 6, -3, -4, 0, 0, -21]
[0, -54, -7, -4, 11, 4, 2, -23]
[1, -11, 8, 18, 13, 0, 0, -23]
[0, 19, -12, -6, -19, -4, -3, -23]
[1, 39, 7, 5, -2, 0, -1, -22]
[-1, -11, -4, -6, -4, -2, 0, -24]
[1, 27, 9, 1, 9, -1, -3, -22]
[2, -14, 13, 1, 6, -5, -2, -22]
[1, -46, -9, -5, 4, -1, 0, -24]
[-1, -15, -3, -6, -2, 0, -1, -24]
[-3, 82, -4, -8, -5, 3, 0, -22]
[-2, 119, -26, 5, -4, -3, -1, -23]
[-1, -14, 3, -8, -6, 0, -1, -23]
[-1, 53, -6, 28, 4, 3, 2, -23]
[-2, 65, 1, -1, -6, -3, -1, -23]
[0, -92, -1, -17, -1, 1, 0, -23]
[-2, 2, 9, -10, -7, 6, -2, -23]
[3, -20, 12, -8, 3, -4, -2, -20]
[-4, 78, -6, 1, 5, 2, 2, -24]
[1, 46, -16, 1, 23, 4, 1, -21]
[-3, 70, 4, 16, 5, 2, 0, -21]
[-1, -6, 2, -4, 8, -4, 1, -22]
[0, -11, -12, 5, -23, -1, 1, -24]
[2, -76, -24, 0, 9, -2, 0, -23]
[-5, -10, 23, 0, 1, -1, -3, -24]
[-1, -53, 5, 4, -5, 0, -1, -24]
[-3, -56, -7, 4, 6, 2, -1, -23]
[-1, 25, -6, -2, -17, -6, -1, -23]
[1, 0, 1, -5, 4, 13, 2, -23]
[-1, 3, -6, -17, 16, 0, -4, -23]
[0, -21, -26, 8, 15, 3, 0, -25]
[-3, 48, -3, 3, -10, -5, 0, -22]
[1, -2, 0, -32, -14, 0, 0, -22]
[-1, -33, 19, -10, 17, 0, -2, -22]
[1, 9, 5, -2, -9, -4, -1, -22]
[0, -3, -10, 2, 14, 10, 1, -22]
[1, -18, 2, 5, -1, 0, 0, -23]
[2, -42, 8, 6, 36, 6, -1, -21]
[0, -107, 2, -4, 9, 2, -1, -22]
[1, 32, 10, -16, -11, -4, 0, -23]
[0, 22, -3, -3, -5, -3, -2, -22]
[-2, 27, -5, 1, -8, -4, -1, -23]
[-1, -9, -2, 0, 14, 2, -3, -22]
[-3, -80, -18, -6, -5, -5, -1, -22]
[1, 40, 13, 14, 35, 18, -1, -23]
[-1, 40, 9, -3, -9, -3, 1, -23]
[0, -75, -4, -9, -7, -2, -2, -23]
[-1, -7, 0, -1, -6, -3, -1, -22]
[-2, -63, -2, -4, 7, 5, 0, -24]
[0, 4, 6, -3, -13, -5, 0, -22]
[-1, 24, 1, 12, 28, 4, 1, -22]
[-1, -45, 1, -3, -5, -1, 0, -23]
[-1, -33, -3, 1, -7, -4, -1, -24]
[1, -17, 1, -5, -11, 1, 0, -21]
[-1, -49, 16, 8, 11, 1, 1, -22]
[0, 49, -5, -7, -2, -1, 0, -22]
[3, -96, 3, 1, -2, 3, 1, -24]
[-2, 13, 16, -4, -7, -5, -2, -23]
[-1, 69, -9, -7, -12, 2, -1, -21]
[-3, 30, -10, 2, 15, -2, -2, -23]
[-1, 21, -7, -7, -6, -3, 0, -21]
[0, -86, -19, -17, -11, -2, -3, -24]
[0, 1, 7, -7, -15, 1, -1, -23]
[-4, -1, -9, -15, 4, 3, -1, -24]
[-1, 6, 2, -6, -6, -2, -1, -22]
[2, -30, 10, 0, -15, -4, 1, -24]
[-4, 32, 3, 4, -11, -2, -1, -22]
[0, 41, 0, -1, -6, -3, -2, -23]
[1, 16, -28, 19, -13, 0, 1, -24]
[-1, 9, 7, -4, -5, -4, -4, -22]
[0, -126, 2, -24, -5, 0, 1, -24]
[0, -40, -5, -1, 0, 4, -1, -22]
[0, -52, 3, -5, 7, -3, -2, -22]
[-2, 30, -23, 5, -3, 0, 0, -24]
[-1, 48, 0, -11, -3, -6, -1, -23]
[0, -13, 6, -13, -13, -2, -1, -25]
[0, 12, 10, 0, 5, 0, -2, -22]
[1, -10, 19, 7, 6, 4, 0, -24]
[-1, 97, -2, -10, 11, -1, -1, -23]
[1, -39, 11, -4, -5, -5, -1, -23]
[2, 35, 5, 0, 34, 9, 2, -23]
[1, 18, -1, -2, -3, -1, 0, -22]
[-1, 24, -6, -8, 9, 8, -1, -22]
[0, -22, -44, 4, -7, 0, 0, -22]
[-1, 56, -8, 10, 5, -2, -1, -22]
[1, -74, 0, -2, -4, 0, 1, -25]
[-2, 20, 9, 3, 10, -4, -1, -23]
[-2, -35, 2, -12, -6, 8, 0, -22]
[-1, 6, 5, 1, -3, -6, -3, -22]
[-3, 42, 3, -1, -15, 1, 0, -21]
[-1, 19, -2, -17, -1, -4, -1, -22]
[1, -1, 2, 0, -14, -6, -3, -23]
[-1, 0, -8, -9, 1, 2, 0, -24]
[1, -58, 1, -2, -3, -3, 0, -23]
[0, -45, 5, -21, -24, -7, -4, -23]
[-1, -48, -23, 4, -5, -5, -3, -23]
[-4, 71, 1, -7, 7, 3, 2, -22]
[2, -58, 13, 0, 39, 6, 1, -23]
[-3, 27, -5, -3, -17, -4, -1, -22]
[1, -41, 24, 13, 3, 1, 0, -23]
[-2, 94, -2, 0, 2, -2, 1, -21]
[-4, 80, -11, 6, 10, 4, 1, -24]
[0, -96, 1, -10, -14, 5, -1, -24]
[-2, 16, -21, 4, -10, -1, 0, -23]
[2, 46, 4, 5, 2, -4, 1, -22]
[-2, 18, 1, 1, -1, -6, 2, -23]
[1, 2, 6, -1, -4, 4, -2, -21]
[-1, -35, -4, -5, -8, -9, -1, -24]
[-2, 113, -4, 15, -4, -7, 0, -22]
[0, -17, -2, 2, 0, 1, 0, -23]
[-2, 0, -1, 1, -5, -7, -1, -22]
[-1, 84, 0, -18, -4, 0, 1, -23]
[-2, 50, 1, 2, 2, 4, -1, -22]
[0, 40, 12, 4, -5, 1, 0, -22]
[-1, 45, 2, 5, -11, -4, -2, -24]
[0, -21, 5, -12, -3, -3, -2, -22]
[-1, -27, -8, -21, -14, -4, 0, -23]
[-2, 33, 3, -7, -15, -6, -1, -21]
[1, 52, -2, 0, -5, -3, 0, -22]
[-1, 3, -16, 7, -8, -6, -1, -24]
[-3, 42, -7, -6, -9, -3, 2, -22]
[-2, 91, 1, 4, 11, 2, 1, -21]
[1, -83, 2, 2, 26, 5, -1, -23]
[0, -45, -2, -4, -14, 5, 0, -24]
[1, -83, 2, 0, -3, -5, 0, -24]
[-2, -5, -1, 0, -11, 5, 1, -22]
[0, 49, -2, 2, 11, -2, 0, -23]
[0, -51, 1, -11, -5, 3, 0, -22]
[-2, 47, 3, 5, 11, 5, 2, -23]
[1, -1, 5, 21, 18, 3, 0, -22]
[-2, 21, -7, -8, -6, -3, 0, -23]
[0, -23, -4, 8, -5, 1, 1, -23]
[0, 66, -10, -25, 5, 38, -2, -22]
[-4, 24, -5, 21, 1, 7, 1, -23]
[-3, -12, -24, 19, 5, -2, 0, -22]
[1, -69, 5, -9, -20, -5, -1, -24]
[-1, -16, -7, -6, 3, -8, -1, -24]
[-3, 47, 3, 6, -1, -1, 1, -23]
[0, 24, 3, 19, 25, 26, 4, -22]
[1, -79, 5, -14, 10, -8, -5, -22]
[-3, -14, 0, -9, -7, 2, 0, -24]
[0, 36, -1, 7, 23, 2, -1, -23]
[0, -23, -5, 7, -3, 21, 4, -21]
[0, -16, -1, 2, 4, -6, -4, -23]
[-2, 80, -3, -13, -27, -19, -2, -21]
[-3, 33, -11, 2, -1, 12, 4, -23]
[-3, 62, -10, 10, 0, -8, 1, -23]
[0, -6, -5, -13, -18, -12, -3, -24]
[0, 104, -1, 11, 19, 13, 1, -23]
[0, -53, 1, -20, -3, -12, -3, -22]
[-1, 45, 4, 0, -20, -4, -2, -23]
[1, 4, 3, 14, -4, 3, 0, -22]
[-3, -25, -17, -10, -11, -6, -2, -24]
[-3, 35, -4, -7, -13, -10, -2, -22]
[-2, 1, -7, 0, 7, -2, 2, -23]
[0, 44, 3, -1, -8, -4, -1, -22]
[1, -32, 2, 3, -4, -3, 1, -22]
[-1, -43, -1, 7, 25, 2, -2, -23]
[0, 14, 4, 5, 68, 64, 3, -24]
[-1, -45, -8, 0, 9, 6, 0, -23]
[-3, 30, 1, 3, -13, -9, -1, -22]
[0, -32, -3, 1, 2, -8, -4, -21]
[-1, 7, -3, -2, -11, -7, -2, -22]
[-6, -1, -4, 3, -6, -7, -1, -24]
[-1, 45, 1, -10, -22, -17, 1, -23]
[3, -80, 5, 8, -2, -10, -4, -22]
[1, -71, 4, -6, 13, 8, -2, -22]
[1, 11, -13, 0, 11, 7, 4, -22]
[-2, -63, -6, -5, 6, 1, 0, -24]
[-2, -76, -11, -11, -7, 6, -2, -23]
[1, 7, 4, 6, 11, 2, 3, -23]
[-2, 39, -8, 7, 4, 1, 0, -23]
[-2, 96, 9, 10, 9, 0, 3, -23]
[0, 5, -3, -14, -12, -4, -2, -22]
[0, -61, 6, -5, -5, -4, 0, -21]
[1, -9, -6, -6, -5, 3, 0, -23]
[-1, -29, 3, 46, 62, 23, 3, -23]
[-2, -57, -4, 3, -4, -2, -4, -22]
[0, 23, 1, -1, 14, 1, 0, -23]
[-1, 33, 8, -5, -12, -6, -1, -23]
[0, 3, -7, 9, 0, 5, 0, -21]
[-1, -57, -4, 6, 13, 7, 2, -23]
[-1, -74, 2, -4, 2, -9, -5, -22]
[0, -20, 5, -1, 18, 13, 0, -22]
[1, 61, 6, -3, -10, -7, -4, -22]
[0, 66, 1, 10, -3, -1, 0, -22]
[-1, 4, 5, -4, -10, -1, 1, -24]
[0, 23, 12, -1, 7, -1, -2, -21]
[-1, -118, -9, -7, -18, -5, -2, -23]
[-1, -23, 14, -4, -9, 0, 0, -23]
[-2, 97, -6, 4, 4, 0, -2, -21]
[1, -21, 2, -5, 10, -3, -2, -21]
[2, -39, 6, -7, 14, 2, -1, -22]
[-1, 22, -33, -19, -19, 5, -2, -21]
[-4, 85, -13, 7, 3, -2, 0, -23]
[0, -15, 14, 14, 7, 0, -1, -22]
[-5, 70, -5, -4, -3, -3, -1, -22]
[3, 28, -2, -2, 1, 9, 1, -23]
[-1, 9, 9, 7, -1, -4, -1, -23]
[-1, 38, 2, -1, -9, -4, 0, -22]
[-2, 39, 3, -4, 4, -3, -1, -23]
[2, -85, -13, -18, -15, -4, -2, -22]
[-3, 20, -2, 18, 30, 2, 0, -24]
[0, -92, -12, -18, -4, 0, 1, -23]
[-1, 5, 10, -3, -11, -5, -2, -23]
[2, -48, 2, -3, -9, 1, -1, -22]
[0, -58, -2, -4, -7, -4, -1, -23]
[-2, -39, 2, -3, 6, 5, -1, -23]
[-3, 9, -1, 9, -2, -1, 1, -24]
[0, -1, 9, 7, 15, 3, -1, -24]
[-3, 96, -24, 12, 4, -3, 0, -21]
[-1, 71, 8, -5, -9, -2, 1, -23]
[1, 19, 4, 9, 1, -8, -1, -24]
[2, -103, 11, -5, 4, -3, -3, -23]
[-2, 12, -5, -9, -7, -2, -2, -23]
[1, -69, 6, 9, 11, 0, -2, -22]
[-1, -60, -4, -11, -8, -1, -2, -23]
[-1, 22, -1, 5, -2, 4, -1, -22]
[0, -50, -16, -3, -3, -3, -4, -21]
[1, -33, 4, -8, -4, 0, -2, -22]
[1, -4, 8, 8, 7, 2, 0, -22]
[-1, 84, -6, 1, -1, -6, -2, -23]
[2, 3, -2, 18, 5, 2, 0, -23]
[0, -21, -9, -3, -8, -3, -2, -22]
[1, 70, -21, -9, -2, -6, -2, -22]
[0, -100, 12, -9, -6, 2, -1, -22]
[-2, 76, -12, 0, 19, 1, 0, -23]
[0, -128, 5, 1, 8, 0, 0, -23]
[-4, 41, 1, 2, 5, 0, 1, -22]
[-1, -5, 8, -7, -4, 0, -1, -23]
[1, -83, -16, 3, 0, -2, -2, -23]
[1, -88, 5, 4, -1, -2, -3, -22]
[0, -118, 0, 6, -7, -4, 1, -24]
[-3, 2, -2, 0, 0, 0, 2, -22]
[-2, -14, -4, 13, 15, 3, -1, -23]
[0, 58, -2, -6, -9, 1, 0, -22]
[1, -48, -2, -3, 2, -4, 0, -24]
[-2, -3, 1, -1, -4, -3, 1, -22]
[-2, 34, 3, -7, -7, 2, -2, -22]
[1, -54, -3, 3, 1, 0, 1, -25]
[1, -60, 5, 9, 15, -1, -3, -23]
[0, 58, -1, -2, -13, -3, -1, -22]
[-1, 42, 1, 7, -4, 0, 1, -24]
[0, -18, 2, -2, -1, -3, -1, -21]
[1, -45, 1, -4, -1, -8, -4, -22]
[-3, 52, -5, 7, 0, -2, -2, -22]
[-1, -106, 15, -29, -10, -3, -1, -23]
[-1, -43, 2, 18, -6, 0, 1, -23]
[2, -86, -7, -14, 0, -3, -2, -23]
[-1, -25, 8, 20, 5, 0, -1, -24]
[0, 18, 0, -9, -1, -5, 0, -22]
[0, -52, 1, -13, -12, -3, -2, -24]
[3, -15, 7, 5, 6, 2, -2, -21]
[-2, -83, 10, 6, -4, -2, 0, -24]
[-1, 41, -1, -13, 0, 2, 0, -24]
[-2, -22, 3, 0, -2, -2, -3, -23]
[0, 3, -5, -20, -8, -1, -2, -22]
[1, -70, 1, -2, -10, -6, 0, -24]
[1, 17, 1, -5, 15, -1, 0, -21]
[0, -44, 0, 0, -6, 1, 0, -23]
[-2, 108, -7, 11, 0, -1, 0, -23]
[-1, 62, 2, 2, -4, -3, -3, -24]
[1, 10, -6, 1, -6, 0, -1, -22]
[1, -74, 4, -6, -4, -3, -1, -22]
[-1, 16, 3, 1, 7, 2, -1, -23]
[0, -13, 2, -1, -7, -2, 2, -24]
[-1, 7, 0, 11, 12, 2, -2, -24]
[-1, -96, 6, -3, 3, -1, -2, -23]
[0, 0, 5, -15, -9, -2, 0, -23]
[-1, 126, -5, 10, 6, 4, 2, -23]
[-3, 69, -6, 9, -2, -1, -2, -22]
[2, -65, -17, -4, 5, 3, 0, -22]
[0, -45, 2, 0, 1, 1, -1, -22]
[1, -57, 1, -3, 0, 2, -1, -22]
[-1, -21, 1, 6, 4, 2, 1, -21]
[0, -36, 3, -28, 11, 4, 0, -23]
[1, -43, 2, -14, -7, -5, -2, -23]
[-1, -92, 0, -19, -2, 3, 0, -23]
[-2, 64, -3, 18, 1, -3, 0, -25]
[1, -26, 4, 2, 1, 1, -2, -23]
[0, -7, -1, -4, -2, 2, -1, -22]
[-1, -8, -6, 5, -7, -3, -2, -24]
[-1, -59, -1, -12, 20, -1, 0, -23]
[0, 16, 11, 13, -3, 1, -1, -23]
[-2, 48, -2, -6, -7, -7, 0, -22]
[-3, 7, -4, 4, 14, 0, 0, -24]
[0, -36, -6, 9, 2, 3, -1, -23]
[0, 11, 3, -3, 13, 7, -1, -22]
[0, 44, 1, 4, 16, 0, 0, -21]
[0, -18, 1, -7, -5, -2, -1, -23]
[0, -101, 6, -2, -1, -3, -1, -24]
[-2, -60, -4, -7, -8, -1, 1, -24]
[1, -52, 1, 7, 11, -2, -1, -22]
[0, 38, -6, -4, -6, -2, 0, -21]
[0, 25, -5, -4, -8, -2, 0, -22]
[-1, 51, -5, -3, -6, 0, 0, -23]
[-2, -52, -6, -3, 0, -2, 0, -23]
[-2, -25, -3, -20, -9, -1, -2, -23]
[0, -2, 4, -2, -1, -4, -1, -22]
[1, 6, 1, 2, -2, 0, 0, -22]
[1, 16, -4, -6, 5, 1, 0, -22]
[1, -54, 10, 9, 6, 10, -1, -22]
[0, 15, 1, 5, 3, -1, -3, -22]
[-1, -17, -1, -13, -15, -5, -1, -22]
[-1, 7, -4, 15, 10, 1, 0, -22]
[2, 7, -13, 2, 2, -1, -1, -22]
[-1, -69, -8, -5, -14, -4, -1, -23]
[0, 36, 5, 4, -13, 1, -2, -22]
[-1, 2, -14, -14, -5, 1, 0, -22]
[-1, -52, 0, -16, 0, -1, -3, -23]
[-1, 37, 0, 0, -4, -3, -4, -21]
[1, -36, -4, -7, -5, -1, -1, -22]
[0, -21, 6, -2, 5, 3, -2, -23]
[-3, 50, -10, 11, 4, -2, 3, -23]
[-3, 48, -6, 1, -10, 0, -1, -22]
[0, -31, -19, 8, 17, 1, -2, -23]
[0, 40, 7, 1, -1, -1, -1, -22]
[0, 11, 3, -2, 0, 0, 0, -22]
[-4, 58, -5, -4, 2, 4, 0, -23]
[0, 10, 9, 0, -11, -6, 0, -22]
[1, -94, 0, -9, -2, -2, -3, -23]
[-2, -51, -7, 5, 8, 2, 1, -23]
[-1, 27, 11, -4, -4, -5, 0, -22]
[0, 32, -3, 0, 2, -5, -2, -22]
[-1, 16, -4, -7, -5, -5, -2, -23]
[0, -8, -4, -21, -13, -1, -2, -22]
[-3, 60, -1, 13, 2, -2, 0, -23]
[-2, -38, 0, 7, 2, -1, -2, -24]
[0, 11, 3, 2, -1, 3, 0, -22]
[-2, 67, -7, 12, 2, -1, 0, -23]
[-1, 19, -1, -6, -17, -8, -1, -23]
[-1, 49, -4, -7, -6, -6, 0, -23]
[-1, 14, -3, 11, 12, 3, 0, -22]
[-4, 4, -2, -3, -2, 0, 0, -23]
[1, -26, 11, -2, -6, 0, -1, -23]
[0, -48, 0, -3, -7, -4, -1, -22]
[1, -26, -8, -3, 2, -1, 1, -22]
[-3, 75, 4, 1, 1, 0, -1, -22]
[-2, 100, 1, -15, -20, -4, 1, -23]
[-1, 52, 2, 1, 7, 4, 1, -22]
[-3, 46, -10, 1, 1, 2, 2, -24]
[-2, 14, 0, -2, 7, -4, 0, -22]
[1, -20, -1, -3, 2, 0, -1, -23]
[-1, -35, 6, 14, 0, -1, -1, -23]
[-3, -121, -13, 2, -6, 0, 1, -24]
[0, 37, 3, -1, -4, -2, 0, -22]
[-1, -39, -2, 3, 12, 0, -1, -22]
[-1, 21, -5, 1, -8, 0, -1, -22]
[-1, 5, -1, 14, 6, 0, 0, -24]
[-1, 2, 2, -8, -3, 0, -1, -23]
[-2, 31, 2, 0, 0, -3, -1, -23]
[1, -82, 13, -3, -10, -1, -1, -23]
[0, -17, -4, -14, -9, 7, 1, -22]
[-1, 70, 1, -8, 3, 1, -1, -22]
[-2, -39, -2, -2, 2, -2, -3, -23]
[-2, 101, -5, 3, -4, -1, -1, -23]
[-3, -84, -7, 3, 2, -7, -1, -23]
[-1, 90, 0, 3, -1, -1, 1, -21]
[-3, 46, -3, 19, 4, 1, 1, -23]
[0, 71, 0, -2, -3, 2, 1, -22]
[1, -123, -2, -3, -2, -1, -3, -24]
[0, 3, 0, -1, -13, -4, -1, -23]
[-1, -99, -5, -17, -10, -5, 0, -23]
[2, -52, 0, 1, 11, 5, -2, -22]
[0, 50, 4, 15, 14, 2, 1, -21]
[0, -32, -3, 4, -6, -7, 0, -24]
[0, 52, 4, 9, -14, -6, 2, -23]
[1, -17, -2, 8, 2, 0, -1, -23]
[0, -20, 7, -5, 0, -3, -2, -22]
[0, -35, -6, -5, -5, -4, -3, -22]
[-2, -13, -2, -7, 4, 1, -3, -24]
[1, -2, 4, -4, -3, -5, -1, -24]
[0, 82, -7, 8, 6, -2, 1, -22]
[1, -36, 3, -1, 7, 5, -2, -23]
[-3, 30, 0, 16, -3, -1, 0, -22]
[0, -86, -2, -13, -13, -3, -1, -22]
[-1, -42, 6, -5, 2, -5, -1, -23]
[-2, 121, -5, 0, 13, 4, 2, -22]
[1, -43, 3, -4, -7, -1, -4, -22]
[-2, -22, -3, 3, 3, 3, -1, -24]
[-2, 14, -1, -14, -8, -9, -3, -22]
[1, -40, 2, 0, 3, 3, 1, -22]
[-1, -42, -12, -7, -7, 0, 0, -24]
[-1, -64, -3, -4, -3, -2, -1, -24]
[-1, -5, -6, -2, 0, -3, 0, -24]
[-1, 59, -2, -15, -6, 0, -2, -22]
[0, 60, 4, 14, -8, -2, -1, -22]
[-4, 126, -3, -3, -1, 3, 0, -23]
[0, 34, -2, 10, 0, -5, 1, -24]
[0, -38, 5, -7, 2, 0, 0, -22]
[0, 77, 0, 4, -2, -1, -1, -20]
[-3, 25, -7, 14, 2, 2, 1, -23]
[-1, 39, -3, 5, -4, -1, 0, -21]
[0, 42, -3, -1, -1, 2, 0, -23]
[-2, 50, -5, 1, 6, 3, -1, -23]
[2, -54, -4, -5, 2, -8, -2, -22]
[-1, 42, 9, -2, -3, 1, -2, -22]
[-1, 19, 1, -3, -15, -6, -3, -21]
[0, -12, -4, -5, -3, 3, 1, -23]
[-3, 28, -7, 26, 10, 0, 1, -22]
[1, -67, -3, 0, -9, -9, -3, -23]
[-2, -43, -8, 4, 8, 4, 2, -23]
[-1, 48, 0, -10, -2, 0, 2, -22]
[1, -88, -6, -4, 12, -1, -3, -23]
[1, 69, 5, -22, -21, -2, -2, -21]
[2, -4, -1, -4, -4, -1, -4, -23]
[1, 23, -18, -5, 3, 2, -1, -22]
[-1, -7, 1, 4, -9, -9, -3, -23]
[1, -55, -4, -5, -2, -1, 1, -24]
[-1, 46, -6, 3, 7, 0, 0, -22]
[-2, 36, 1, -6, -7, 0, 0, -22]
[-2, 14, -3, 2, 5, 3, 0, -23]
[-3, -3, -5, 1, -10, -6, -1, -24]
[0, 37, 1, -2, -3, -2, -2, -22]
[0, -27, -5, -1, 2, -2, -2, -23]
[0, 51, 8, 6, 7, -1, -2, -22]
[0, 34, 8, 13, 1, 3, 0, -23]
[-4, -25, -2, 1, 1, -2, -3, -23]
[-4, 72, -7, -6, -11, -1, -1, -24]
[0, 8, 1, 12, 0, 1, 1, -24]
[-2, -28, -22, -11, -6, -3, 0, -25]
[2, -13, -5, -9, -9, -2, -1, -22]
[1, -46, 7, -4, 5, -3, -2, -22]
[-4, 101, -18, -6, -6, 0, 0, -23]
[2, 40, 5, -5, -3, -3, -1, -21]
[1, -30, 10, 7, 4, -5, -2, -23]
[3, -115, 14, -9, 3, 0, -3, -23]
[-4, 76, -7, -8, 9, 2, 0, -23]
[0, 12, 4, 8, 3, 0, -1, -23]
[-1, 17, -5, 5, -6, 8, 0, -23]
[-1, 14, -5, -19, -8, -1, -1, -22]
[-2, 33, 2, 0, -1, -3, -2, -23]
[-2, -25, 6, 7, 9, 2, 1, -23]
[0, 12, -2, -14, -7, -5, 0, -22]
[0, -31, -5, 9, 2, -2, -1, -25]
[1, -65, 2, 0, -5, -4, 0, -22]
[0, 45, 0, -1, -3, 0, -2, -22]
[1, 43, -5, -8, 4, 0, 0, -21]
[-2, 6, -2, 2, -7, 0, 0, -24]
[-2, 79, 0, -15, -8, -6, 0, -22]
[-1, -51, -1, -1, 25, 5, 0, -22]
[-1, 71, 5, 4, -2, -1, 1, -23]
[-1, -24, 1, -20, -8, -3, -1, -23]
[-1, -10, -7, -8, -17, -5, -2, -25]
[0, -45, -3, -2, 3, -2, 1, -22]
[1, -35, 2, 1, 1, 1, 1, -23]
[-1, 80, -6, -7, -6, 1, -1, -22]
[-4, 33, -2, 2, 4, 1, 1, -24]
[-1, -6, -4, 5, -5, -6, 0, -24]
[-1, -41, -5, -11, -8, -2, 1, -24]
[-1, 13, 2, 6, -7, -1, -1, -21]
[-3, 41, 0, -7, -15, -4, 1, -23]
[-1, 12, 6, 0, -3, -5, -1, -23]
[-1, 44, -6, 4, 2, -1, -1, -23]
[0, -9, -3, 5, -2, -4, 0, -23]
[-1, 58, -1, 2, -3, -2, -1, -22]
[0, 1, 4, 6, 4, -2, -2, -22]
[1, 43, 1, 0, 9, 3, 1, -22]
[-2, 40, -4, 0, -7, 2, -1, -23]
[0, -10, -1, -4, 7, 0, -2, -23]
[0, -19, -1, 7, -2, 1, 2, -23]
[-1, 11, -1, -4, 1, -1, 0, -22]
[3, -51, 9, -1, -8, -5, -4, -24]
[-2, -30, 3, -7, -3, 3, -1, -23]
[2, -111, 2, -1, 3, -2, -2, -23]
[-2, 25, -3, 0, -8, -2, 2, -23]
[1, 0, 8, -1, -4, -1, 0, -21]
[-1, 51, -2, 4, 2, -2, 1, -23]
[1, -23, -2, -6, 16, -1, -1, -23]
[-2, -31, -1, 2, -4, 0, -1, -23]
[-1, -61, -3, -1, 11, 3, 0, -24]
[1, -12, 0, -2, -1, -1, 0, -22]
[1, -54, 4, -9, -4, -5, -2, -22]
[-3, 24, -7, 6, 8, 3, 1, -22]
[-1, -18, 5, 1, -11, -4, -1, -22]
[-2, 119, -4, 15, 0, 2, -1, -21]
[1, 94, 3, -6, -2, -1, 0, -23]
[0, -8, 9, 4, 5, 1, -2, -24]
[-3, 52, -4, -1, -8, -1, 1, -22]
[-4, -36, -23, -21, -23, -4, 1, -24]
[1, -39, -1, -9, 2, 7, 0, -22]
[-2, -21, -9, 8, -7, -6, -1, -23]
[1, -1, -20, 2, 4, 3, 2, -24]
[0, -61, 0, 0, 5, -2, -3, -23]
[-2, 59, -6, 4, -7, 6, 2, -22]
[-2, 0, 7, -10, -4, -1, -1, -23]
[1, -74, 6, 8, 2, -3, -1, -23]
[0, -44, 1, -4, 0, 1, 1, -23]
[0, -1, -1, -1, 2, -1, -1, -23]
[-2, 77, -4, 4, 3, 0, -1, -22]
[1, -38, 2, -20, -1, 1, 0, -22]
[-3, 90, -4, -1, -4, 10, 1, -22]
[0, -45, -1, -6, -8, -1, -2, -24]
[1, -42, -3, 6, 9, 0, 0, -22]
[-2, 49, -6, -16, -6, -2, -2, -23]
[0, -61, -3, 12, 1, 0, -1, -22]
[-1, 26, 1, 2, -1, 0, 0, -23]
[0, 127, 1, 8, 8, 0, -3, -22]
[-1, -72, 3, -2, 3, -4, -1, -22]
[1, -79, 1, -6, -2, -8, -3, -23]
[-1, 84, -3, 7, 8, 3, 2, -23]
[1, -82, 2, 5, 8, 1, 0, -24]
[-1, 1, 4, 9, 3, -2, -2, -21]
[-1, 27, -3, -16, -24, 0, -1, -25]
[0, -77, -2, 3, 4, 9, 0, -22]
[-2, 19, -6, -2, -6, -7, -3, -22]
[2, -11, 4, 4, 12, -3, 0, -24]
[-1, -22, 1, -1, -4, -3, -1, -22]
[1, -77, 3, -9, -7, -3, 0, -23]
[-1, 38, -18, -3, 1, 3, 0, -24]
[0, -15, -2, 8, 6, 1, 1, -23]
[-2, -16, 1, 5, -1, 7, 0, -23]
[-3, 89, -5, 3, 6, 1, 2, -24]
[0, 75, 0, 13, 9, 0, -1, -21]
[-3, -82, -1, -13, -13, -4, -2, -24]
