[1, 3, -5, -3, 1, -3, -1, -3]
[1, 7, 3, 4, -1, 1, 0, 1]
[-3, -4, -2, 3, -2, -3, 0, -2]
[-5, 4, -5, -1, 2, -3, -1, 0]
[3, 3, -1, -6, 0, -3, -2, 1]
[2, 13, -2, -2, -5, 4, -1, -2]
[0, 16, 6, -4, -6, -4, -2, -3]
[3, 19, 15, -1, 4, -1, -4, 1]
[-1, 12, -3, 6, 3, 3, 4, -2]
[-1, 11, 1, -1, -7, -4, -3, -2]
[6, 25, 19, -3, -6, -1, -2, -2]
[80, -128, -53, -67, 64, 71, 77, 73]
[70, -111, -13, -115, 24, 112, 112, 44]
[119, -114, -122, -2, 120, 1, 5, 125]
[117, -128, -49, -128, 55, 127, 127, 50]
[-63, 122, 4, 127, 3, -128, -128, -15]
[53, 27, -98, 124, 110, -95, -93, 104]
[125, -103, -125, 19, 127, 4, 20, 127]
[101, -128, -56, -103, 50, 106, 111, 37]
[10, -109, 48, -119, -63, 115, 115, -73]
[-56, 124, -1, 127, -14, -128, -128, -13]
[-128, 108, 98, 108, -111, -106, -107, -118]
[-51, 126, -6, 127, 12, -128, -128, -16]
[-121, 45, 126, -25, -128, 17, 20, -128]
[127, -104, -112, -94, 122, 97, 100, 122]
[73, -128, -18, -128, 12, 127, 127, 19]
[117, -46, -124, 20, 127, -22, -20, 127]
[-128, 106, 120, 28, -125, -67, -71, -128]
[-79, 127, 14, 127, -13, -128, -128, -27]
[-77, -15, 109, -53, -128, 49, 31, -104]
[114, -128, -60, -107, 37, 120, 121, 43]
[-14, -93, 71, -125, -105, 125, 127, -101]
[-103, 127, 53, 101, -28, -119, -121, -45]
[34, 34, -84, 127, 110, -125, -126, 98]
[78, -128, -25, -128, -3, 127, 127, 20]
[124, -76, -128, 20, 127, -22, -22, 127]
[-128, 107, 121, 95, -106, -96, -96, -128]
[-46, 123, -21, 127, 50, -128, -128, -29]
[108, -36, -128, 32, 127, -28, -29, 123]
[-63, 127, 33, 127, 2, -128, -128, -28]
[-1, -68, 89, -128, -98, 127, 127, -95]
[28, 127, -47, 127, 87, -127, -128, 65]
[-12, -128, 36, -127, -69, 127, 127, -26]
[44, 31, -119, 127, 111, -108, -103, 100]
[127, -101, -128, -87, 125, 91, 87, 127]
[37, 57, -101, 127, 99, -125, -128, 96]
[-107, 14, 108, -31, -128, 31, 31, -128]
[-128, 127, 103, 99, -69, -106, -103, -125]
[-86, -24, 97, -93, -128, 61, 68, -105]
[-128, 127, 73, 96, -98, -102, -98, -128]
[86, -128, -45, -128, 31, 127, 127, 30]
[-50, -34, 106, -123, -119, 73, 100, -95]
[103, -128, -53, -107, 38, 127, 127, 36]
[111, -12, -110, 31, 127, -21, -25, 127]
[-60, 127, -26, 127, 6, -128, -128, -26]
[-128, 101, 127, -24, -128, -17, -6, -127]
[-17, -85, 52, -128, -93, 127, 127, -93]
[-126, 90, 125, -16, -127, -22, 2, -122]
[125, -128, -73, -89, 78, 94, 92, 124]
[-18, -106, 69, -126, -77, 127, 127, -92]
[-128, 92, 117, -13, -128, 20, 17, -128]
[-76, 126, 60, 127, -26, -128, -128, -35]
[-123, 42, 98, -25, -128, 23, 21, -128]
[119, -108, -110, -93, 106, 89, 90, 119]
[17, -128, 19, -125, -46, 127, 127, 23]
[-117, 51, 127, -30, -128, 20, 22, -128]
[-115, 127, 42, 102, -46, -120, -116, -73]
[23, 33, -70, 127, 99, -127, -128, 90]
[127, -98, -113, -20, 125, 60, 59, 122]
[-127, 99, 127, -27, -127, -59, -13, -125]
[-101, -26, 100, -43, -128, 35, 46, -128]
[-121, 127, 69, 91, -83, -97, -98, -128]
[127, -93, -123, 21, 126, 30, 5, 127]
[24, 115, -71, 124, 86, -123, -121, 76]
[-123, 127, 93, 83, -96, -90, -84, -128]
[45, 89, -35, 121, 87, -125, -121, 80]
[-111, 127, 106, 86, -73, -87, -86, -118]
[-123, 32, 127, -47, -128, 33, 38, -128]
[38, 38, -75, 118, 96, -128, -122, 91]
[52, -128, 5, -128, -2, 127, 127, 25]
[-118, 127, 77, 83, -64, -109, -91, -113]
[-107, -23, 100, -33, -128, 29, 32, -128]
[46, -128, -9, -128, -14, 127, 127, 30]
[127, -88, -117, -4, 126, 57, 26, 125]
[24, 65, -58, 124, 83, -119, -121, 90]
[127, -95, -128, 14, 127, 29, 39, 127]
[78, -127, -23, -128, 17, 127, 127, 28]
[-76, -23, 88, -99, -128, 54, 72, -102]
[44, 24, -111, 99, 127, -60, -73, 104]
[81, -128, -19, -128, 26, 127, 127, 27]
[127, -91, -114, 21, 127, -22, -25, 127]
[78, -128, -47, -125, 30, 127, 127, 32]
[-54, -31, 63, -128, -114, 113, 121, -97]
[-128, 100, 118, 84, -128, -86, -92, -128]
[-34, 127, 12, 127, 22, -128, -128, -24]
[-56, -33, 42, -126, -101, 127, 127, -92]
[-128, 99, 103, 17, -128, -83, -42, -127]
[109, -128, -83, -101, 69, 103, 100, 120]
[109, 23, -105, 43, 127, -30, -38, 117]
[-125, 91, 127, -28, -128, -12, 16, -128]
[-69, 127, 39, 127, -25, -128, -128, -31]
[-128, 77, 114, -21, -128, 28, 24, -128]
[127, -100, -111, -95, 114, 92, 90, 123]
[-5, -128, 46, -128, -47, 127, 127, 14]
[-128, 65, 103, -31, -128, 27, 28, -128]
[-11, -128, 4, -128, -51, 127, 126, 12]
[65, 26, -87, 124, 112, -108, -106, 90]
[126, -107, -74, -89, 119, 91, 88, 126]
[13, -95, 45, -128, -65, 127, 125, -50]
[-118, 82, 119, -33, -128, 5, 26, -128]
[-49, 124, -1, 127, -9, -128, -128, -34]
[-128, 89, 114, 77, -128, -87, -84, -128]
[119, -93, -124, 28, 127, -28, -31, 127]
[67, -128, -45, -128, 27, 127, 127, 36]
[127, -110, -115, -76, 125, 82, 81, 127]
[-71, 127, 52, 127, -47, -128, -128, -45]
[-128, 86, 112, 38, -128, -82, -64, -123]
[-28, 117, -11, 127, 29, -128, -128, -5]
[127, -91, -128, 37, 127, -21, -33, 127]
[53, -128, -36, -128, -2, 127, 127, 43]
[60, 47, -107, 127, 102, -123, -128, 92]
[-75, -50, 90, -128, -111, 114, 127, -97]
[127, -85, -128, 37, 127, -2, -35, 127]
[17, -128, 32, -128, -29, 127, 127, 38]
[109, -128, -67, -96, 70, 92, 93, 111]
[127, -91, -117, 20, 127, 34, 12, 127]
[-128, 95, 122, 9, -128, -53, -31, -128]
[1, 111, -23, 127, 60, -128, -128, 64]
[-90, 127, 59, 120, -48, -128, -128, -52]
[-19, -76, 62, -128, -82, 126, 124, -78]
[-119, 59, 127, -49, -128, 44, 47, -128]
[126, -117, -113, -81, 117, 85, 84, 125]
[-35, -45, 82, -128, -96, 127, 127, -81]
[30, -128, 1, -128, -7, 127, 127, 40]
[66, 39, -73, 127, 103, -121, -128, 100]
[105, -128, -115, -95, 93, 98, 89, 127]
[127, -97, -127, 17, 127, 41, 7, 127]
[-99, 127, 49, 96, -59, -118, -116, -57]
[-128, 102, 114, 69, -128, -80, -74, -128]
[61, 68, -59, 121, 83, -128, -126, 81]
[-116, 65, 84, -42, -128, 40, 40, -128]
[-63, 121, 40, 127, -33, -128, -128, -41]
[-128, 127, 104, 84, -106, -90, -91, -128]
[-128, 81, 124, -40, -128, 0, 36, -128]
[-102, -45, 109, -72, -128, 59, 69, -106]
[-48, -63, 78, -116, -89, 126, 118, -90]
[-110, 127, 99, 93, -97, -99, -96, -110]
[71, 38, -96, 127, 108, -96, -122, 98]
[100, -128, -82, -105, 53, 120, 111, 60]
[-120, 6, 110, -57, -128, 44, 51, -128]
[-60, -46, 91, -128, -103, 124, 127, -90]
[127, -80, -121, 38, 127, -17, -42, 127]
[-8, -117, 25, -128, -47, 127, 127, -7]
[87, -128, -53, -122, 40, 127, 127, 43]
[45, 65, -52, 115, 93, -128, -119, 81]
[114, -128, -93, -94, 106, 91, 98, 127]
[118, -99, -122, 15, 127, 42, 0, 127]
[-92, 127, 64, 119, -57, -128, -119, -62]
[117, -18, -118, 51, 127, -42, -46, 127]
[62, 40, -83, 127, 101, -127, -128, 102]
[-128, 83, 120, -42, -128, -8, 21, -128]
[4, 127, -18, 127, 35, -128, -128, 30]
[127, -98, -128, -64, 127, 71, 55, 127]
[-32, -68, 59, -116, -84, 127, 125, -84]
[-122, 127, 104, 96, -100, -93, -94, -126]
[78, 36, -82, 127, 112, -91, -112, 110]
[84, -128, -76, -109, 63, 118, 126, 65]
[22, 105, -38, 127, 74, -127, -128, 60]
[-59, -40, 92, -128, -105, 102, 114, -91]
[127, -90, -127, 29, 127, 20, -10, 127]
[-20, -92, -2, -128, -63, 127, 127, -56]
[50, -125, 0, -128, 6, 127, 127, 40]
[108, -128, -75, -105, 76, 113, 106, 109]
[127, -102, -119, -57, 126, 76, 68, 126]
[-59, 127, 32, 125, -25, -128, -128, -35]
[125, -84, -121, 33, 127, -14, -36, 127]
[-121, 127, 103, 85, -107, -99, -89, -126]
[112, -2, -109, 71, 127, -58, -67, 127]
[54, 57, -61, 116, 95, -123, -120, 84]
[119, -128, -103, -100, 94, 98, 99, 127]
[-94, -27, 102, -84, -122, 69, 89, -94]
[-75, 127, 60, 121, -48, -128, -123, -57]
[-40, -68, 37, -114, -83, 122, 122, -81]
[7, -122, -10, -128, -20, 127, 127, 44]
[-128, 120, 123, 51, -128, -59, -57, -128]
[9, 84, -56, 127, 66, -128, -128, 67]
[111, -128, -72, -91, 88, 104, 96, 127]
[-92, -14, 103, -71, -127, 71, 71, -127]
[127, -98, -127, -27, 127, 55, 43, 127]
[127, -74, -128, 35, 127, 0, -24, 127]
[-11, -90, 22, -128, -59, 127, 127, -46]
[-128, 125, 97, 65, -119, -68, -67, -128]
[68, 59, -68, 122, 97, -127, -121, 85]
[102, -128, -88, -105, 86, 115, 105, 127]
[-102, -8, 94, -78, -125, 67, 75, -108]
[-61, 127, 39, 122, -41, -128, -128, -50]
[126, -68, -121, 36, 127, -33, -33, 127]
[2, -110, 14, -128, -32, 127, 127, 20]
[-124, 127, 120, 58, -127, -66, -60, -128]
[51, 59, -70, 117, 93, -125, -120, 76]
[103, -128, -90, -98, 85, 119, 105, 115]
[117, -119, -114, -61, 124, 70, 64, 127]
[127, -79, -122, 33, 127, 3, -19, 127]
[-14, -117, 20, -128, -58, 127, 127, -42]
[104, -27, -108, 70, 127, -59, -65, 127]
[77, 52, -63, 125, 105, -119, -124, 95]
[83, -128, -78, -108, 76, 119, 111, 98]
[-108, 31, 113, -72, -128, 60, 68, -125]
[-32, 127, 32, 127, -13, -128, -128, -36]
[127, -82, -128, 30, 127, 19, -7, 127]
[-15, -86, 35, -128, -63, 127, 127, -58]
[-127, 127, 106, 60, -117, -75, -65, -114]
[-126, 74, 119, -30, -128, -26, 2, -128]
[-108, 45, 108, -68, -128, 53, 64, -123]
[-22, 126, 20, 127, -2, -128, -128, -28]
[123, -84, -128, -6, 127, 42, 23, 127]
[-56, -76, 42, -128, -73, 127, 127, -57]
[26, -121, -10, -128, -6, 127, 127, 40]
[83, 40, -93, 113, 113, -86, -102, 127]
[-101, 52, 109, -64, -128, 43, 56, -121]
[-71, 122, 26, 127, -23, -128, -128, -28]
[127, -89, -120, 40, 127, -31, -41, 127]
[100, -13, -102, 70, 127, -58, -69, 127]
[-115, 117, 118, 59, -128, -72, -63, -123]
[58, 50, -66, 119, 93, -126, -122, 82]
[-94, -24, 99, -72, -128, 66, 73, -117]
[-56, 127, 39, 125, -29, -128, -128, -51]
[127, -74, -115, 35, 127, -33, -35, 127]
[-10, -105, 25, -128, -42, 127, 127, -22]
[-128, 127, 113, 63, -124, -68, -63, -128]
[73, 60, -62, 124, 103, -114, -124, 87]
[-111, 39, 109, -69, -128, 61, 66, -128]
[-34, 127, 45, 127, -11, -128, -128, -40]
[-108, 127, 84, 69, -104, -90, -77, -122]
[88, 28, -84, 109, 116, -81, -94, 127]
[75, -128, -71, -128, 56, 127, 127, 67]
[-123, 68, 115, -56, -128, 38, 48, -128]
[119, -112, -118, -63, 127, 62, 47, 127]
[-52, -68, 53, -126, -90, 115, 127, -76]
[-101, 127, 99, 92, -84, -128, -103, -74]
[85, -6, -84, 65, 127, -61, -62, 127]
[-128, 91, 124, 36, -128, -65, -47, -128]
[63, -128, -89, -101, 85, 121, 113, 102]
[5, 103, -21, 127, 45, -128, -128, 64]
[113, -128, -124, -63, 127, 73, 67, 127]
[-46, -55, 57, -121, -97, 110, 116, -87]
[-94, 127, 106, 107, -86, -124, -116, -73]
[106, -32, -102, 73, 127, -61, -70, 127]
[55, -128, -49, -127, 29, 127, 127, 43]
[-119, 80, 118, -30, -128, -18, 2, -128]
[0, 105, -16, 127, 52, -128, -128, 61]
[-83, -46, 83, -107, -111, 84, 95, -93]
[-50, 127, 91, 127, -61, -128, -128, -66]
[127, -63, -119, 60, 127, -48, -52, 127]
[-128, 106, 117, 67, -128, -69, -70, -128]
[38, 65, -22, 127, 69, -128, -128, 67]
[83, -128, -109, -88, 85, 120, 103, 111]
[-109, 23, 93, -63, -128, 62, 65, -128]
[125, -76, -125, 7, 127, 59, 22, 127]
[-41, -61, 47, -128, -75, 127, 127, -72]
[-108, 127, 107, 81, -94, -104, -88, -92]
[109, 3, -86, 57, 127, -54, -55, 127]
[44, -128, -64, -128, 36, 127, 127, 52]
[42, 66, -28, 127, 76, -128, -128, 72]
[-28, 91, -6, 127, 51, -128, -128, 65]
[127, -126, -116, -69, 117, 80, 71, 127]
[-71, -52, 64, -107, -108, 77, 102, -91]
[127, -69, -123, 43, 127, 19, -9, 127]
[119, -70, -118, 55, 127, -45, -50, 127]
[19, -115, -12, -128, -30, 127, 127, 5]
[75, 56, -62, 127, 105, -90, -107, 94]
[56, 61, -30, 125, 86, -123, -127, 70]
[-17, 126, 10, 127, 23, -128, -128, 39]
[-89, 3, 83, -72, -124, 70, 73, -125]
[-38, 127, 64, 127, -34, -128, -128, -59]
[124, -81, -127, 37, 127, 12, -4, 127]
[-85, 127, 118, 78, -97, -102, -84, -103]
[-123, 127, 124, 69, -118, -74, -73, -128]
[86, 55, -55, 126, 105, -89, -95, 93]
[-120, 84, 127, 31, -128, -70, -36, -128]
[-128, 66, 120, -60, -128, 49, 52, -128]
[6, 127, 25, 127, 22, -128, -128, 26]
[115, -114, -128, -66, 127, 70, 68, 127]
[-94, 127, 110, 90, -88, -116, -103, -87]
[34, -128, -59, -128, 25, 127, 127, 55]
[-125, 85, 127, 18, -128, -52, -32, -128]
[-127, 73, 108, -54, -128, 45, 53, -128]
[85, -128, -114, -79, 96, 97, 81, 127]
[-117, 39, 94, -66, -128, 58, 60, -128]
[-100, -44, 66, -128, -104, 77, 112, -88]
[109, -83, -128, -27, 127, 69, 34, 127]
[-53, -63, 45, -128, -78, 127, 127, -77]
[126, -47, -112, 61, 127, -57, -61, 127]
[16, -128, -62, -128, 0, 127, 127, 51]
[75, 48, -45, 127, 87, -128, -128, 80]
[97, -128, -98, -86, 88, 114, 93, 110]
[-107, 20, 89, -60, -128, 56, 59, -128]
[-76, 127, 63, 127, -16, -128, -128, -53]
[127, -89, -122, -14, 127, 47, 23, 127]
[-40, -64, 27, -128, -79, 127, 127, -70]
[-107, 127, 101, 105, -80, -127, -117, -69]
[-11, -120, -21, -128, -33, 127, 127, -15]
[95, 34, -66, 104, 114, -76, -87, 110]
[82, 45, -39, 127, 98, -108, -118, 87]
[-120, 92, 127, -10, -128, -33, -20, -128]
[63, 64, -33, 124, 75, -128, -127, 72]
[91, -128, -111, -105, 84, 127, 111, 101]
[-128, 53, 122, -46, -128, 41, 48, -128]
[19, 103, 12, 127, 46, -128, -128, 52]
[-4, 108, 22, 127, 30, -128, -128, 44]
[-122, 37, 110, -81, -128, 59, 73, -128]
[-25, 122, 40, 127, -3, -128, -128, -27]
[-40, 127, 67, 124, -22, -128, -128, -48]
[-51, 127, 67, 125, -46, -128, -127, -61]
[-71, -60, 15, -119, -92, 96, 115, -78]
[-94, 127, 94, 127, -72, -128, -128, -78]
[119, -64, -119, 45, 127, 12, -20, 127]
[-54, -77, 25, -128, -68, 127, 127, -58]
[-76, 127, 105, 120, -78, -128, -126, -67]
[126, -70, -118, 54, 127, -4, -42, 127]
[-84, 127, 109, 86, -86, -126, -107, -78]
[126, -68, -114, 55, 127, -40, -53, 127]
[-104, 127, 112, 82, -89, -120, -103, -76]
[117, -70, -115, 60, 127, -38, -43, 127]
[-23, -81, -7, -128, -57, 127, 127, -60]
[-14, -91, -14, -128, -50, 127, 127, -58]
[116, -52, -109, 60, 127, -47, -56, 127]
[115, -61, -94, 71, 127, -58, -64, 127]
[-112, 127, 123, 64, -109, -85, -71, -122]
[111, -30, -88, 80, 127, -63, -74, 127]
[-112, 127, 119, 74, -103, -97, -80, -109]
[113, -65, -104, 72, 127, -56, -64, 127]
[-27, -104, -14, -128, -31, 127, 127, -34]
[-105, 127, 118, 75, -108, -93, -75, -120]
[-18, -90, -14, -128, -46, 127, 127, -61]
[-91, 127, 119, 92, -91, -120, -108, -66]
[127, -60, -116, 64, 127, 2, -32, 127]
[-77, 127, 101, 127, -72, -128, -128, -66]
[-66, 127, 93, 127, -66, -128, -128, -69]
[125, -81, -126, -28, 127, 63, 44, 127]
[123, -94, -127, -39, 127, 62, 43, 127]
[121, -118, -128, -59, 127, 60, 58, 127]
[127, -128, -128, -60, 127, 68, 59, 127]
[-26, 127, 53, 127, 2, -128, -128, -15]
[-113, 27, 85, -67, -128, 69, 68, -128]
[-110, 60, 103, -71, -128, 66, 68, -128]
[89, -128, -112, -99, 89, 127, 115, 67]
[66, -128, -117, -128, 77, 127, 127, 68]
[51, -128, -98, -128, 58, 127, 127, 69]
[28, -128, -74, -128, 20, 127, 127, 66]
[2, -128, -87, -128, -3, 127, 127, 16]
[111, -41, -86, 68, 127, -67, -70, 127]
[-2, -124, -45, -128, -16, 127, 127, -21]
[3, -92, -19, -128, -33, 127, 127, -63]
[119, -42, -98, 75, 127, -64, -70, 127]
[-108, 127, 119, 80, -97, -111, -82, -91]
[-98, 127, 122, 81, -98, -110, -97, -89]
[-16, -103, -15, -128, -44, 127, 127, -59]
[-92, 127, 124, 79, -105, -105, -91, -100]
[112, -57, -94, 72, 127, -51, -62, 127]
[-12, -78, -17, -128, -37, 127, 127, -59]
[91, -59, -100, 76, 127, -58, -68, 127]
[1, -95, -34, -128, -23, 127, 127, -25]
[-87, 127, 127, 69, -117, -80, -74, -127]
[102, -7, -77, 79, 125, -66, -73, 127]
[21, -128, -58, -128, 11, 127, 127, 48]
[-120, 127, 127, 60, -128, -64, -59, -128]
[74, 57, -29, 125, 91, -100, -123, 81]
[66, -128, -101, -128, 62, 127, 127, 70]
[-126, 78, 121, -7, -128, -41, -24, -128]
[74, 72, -21, 127, 79, -101, -127, 67]
[62, -128, -100, -128, 73, 127, 127, 81]
[-119, 67, 116, -45, -128, -16, 11, -128]
[-119, 63, 113, -53, -128, 13, 20, -128]
[96, -128, -113, -92, 93, 127, 114, 93]
[-116, 65, 106, -59, -128, 48, 53, -127]
[-113, 54, 97, -74, -128, 58, 68, -128]
[101, -128, -128, -64, 117, 85, 72, 124]
[-103, 11, 78, -79, -118, 69, 75, -128]
[-104, -39, 60, -100, -111, 77, 92, -109]
[123, -118, -128, -57, 127, 59, 57, 127]
[-77, -53, 47, -122, -97, 97, 108, -87]
[-71, 127, 109, 127, -70, -126, -128, -72]
[-40, -79, 0, -128, -57, 123, 127, -58]
[-25, -94, -4, -128, -38, 127, 127, -50]
[8, -98, -42, -128, -11, 127, 127, -2]
[27, -123, -68, -128, 21, 127, 127, 42]
[43, -128, -90, -123, 54, 127, 127, 45]
[74, 48, -38, 124, 93, -103, -106, 92]
[67, -128, -106, -128, 71, 127, 127, 72]
[-124, 81, 117, -41, -128, 1, 28, -128]
[-112, 53, 102, -50, -128, 40, 46, -127]
[-97, -20, 73, -79, -114, 58, 66, -114]
[-38, 127, 69, 127, -39, -128, -128, -44]
[115, -90, -127, -14, 127, 61, 29, 127]
[119, -82, -116, 47, 127, -14, -44, 127]
[-96, 127, 122, 86, -99, -109, -96, -107]
[109, -36, -84, 56, 127, -54, -56, 127]
[-113, 96, 127, 41, -128, -73, -49, -128]
[56, 58, -20, 127, 74, -127, -128, 74]
[81, -128, -120, -88, 95, 123, 108, 93]
[-113, 49, 91, -58, -128, 51, 53, -128]
[-12, 127, 65, 127, -14, -128, -128, -48]
[116, -117, -128, -64, 127, 74, 69, 127]
[118, -83, -128, 15, 127, 45, 16, 127]
[-99, 127, 108, 121, -76, -128, -126, -62]
[120, -78, -113, 47, 127, -26, -46, 127]
[-95, 127, 121, 84, -105, -104, -94, -117]
[-111, 120, 127, 76, -128, -81, -76, -128]
[86, 53, -53, 127, 94, -84, -104, 84]
[43, 70, 2, 127, 58, -128, -128, 68]
[-122, 68, 108, -58, -128, 45, 53, -128]
[8, 109, 38, 127, 11, -128, -128, 26]
[-77, -49, 49, -128, -95, 87, 108, -85]
[-58, 127, 108, 127, -70, -128, -128, -59]
[-95, 127, 127, 84, -106, -107, -91, -117]
[-7, -114, -45, -128, -15, 127, 127, -11]
[-102, 125, 127, 71, -128, -77, -73, -128]
[-110, 101, 126, 59, -128, -69, -61, -128]
[46, -128, -96, -128, 58, 127, 127, 52]
[-124, 83, 125, -45, -128, -24, 3, -128]
[-107, 65, 107, -49, -128, 39, 46, -128]
[102, -128, -128, -83, 113, 104, 93, 127]
[-87, 8, 76, -64, -117, 52, 59, -124]
[-64, -52, 30, -128, -91, 95, 119, -81]
[113, -80, -124, 23, 127, 48, 17, 127]
[-41, -64, -3, -128, -59, 127, 127, -72]
[-14, -107, -31, -128, -19, 127, 127, -26]
[104, -35, -83, 59, 126, -52, -56, 127]
[19, -128, -72, -128, 25, 127, 127, 48]
[-120, 116, 127, 54, -128, -70, -63, -128]
[61, 45, -37, 127, 89, -106, -117, 86]
[49, -128, -113, -128, 77, 127, 124, 66]
[75, -128, -125, -87, 106, 114, 105, 116]
[97, -128, -128, -85, 118, 100, 84, 127]
[38, -123, -128, -63, 127, 83, 77, 123]
[0, 125, 86, 127, -32, -128, -128, -43]
[53, -105, -128, -53, 127, 63, 44, 127]
[79, -80, -121, 44, 127, 2, -27, 127]
[-33, 127, 117, 96, -91, -122, -113, -81]
[58, -61, -104, 54, 127, -52, -53, 127]
[56, 4, -79, 66, 118, -50, -55, 127]
[-55, 123, 127, 77, -128, -86, -82, -125]
[58, 37, -44, 111, 105, -69, -91, 104]
[14, -128, -101, -127, 57, 127, 127, 47]
[-67, 89, 120, -46, -128, -13, 13, -128]
[29, 88, 24, 127, 47, -128, -128, 65]
[45, -128, -128, -79, 119, 96, 84, 127]
[-63, 16, 82, -64, -119, 51, 60, -128]
[1, 127, 79, 127, -37, -128, -128, -47]
[67, -93, -128, -12, 127, 68, 31, 127]
[-39, 127, 113, 100, -88, -128, -119, -66]
[-20, 127, 127, 83, -104, -114, -90, -107]
[72, -55, -91, 60, 127, -56, -57, 127]
[-48, 126, 127, 75, -128, -79, -78, -128]
[-71, 112, 127, 64, -128, -78, -73, -128]
[40, 52, -24, 127, 87, -100, -116, 83]
[-71, 81, 117, -45, -128, -9, 16, -128]
[35, 87, 17, 127, 39, -126, -128, 59]
[37, -128, -128, -88, 117, 104, 91, 127]
[-64, 0, 69, -74, -110, 55, 64, -118]
[1, 127, 86, 127, -50, -128, -128, -45]
[-23, 127, 111, 127, -70, -128, -128, -58]
[-37, 127, 122, 84, -100, -116, -99, -100]
[-44, 127, 127, 84, -124, -93, -84, -128]
[-29, -124, -62, -128, 12, 127, 127, 32]
[-59, 114, 127, 63, -128, -80, -70, -128]
[-72, 88, 125, -18, -128, -44, -27, -128]
[33, -128, -108, -122, 80, 127, 122, 60]
[-80, 74, 108, -50, -128, 33, 50, -128]
[-68, 42, 91, -58, -122, 53, 56, -128]
[67, -126, -128, -77, 127, 81, 77, 127]
[-60, -55, 40, -128, -94, 78, 99, -85]
[-37, -60, -1, -128, -56, 127, 127, -73]
[75, -72, -111, 54, 127, -44, -51, 127]
[-4, -127, -58, -128, 4, 127, 127, 17]
[7, -128, -100, -128, 58, 127, 127, 60]
[41, 60, -26, 127, 77, -105, -125, 76]
[-76, 71, 110, -56, -128, 44, 48, -128]
[58, -128, -128, -67, 127, 77, 70, 127]
[-4, 127, 76, 127, -37, -128, -128, -53]
[69, -92, -128, -34, 127, 70, 49, 127]
[75, -75, -117, 55, 127, -12, -50, 127]
[85, -37, -92, 61, 124, -56, -56, 127]
[86, 53, -46, 122, 94, -76, -102, 84]
[-61, 107, 127, 28, -128, -70, -61, -128]
[45, 54, -20, 127, 75, -122, -128, 76]
[41, -128, -123, -88, 99, 120, 110, 103]
[63, -128, -128, -77, 127, 84, 79, 127]
[0, 127, 75, 127, -33, -128, -128, -50]
[60, -98, -128, -27, 127, 68, 53, 127]
[-43, -61, 11, -128, -74, 127, 127, -72]
[-51, 127, 125, 81, -105, -112, -94, -108]
[69, -36, -96, 64, 122, -58, -60, 127]
[-92, 99, 127, 39, -128, -68, -52, -128]
[57, 55, -25, 127, 76, -111, -128, 80]
[45, 70, -1, 127, 63, -127, -128, 67]
[-84, 74, 120, -43, -128, 10, 42, -128]
[27, 100, 17, 127, 26, -128, -128, 57]
[12, 117, 51, 127, -1, -128, -128, 9]
[-75, 14, 93, -81, -116, 57, 67, -128]
[-6, 125, 67, 127, -41, -128, -128, -39]
[-21, 127, 95, 126, -63, -128, -128, -55]
[-54, -56, 33, -127, -74, 111, 119, -84]
[-53, 127, 116, 104, -92, -121, -117, -76]
[-69, 127, 127, 89, -115, -105, -89, -127]
[-29, -111, -42, -128, -3, 127, 127, -11]
[-67, 127, 127, 75, -128, -84, -83, -128]
[79, 15, -77, 102, 108, -64, -81, 116]
[7, -128, -74, -128, 46, 127, 127, 42]
[-91, 114, 127, 50, -128, -55, -51, -128]
[-108, 104, 127, 18, -128, -59, -37, -128]
[32, -128, -105, -128, 75, 127, 127, 74]
[-89, 79, 127, -41, -128, -27, -2, -128]
[-84, 64, 122, -43, -128, -4, 25, -128]
[-90, 56, 109, -56, -128, 26, 50, -125]
[-71, 51, 100, -71, -128, 50, 61, -128]
[66, -128, -128, -71, 119, 103, 82, 121]
[-89, 46, 95, -79, -124, 62, 70, -128]
[-81, 29, 89, -79, -119, 71, 77, -128]
[76, -128, -128, -59, 127, 73, 66, 127]
[-74, -14, 73, -89, -112, 72, 82, -123]
[-77, -50, 47, -118, -92, 89, 97, -84]
[82, -111, -128, -43, 127, 58, 40, 127]
[-59, -55, 47, -125, -81, 95, 107, -81]
[-65, -63, 40, -128, -74, 89, 101, -70]
[89, -94, -128, -24, 127, 63, 65, 127]
[-58, -63, 31, -128, -70, 102, 120, -72]
[-52, -72, 22, -128, -67, 118, 127, -65]
[90, -69, -123, 49, 127, 25, -5, 127]
[-45, -73, 13, -128, -64, 120, 127, -62]
[-59, 127, 114, 125, -85, -128, -128, -74]
[-62, -71, 13, -128, -66, 123, 127, -67]
[-46, -73, 4, -128, -64, 127, 127, -65]
[-45, 127, 114, 116, -89, -128, -128, -72]
[91, -68, -124, 50, 127, 20, -19, 127]
[-54, -75, 7, -128, -54, 127, 127, -63]
[-66, 127, 118, 111, -88, -128, -128, -71]
[105, -66, -120, 51, 127, 14, -21, 127]
[-47, -76, 7, -128, -66, 127, 127, -66]
[-44, 127, 111, 117, -86, -128, -128, -71]
[94, -75, -122, 47, 127, 21, -13, 127]
[-45, -73, 16, -128, -65, 125, 127, -66]
[-54, 127, 105, 127, -78, -128, -128, -74]
[110, -74, -127, 32, 127, 36, 10, 127]
[-57, -70, 25, -128, -69, 109, 127, -73]
[-33, 127, 108, 127, -71, -128, -128, -76]
[-26, 127, 106, 127, -67, -128, -128, -73]
[-67, -69, 42, -128, -77, 90, 112, -81]
[-34, 127, 96, 127, -66, -128, -128, -73]
[95, -105, -128, -65, 127, 59, 57, 127]
[-90, -58, 58, -106, -92, 73, 84, -92]
[-20, 127, 79, 127, -57, -128, -128, -61]
[97, -128, -128, -58, 127, 63, 58, 127]
[-91, -15, 77, -63, -109, 72, 67, -126]
[2, 127, 49, 127, -15, -128, -128, 0]
[20, 108, 34, 127, 6, -128, -128, 56]
[-96, 60, 100, -72, -128, 65, 69, -128]
[33, 86, 25, 127, 21, -128, -128, 64]
[32, 81, 6, 127, 19, -128, -128, 62]
[-114, 61, 109, -73, -128, 53, 64, -128]
[10, 73, 11, 127, 31, -128, -128, 60]
[33, 65, 11, 127, 44, -128, -128, 55]
[-77, 67, 120, -65, -128, 9, 39, -128]
[66, 69, -2, 127, 63, -128, -128, 58]
[61, 70, -13, 127, 65, -128, -128, 64]
[-118, 69, 123, -50, -128, -29, 2, -128]
[65, 74, -18, 127, 66, -117, -128, 65]
[76, 69, -45, 127, 74, -97, -118, 74]
[-107, 89, 127, 48, -128, -60, -61, -128]
[76, 65, -56, 127, 87, -80, -105, 88]
[83, 32, -76, 85, 100, -68, -75, 117]
[-85, 127, 127, 57, -128, -63, -57, -128]
[95, -3, -79, 63, 111, -68, -64, 127]
[111, -46, -94, 67, 124, -69, -69, 127]
[-75, 127, 127, 64, -122, -97, -82, -122]
[114, -63, -110, 68, 127, -49, -64, 127]
[99, -65, -122, 61, 127, 8, -32, 127]
[-51, 127, 110, 127, -88, -128, -127, -67]
[116, -75, -128, 18, 127, 52, 22, 127]
[-65, -69, 26, -128, -70, 104, 117, -74]
[-44, 127, 101, 127, -70, -128, -128, -70]
[105, -95, -128, -45, 127, 60, 58, 127]
[-75, -64, 59, -109, -88, 64, 75, -92]
[-14, 127, 74, 127, -50, -128, -128, -64]
[106, -128, -128, -59, 127, 71, 69, 127]
[-104, 18, 81, -65, -114, 71, 72, -128]
[-104, 57, 100, -71, -126, 70, 71, -128]
[77, -128, -128, -66, 123, 100, 82, 127]
[-117, 62, 112, -70, -128, 42, 65, -128]
[91, -128, -114, -113, 94, 127, 127, 66]
[54, -128, -112, -128, 85, 127, 127, 68]
[-112, 76, 127, -13, -128, -60, -23, -128]
[85, 68, -47, 127, 81, -80, -118, 80]
[16, -128, -78, -128, 61, 127, 127, 66]
[-101, 127, 127, 59, -128, -65, -60, -128]
[-24, -111, -43, -128, -4, 127, 127, -43]
[-32, -89, -24, -128, -24, 127, 127, -62]
[-66, 127, 114, 105, -95, -128, -122, -70]
[-72, -66, 38, -128, -66, 115, 127, -63]
[-85, -66, 42, -128, -74, 102, 124, -70]
[-38, 127, 86, 127, -66, -128, -128, -66]
[-115, -21, 66, -66, -107, 69, 66, -128]
[-114, 30, 90, -69, -122, 68, 69, -128]
[43, 83, 20, 127, 28, -128, -128, 62]
[72, -128, -114, -128, 89, 127, 127, 69]
[-128, 81, 127, 11, -128, -61, -38, -128]
[92, 65, -50, 121, 88, -74, -99, 97]
[22, -128, -67, -128, 45, 127, 127, 64]
[-110, 127, 127, 62, -128, -76, -70, -128]
[123, -62, -106, 71, 127, -65, -68, 127]
[-46, -76, -9, -128, -44, 127, 127, -61]
[-72, 127, 104, 127, -86, -128, -128, -72]
[125, -107, -128, -64, 127, 62, 61, 127]
[-94, -54, 58, -99, -94, 69, 81, -100]
[110, -128, -128, -62, 127, 87, 67, 127]
[-119, 61, 109, -72, -128, 65, 67, -128]
[76, -128, -113, -128, 89, 127, 127, 69]
[-128, 81, 127, 16, -128, -62, -43, -128]
[29, -128, -77, -128, 59, 127, 127, 70]
[4, -128, -55, -128, 21, 127, 127, 11]
[-94, 127, 127, 66, -117, -110, -89, -95]
[122, -64, -115, 65, 127, 18, -21, 127]
[-45, 127, 97, 127, -65, -128, -128, -67]
[122, -128, -128, -63, 127, 63, 64, 127]
[11, 109, 31, 127, 15, -128, -128, 58]
[-128, 66, 118, -61, -128, -35, 8, -128]
[89, 67, -20, 127, 75, -88, -88, 78]
[19, -128, -88, -128, 45, 127, 127, 66]
[124, -62, -105, 70, 127, -62, -69, 127]
[127, -62, -114, 68, 127, 2, -43, 127]
[-82, 127, 111, 124, -90, -128, -128, -70]
[127, -80, -128, -11, 127, 60, 39, 127]
[123, -125, -128, -64, 127, 64, 62, 127]
[-15, 127, 60, 127, -43, -128, -128, -38]
[113, -128, -128, -61, 127, 85, 68, 127]
[-125, 62, 108, -71, -128, 56, 67, -128]
[41, 70, 6, 127, 50, -128, -128, 61]
[71, -128, -106, -128, 81, 127, 127, 68]
[-121, 127, 127, 59, -128, -63, -63, -128]
[107, 2, -75, 74, 106, -71, -75, 127]
[-12, -116, -41, -128, -1, 127, 127, -43]
[-77, 127, 114, 125, -87, -128, -128, -69]
[127, -61, -121, 48, 127, 36, 4, 127]
[-83, -69, 34, -128, -77, 88, 105, -70]
[-114, -2, 84, -71, -112, 69, 69, -128]
[109, -128, -128, -61, 127, 83, 66, 127]
[-120, 62, 108, -69, -128, 48, 69, -128]
[60, -128, -101, -128, 69, 127, 127, 69]
[-124, 124, 127, 64, -128, -61, -63, -128]
[-110, 127, 120, 64, -119, -104, -82, -99]
[-34, -87, -7, -128, -37, 127, 127, -61]
[-70, 127, 115, 127, -83, -128, -128, -69]
[127, -93, -128, -56, 127, 65, 59, 127]
[-107, -38, 63, -79, -100, 69, 70, -120]
[-10, 127, 49, 127, -25, -128, -128, -5]
[110, -128, -128, -69, 126, 100, 88, 127]
[-125, 60, 111, -70, -128, 23, 56, -128]
[61, 70, -8, 127, 61, -125, -128, 62]
[58, -128, -98, -128, 70, 127, 127, 69]
[111, -13, -91, 66, 115, -66, -68, 127]
[-108, 127, 127, 65, -117, -112, -88, -101]
[-97, 127, 119, 98, -99, -128, -117, -71]
[127, -64, -125, 21, 127, 55, 9, 127]
[-32, 127, 91, 127, -62, -128, -128, -66]
[-17, 127, 66, 127, -33, -128, -128, -22]
[112, -128, -128, -63, 127, 92, 74, 127]
[-124, 61, 108, -72, -128, 44, 71, -128]
[49, -128, -102, -128, 70, 127, 127, 70]
[-128, 120, 127, 64, -128, -63, -60, -128]
[-9, -121, -51, -128, 5, 127, 127, -31]
[-15, -102, -24, -128, -24, 127, 127, -63]
[-82, 127, 119, 127, -91, -128, -128, -72]
[127, -82, -128, -51, 127, 62, 57, 127]
[-106, -26, 73, -72, -104, 70, 73, -128]
[2, 114, 37, 127, -3, -128, -128, 50]
[50, 70, -2, 127, 58, -128, -128, 63]
[-128, 63, 127, -46, -128, -38, -5, -128]
[86, 54, -51, 127, 79, -86, -105, 87]
[111, -22, -87, 73, 118, -68, -69, 127]
[-126, 127, 127, 62, -128, -91, -75, -128]
[127, -63, -110, 68, 127, -25, -61, 127]
[127, -68, -124, 1, 127, 60, 39, 127]
[-48, 127, 104, 127, -69, -128, -128, -69]
[127, -128, -128, -63, 127, 63, 60, 127]
[-111, 46, 96, -70, -124, 67, 73, -128]
[25, 89, 18, 127, 32, -128, -128, 64]
[99, -128, -104, -127, 91, 127, 127, 67]
[-128, 81, 126, 32, -128, -61, -55, -128]
[101, 33, -64, 87, 95, -70, -76, 124]
[5, -127, -37, -128, 14, 127, 127, -18]
[-97, 127, 127, 95, -102, -128, -119, -70]
[127, -62, -119, 64, 127, 6, -35, 127]
[-61, -69, 12, -128, -65, 110, 127, -63]
[-101, -54, 57, -97, -93, 69, 82, -106]
[-105, -21, 79, -70, -108, 70, 69, -128]
[-118, 34, 95, -68, -124, 68, 68, -128]
[-128, 58, 110, -66, -128, 11, 44, -128]
[89, -128, -120, -127, 93, 127, 127, 67]
[-128, 72, 127, 8, -128, -60, -23, -128]
[-128, 105, 127, 62, -128, -63, -61, -128]
[19, -128, -78, -128, 44, 127, 127, 50]
[-113, 127, 127, 63, -128, -92, -76, -122]
[-98, 127, 122, 107, -99, -128, -128, -70]
[-53, -71, 10, -128, -62, 127, 127, -63]
[-77, 127, 104, 127, -72, -128, -128, -70]
[-44, 127, 95, 127, -66, -128, -128, -64]
[127, -128, -128, -60, 127, 65, 63, 127]
[-15, 127, 69, 127, -26, -128, -128, 10]
[7, 104, 24, 127, 18, -128, -128, 62]
[-125, 60, 109, -68, -128, 39, 64, -128]
[32, 67, 15, 127, 43, -128, -128, 58]
[84, -128, -123, -108, 97, 127, 125, 65]
[65, 70, -14, 127, 64, -111, -128, 67]
[62, -128, -108, -128, 69, 127, 127, 74]
[104, 29, -59, 86, 97, -69, -79, 122]
[-128, 127, 127, 58, -128, -70, -61, -128]
[111, -32, -93, 68, 120, -69, -69, 127]
[-9, -112, -37, -128, -4, 127, 127, -62]
[-25, -85, -17, -128, -34, 127, 127, -58]
[127, -60, -110, 63, 127, -6, -38, 127]
[-48, -67, -2, -128, -47, 127, 127, -57]
[-94, 127, 108, 127, -85, -128, -128, -68]
[127, -74, -122, 51, 127, 37, 35, 127]
[-58, -73, 11, -128, -67, 110, 127, -74]
[-58, -74, 20, -128, -64, 103, 123, -72]
[127, -76, -128, -2, 127, 59, 28, 127]
[-65, -73, 14, -128, -68, 99, 114, -79]
[-80, -72, 27, -128, -68, 81, 107, -76]
[127, -85, -128, -44, 127, 57, 58, 127]
[-80, -65, 46, -128, -77, 75, 97, -84]
[-90, -56, 55, -104, -83, 68, 84, -94]
[127, -121, -128, -60, 127, 60, 56, 127]
[-98, -52, 48, -108, -84, 79, 84, -90]
[-97, -41, 64, -95, -86, 72, 76, -96]
[127, -104, -128, -57, 127, 61, 57, 127]
[-99, -33, 66, -80, -92, 70, 75, -103]
[-100, -48, 58, -91, -89, 72, 89, -98]
[127, -122, -128, -58, 127, 66, 62, 127]
[-93, -51, 49, -95, -85, 75, 90, -94]
[-99, -48, 51, -99, -84, 74, 83, -88]
[127, -110, -128, -60, 127, 66, 63, 127]
[-94, -50, 42, -104, -82, 73, 101, -84]
[-81, -53, 26, -121, -72, 94, 104, -77]
[127, -81, -128, -5, 127, 67, 34, 127]
[-60, -65, 15, -128, -67, 101, 113, -70]
[-67, -74, 23, -128, -64, 97, 118, -69]
[127, -71, -123, 12, 127, 57, 24, 127]
[-61, -70, 14, -128, -67, 108, 127, -69]
[-66, -71, 16, -128, -64, 97, 116, -69]
[127, -72, -126, 9, 127, 57, 21, 127]
[-66, -72, 23, -128, -69, 98, 125, -80]
[-52, -71, 18, -128, -66, 109, 121, -72]
[127, -73, -119, 44, 127, 32, -1, 127]
[-56, -79, 7, -128, -63, 109, 127, -65]
[-64, -74, 16, -128, -65, 96, 127, -74]
[127, -80, -128, 2, 127, 59, 21, 127]
[-78, -71, 20, -128, -69, 90, 117, -83]
[-64, 127, 106, 127, -73, -128, -128, -72]
[127, -90, -128, -35, 127, 58, 54, 127]
[-93, -65, 39, -128, -71, 76, 102, -83]
[-52, 127, 102, 127, -69, -128, -128, -65]
[127, -87, -128, -37, 127, 61, 58, 127]
[-80, -60, 37, -128, -69, 81, 95, -78]
[-66, 127, 102, 127, -72, -128, -128, -66]
[127, -100, -128, -62, 127, 62, 59, 127]
[-92, -59, 39, -114, -77, 69, 87, -84]
[-46, 127, 96, 127, -66, -128, -128, -59]
[127, -114, -128, -56, 127, 67, 57, 127]
[-98, -48, 57, -85, -89, 73, 74, -106]
[-24, 127, 84, 127, -63, -128, -128, -52]
[-18, 127, 74, 127, -53, -128, -128, -15]
[-108, 2, 74, -63, -105, 72, 70, -128]
[-15, 127, 59, 127, -34, -128, -128, 33]
[-115, 48, 94, -72, -122, 66, 71, -128]
[-120, 62, 93, -73, -126, 61, 69, -128]
[21, 87, 36, 127, 15, -128, -128, 62]
[105, -128, -127, -79, 115, 127, 106, 78]
[-126, 59, 104, -66, -128, 14, 56, -128]
[23, 98, 19, 127, 20, -128, -128, 60]
[109, -128, -128, -82, 110, 127, 105, 74]
[-125, 57, 109, -67, -128, -15, 46, -128]
[43, 66, 4, 127, 52, -128, -128, 64]
[76, 70, -20, 127, 63, -91, -124, 70]
[-128, 86, 127, 43, -128, -60, -62, -128]
[91, 62, -42, 117, 77, -70, -89, 105]
[97, 26, -63, 79, 96, -69, -68, 127]
[-128, 127, 127, 56, -128, -72, -61, -128]
[107, -6, -90, 65, 108, -69, -68, 127]
[114, -40, -94, 72, 122, -62, -72, 127]
[-127, 127, 127, 71, -128, -109, -75, -127]
[116, -66, -97, 74, 127, -49, -70, 127]
[126, -59, -103, 73, 127, -10, -66, 127]
[-125, 127, 127, 86, -113, -128, -113, -64]
[127, -63, -116, 62, 127, 21, -39, 127]
[127, -65, -118, 55, 127, 54, 21, 127]
[-101, 127, 111, 127, -84, -128, -128, -68]
[127, -78, -128, -6, 127, 61, 36, 127]
[127, -99, -128, -66, 127, 61, 59, 127]
[-78, 127, 96, 127, -67, -128, -128, -62]
[127, -113, -128, -62, 127, 65, 60, 127]
[-86, -44, 52, -85, -91, 72, 75, -116]
[-57, 127, 88, 127, -62, -128, -128, -51]
[127, -128, -128, -56, 127, 74, 63, 127]
[-95, 6, 72, -64, -108, 72, 70, -128]
[-35, 127, 81, 127, -41, -128, -128, 12]
[127, -128, -128, -64, 127, 88, 69, 127]
[-105, 20, 83, -70, -113, 67, 71, -128]
[-19, 116, 58, 127, -23, -128, -128, 58]
[127, -128, -128, -72, 127, 95, 76, 127]
[-109, 41, 89, -76, -115, 60, 73, -128]
[-23, 120, 48, 127, -20, -128, -128, 54]
[127, -128, -128, -68, 127, 104, 73, 127]
[-119, 56, 94, -79, -126, 55, 73, -128]
[-12, 87, 41, 127, -2, -128, -128, 58]
[127, -128, -128, -78, 127, 108, 81, 122]
[-114, 42, 92, -81, -123, 52, 71, -128]
[-116, 51, 91, -84, -122, 51, 73, -128]
[126, -128, -128, -75, 127, 108, 77, 118]
[-118, 59, 99, -81, -126, 52, 71, -128]
[-116, 33, 91, -81, -119, 50, 72, -128]
[127, -128, -128, -75, 127, 97, 76, 120]
[-110, 24, 88, -81, -113, 56, 73, -128]
[-29, 127, 75, 127, -38, -128, -128, 6]
[127, -128, -128, -67, 127, 85, 63, 127]
[-109, 37, 84, -76, -111, 64, 75, -128]
[-111, 25, 84, -76, -114, 57, 70, -128]
[127, -128, -128, -73, 127, 87, 75, 125]
[-103, 7, 71, -77, -106, 60, 75, -128]
[-91, -46, 33, -121, -85, 70, 110, -104]
[127, -98, -122, 37, 127, 14, -36, 127]
[48, -119, -81, -128, 54, 127, 127, 21]
[127, -100, -125, 29, 127, 17, -24, 127]
[-128, 127, 127, 95, -128, -100, -92, -118]
[5, 125, 54, 127, -9, -128, -127, 8]
[-128, 125, 127, 84, -128, -94, -86, -127]
[-99, -30, 43, -122, -90, 55, 100, -86]
[59, -127, -89, -128, 52, 127, 127, 28]
[48, 52, -4, 126, 51, -124, -128, 90]
[127, -89, -128, -48, 127, 94, 69, 127]
[-128, 110, 127, 87, -128, -96, -90, -128]
[-128, 94, 116, -30, -128, -1, 34, -128]
[-61, 127, 99, 127, -56, -128, -128, -38]
[-128, 92, 127, 26, -128, -88, -52, -128]
[96, -128, -117, -88, 100, 127, 105, 53]
[-74, -32, 37, -126, -89, 72, 112, -91]
[67, -128, -96, -128, 64, 127, 127, 45]
[29, 74, 20, 127, 23, -128, -128, 87]
[127, -90, -128, 31, 127, 76, 28, 127]
[31, -128, -72, -128, 40, 127, 127, 32]
[-125, 86, 107, -46, -128, 29, 34, -128]
[-74, 127, 98, 119, -73, -128, -128, -51]
[105, 31, -63, 82, 98, -50, -72, 104]
[110, -128, -128, -96, 119, 107, 90, 124]
[-59, -47, 12, -128, -71, 98, 127, -97]
[-128, 101, 127, 81, -128, -94, -87, -128]
[10, 107, 48, 127, 3, -128, -128, 67]
[127, -95, -125, 27, 127, 44, -15, 127]
[47, -128, -77, -128, 40, 127, 127, 28]
[-121, 56, 96, -50, -123, 33, 46, -128]
[-86, 127, 115, 93, -86, -128, -114, -51]
[93, 31, -44, 123, 91, -55, -95, 90]
[-53, 127, 83, 127, -44, -128, -128, -35]
[-48, -52, 8, -128, -55, 119, 127, -95]
[-128, 97, 127, 58, -128, -91, -68, -128]
[2, 124, 57, 127, -8, -128, -128, 45]
[127, -98, -125, 27, 127, 12, -26, 127]
[57, -128, -97, -128, 52, 127, 127, 34]
[-117, 2, 76, -54, -109, 39, 46, -126]
[-100, 127, 127, 89, -113, -116, -85, -86]
[60, 42, -19, 123, 67, -110, -123, 91]
[-62, -37, 17, -122, -72, 105, 125, -93]
[7, -127, -68, -128, 31, 127, 127, 31]
[-128, 84, 111, -37, -128, 21, 33, -128]
[-15, -103, -40, -128, -6, 123, 127, -25]
[97, 28, -40, 122, 89, -58, -104, 90]
[114, -128, -128, -94, 125, 91, 96, 124]
[101, 29, -51, 118, 93, -49, -92, 89]
[-128, 93, 118, -30, -128, -27, 28, -128]
[27, 95, 29, 127, 19, -126, -123, 81]
[-128, 92, 117, -29, -128, -26, 26, -128]
[121, -128, -128, -95, 125, 91, 92, 127]
[-26, -112, -35, -126, -9, 126, 125, -29]
[127, -125, -128, -92, 127, 91, 93, 127]
[-69, 127, 102, 115, -76, -128, -128, -33]
[86, 29, -36, 126, 91, -75, -118, 91]
[-80, 127, 114, 107, -85, -128, -121, -45]
[-11, -127, -61, -128, 15, 124, 127, 19]
[-124, 53, 100, -29, -128, 22, 26, -128]
[17, -127, -70, -128, 27, 127, 127, 16]
[65, 37, -8, 127, 49, -128, -128, 92]
[127, -97, -122, 26, 127, 63, 24, 127]
[42, 96, 24, 126, 18, -128, -127, 84]
[-55, 127, 102, 127, -64, -128, -128, -29]
[-121, 127, 127, 95, -128, -95, -96, -126]
[-86, -26, 38, -127, -94, 59, 114, -101]
[127, -73, -107, 31, 127, -23, -30, 127]
[82, -128, -119, -102, 89, 127, 110, 40]
[-62, -30, 8, -124, -66, 111, 126, -91]
[-54, 127, 92, 127, -44, -128, -128, -24]
[91, 25, -54, 124, 99, -40, -98, 104]
[-83, 127, 115, 103, -88, -128, -113, -37]
[11, -123, -68, -128, 27, 127, 127, 29]
[-121, 13, 85, -33, -123, 26, 32, -128]
[-104, 127, 127, 99, -117, -117, -101, -111]
[42, 60, 11, 127, 38, -125, -128, 95]
[127, -91, -121, 23, 127, 30, -26, 127]
[69, -125, -99, -125, 64, 127, 127, 36]
[-82, -22, 36, -126, -96, 62, 113, -101]
[-128, 107, 127, 72, -128, -97, -71, -126]
[-15, 127, 65, 127, -26, -128, -128, -23]
[127, -28, -93, 32, 127, -28, -34, 127]
[95, -128, -128, -97, 107, 125, 99, 111]
[124, -26, -79, 37, 122, -27, -33, 127]
[-128, 93, 127, 4, -128, -88, -45, -128]
[-30, 126, 80, 127, -29, -128, -128, -23]
[28, -128, -72, -128, 31, 127, 127, 32]
[99, -128, -128, -87, 110, 127, 93, 116]
[-53, -39, 4, -124, -61, 118, 127, -95]
[102, -128, -128, -89, 113, 124, 94, 123]
[-31, 127, 79, 127, -32, -128, -128, -25]
[119, 1, -78, 47, 118, -28, -39, 127]
[-28, 127, 82, 127, -34, -128, -128, -29]
[-58, -46, 6, -124, -63, 116, 127, -94]
[-128, 93, 127, 35, -128, -86, -47, -128]
[-69, -43, 7, -123, -75, 106, 127, -97]
[122, -89, -90, 38, 127, -28, -33, 127]
[94, -128, -128, -87, 99, 127, 92, 106]
[127, -81, -100, 37, 127, -28, -31, 127]
[70, 35, -34, 127, 88, -84, -124, 92]
[-6, 127, 68, 127, -6, -126, -128, -24]
[-128, 97, 127, 78, -128, -89, -85, -123]
[84, -128, -119, -99, 85, 127, 116, 56]
[-69, -29, 25, -128, -82, 91, 127, -87]
[86, -128, -120, -97, 89, 127, 114, 62]
[-7, 127, 63, 127, -9, -126, -128, -13]
[127, -82, -96, 25, 127, -17, -28, 127]
[9, 117, 54, 127, 8, -124, -128, 37]
[-92, -24, 41, -128, -89, 64, 104, -83]
[-127, 127, 127, 85, -127, -89, -90, -119]
[-101, -27, 48, -109, -96, 47, 82, -88]
[127, -91, -120, 28, 127, 33, -29, 127]
[65, -125, -100, -128, 57, 127, 127, 33]
[-107, -25, 51, -89, -104, 40, 78, -98]
[111, 27, -53, 89, 105, -40, -72, 103]
[38, 65, 14, 124, 43, -127, -124, 83]
[127, -91, -123, 29, 127, 57, -6, 127]
[57, -123, -93, -128, 49, 127, 127, 29]
[-116, -7, 68, -64, -114, 32, 58, -121]
[-109, 127, 127, 92, -113, -113, -91, -117]
[127, -86, -125, 5, 127, 87, 24, 126]
[16, -124, -85, -128, 35, 127, 127, 33]
[127, -89, -128, -21, 127, 88, 39, 119]
[-92, 127, 127, 88, -101, -128, -96, -84]
[58, 38, -9, 122, 67, -110, -124, 94]
[-96, 127, 125, 86, -101, -128, -100, -75]
[11, -126, -74, -128, 24, 127, 127, 33]
[-124, 58, 96, -38, -128, 28, 34, -128]
[6, -126, -64, -128, 9, 124, 127, 28]
[79, 29, -26, 125, 85, -82, -119, 93]
[127, -103, -128, -62, 127, 91, 61, 122]
[78, 29, -29, 127, 86, -81, -123, 92]
[-128, 85, 105, -30, -128, 13, 33, -128]
[-77, 127, 118, 118, -77, -128, -127, -59]
[75, -128, -102, -128, 70, 127, 127, 47]
[127, -128, -128, -90, 126, 89, 89, 125]
[-24, -86, -25, -128, -27, 124, 127, -68]
[116, -128, -128, -91, 121, 97, 91, 127]
[109, 20, -54, 76, 107, -35, -67, 110]
[-37, 125, 82, 127, -40, -128, -128, -26]
[-62, -50, -2, -127, -71, 105, 127, -93]
[-128, 94, 127, 62, -128, -91, -70, -128]
[-63, -32, 25, -123, -80, 81, 120, -91]
[127, -91, -104, 30, 127, -22, -30, 127]
[79, -128, -119, -113, 79, 127, 127, 54]
[-99, -31, 45, -119, -94, 52, 94, -83]
[-125, 127, 127, 88, -127, -89, -92, -120]
[26, 83, 32, 126, 29, -122, -124, 87]
[-119, 127, 127, 94, -126, -96, -94, -124]
[58, -122, -94, -128, 51, 127, 127, 31]
[-110, -10, 61, -68, -111, 39, 59, -112]
[43, -122, -84, -128, 38, 127, 127, 29]
[127, -91, -127, -33, 127, 91, 81, 126]
[63, 38, -26, 123, 79, -94, -125, 90]
[-126, 74, 97, -38, -128, 28, 29, -128]
[-91, 127, 121, 91, -90, -128, -113, -62]
[-127, 83, 101, -32, -128, 24, 32, -128]
[127, -125, -128, -83, 127, 93, 81, 123]
[-1, -122, -67, -128, -4, 125, 127, 10]
[-128, 90, 107, -26, -128, -13, 27, -128]
[104, 30, -43, 91, 101, -43, -79, 88]
[117, -128, -128, -92, 120, 101, 89, 127]
[-40, -51, -15, -125, -46, 124, 124, -88]
[-128, 87, 123, -19, -128, -90, -30, -128]
[-45, 120, 80, 127, -37, -128, -128, -26]
[127, -77, -98, 49, 127, -31, -38, 127]
[89, -128, -120, -95, 85, 127, 114, 53]
[-78, -32, 31, -123, -89, 65, 111, -86]
[71, -128, -104, -128, 66, 127, 127, 42]
[21, 87, 29, 127, 24, -126, -128, 80]
[127, -93, -115, 31, 127, 58, -12, 127]
[59, -126, -92, -128, 49, 127, 127, 30]
[-106, -1, 61, -76, -109, 33, 76, -101]
[-124, 127, 127, 93, -116, -111, -95, -128]
[45, 47, -13, 125, 57, -121, -128, 88]
[40, -127, -70, -128, 32, 127, 127, 32]
[-126, 89, 96, -42, -128, 20, 34, -128]
[-78, 127, 111, 127, -69, -128, -128, -51]
[113, -38, -75, 48, 118, -45, -53, 127]
[13, 72, 44, 127, 26, -128, -126, 75]
[-108, 18, 75, -58, -115, 39, 50, -126]
[-84, 127, 118, 122, -73, -128, -128, -52]
[20, -128, -74, -128, 11, 125, 127, -6]
[65, -121, -94, -128, 49, 127, 127, 43]
[-128, 89, 114, -44, -128, -45, 41, -128]
[127, -128, -128, -89, 123, 117, 92, 127]
[127, -128, -128, -72, 127, 102, 72, 124]
[-92, -43, 32, -106, -95, 67, 90, -111]
[127, -83, -118, 14, 127, 70, 16, 127]
[127, -76, -110, 52, 127, 49, -52, 127]
[-9, -76, -40, -128, -23, 127, 127, -71]
[30, -128, -74, -128, 18, 127, 127, 5]
[100, 9, -60, 69, 107, -49, -60, 127]
[75, -128, -104, -128, 59, 127, 127, 48]
[83, -128, -112, -127, 72, 127, 127, 47]
[90, -128, -120, -128, 82, 127, 127, 55]
[98, -128, -123, -123, 93, 127, 127, 71]
[124, -128, -128, -87, 118, 121, 89, 123]
[-12, 98, 54, 127, 0, -127, -128, 55]
[127, -120, -128, -79, 127, 93, 82, 125]
[127, -98, -128, -55, 127, 80, 55, 127]
[127, -87, -124, 3, 127, 71, 13, 127]
[127, -82, -117, 50, 127, 49, -19, 127]
[-14, -69, -33, -128, -34, 127, 127, -73]
[114, -59, -83, 55, 121, -45, -55, 127]
[101, -16, -59, 64, 107, -50, -59, 127]
[65, -128, -97, -128, 53, 127, 127, 47]
[84, -128, -111, -128, 74, 127, 127, 52]
[57, 58, 11, 127, 72, -100, -128, 84]
[102, -128, -128, -114, 95, 127, 119, 70]
[-16, 125, 65, 127, -6, -128, -128, 42]
[127, -128, -128, -75, 127, 94, 80, 125]
[-85, -48, 24, -128, -87, 66, 127, -88]
[-75, 127, 108, 127, -64, -128, -128, -47]
[127, -86, -116, 40, 127, 61, 30, 127]
[-112, 127, 127, 87, -107, -125, -104, -85]
[-126, 127, 127, 82, -123, -115, -94, -123]
[109, -22, -73, 61, 114, -51, -61, 127]
[48, -128, -89, -128, 38, 127, 127, 49]
[-128, 102, 126, 51, -128, -80, -65, -128]
[59, 49, -10, 127, 77, -91, -124, 84]
[104, -128, -128, -108, 97, 127, 104, 66]
[-121, 70, 96, -52, -128, 20, 50, -128]
[-28, 127, 79, 127, -15, -128, -128, 14]
[-83, -49, 31, -128, -89, 60, 104, -87]
[-86, 127, 110, 127, -77, -128, -128, -52]
[-7, -96, -35, -128, -18, 127, 127, -65]
[-128, 127, 127, 81, -128, -107, -83, -128]
[-128, 118, 127, 68, -128, -82, -70, -128]
[75, -128, -101, -128, 64, 127, 127, 50]
[-128, 82, 116, -8, -128, -68, -9, -128]
[-128, 77, 108, -48, -128, -14, 44, -128]
[116, -128, -128, -88, 111, 127, 100, 109]
[-110, 33, 85, -59, -119, 49, 54, -128]
[-92, -45, 42, -103, -98, 56, 89, -105]
[127, -112, -128, -62, 127, 77, 66, 127]
[-56, -51, 15, -128, -75, 89, 125, -81]
[-22, -66, -23, -128, -38, 127, 127, -74]
[125, -74, -108, 49, 127, -8, -51, 127]
[22, -125, -79, -128, 11, 127, 127, -2]
[71, -128, -102, -128, 56, 127, 127, 51]
[67, 52, -19, 127, 78, -72, -118, 83]
[100, -128, -124, -117, 94, 127, 119, 62]
[127, -128, -128, -75, 127, 117, 80, 127]
[-27, 127, 85, 127, -20, -128, -128, 8]
[127, -120, -128, -69, 127, 78, 71, 127]
[127, -76, -112, 48, 127, 36, -23, 127]
[6, -96, -43, -128, -2, 127, 127, -46]
[107, -35, -70, 65, 113, -50, -62, 127]
[65, -128, -95, -128, 56, 127, 127, 51]
[-128, 74, 110, -51, -128, -18, 43, -128]
[14, 72, 42, 127, 24, -128, -128, 65]
[127, -128, -128, -70, 127, 107, 76, 127]
[127, -97, -121, -1, 127, 66, 19, 127]
[-96, 127, 122, 127, -92, -128, -125, -69]
[116, -62, -102, 64, 127, -13, -54, 127]
[57, -126, -89, -128, 44, 127, 127, 34]
[-128, 95, 121, -32, -128, -50, -12, -128]
[-10, 102, 40, 127, 3, -124, -128, 49]
[-41, -47, -5, -114, -53, 115, 127, -92]
[-128, 127, 127, 94, -128, -105, -92, -128]
[86, 43, -17, 127, 86, -58, -114, 94]
[110, -128, -128, -91, 109, 127, 101, 91]
[-91, -37, 48, -90, -96, 47, 74, -97]
[-107, 127, 127, 92, -104, -128, -103, -71]
[90, 36, -45, 99, 94, -49, -88, 91]
[116, -128, -128, -97, 116, 122, 96, 107]
[-89, 127, 112, 110, -83, -128, -125, -52]
[-128, 127, 127, 93, -128, -92, -93, -125]
[26, 56, 12, 127, 39, -128, -127, 88]
[-108, 127, 127, 96, -106, -127, -106, -87]
[44, -128, -77, -128, 36, 127, 127, 28]
[-125, 83, 98, -39, -128, 22, 33, -128]
[118, -93, -102, 31, 127, -7, -30, 127]
[66, 26, -26, 124, 82, -74, -107, 90]
[127, -122, -128, -84, 127, 92, 79, 124]
[67, 32, -15, 127, 80, -78, -120, 89]
[-100, 127, 122, 103, -99, -128, -111, -82]
[-118, 57, 91, -31, -125, 23, 29, -128]
[127, -100, -124, -17, 127, 89, 51, 123]
[48, -128, -83, -128, 30, 127, 127, 20]
[127, -93, -124, 25, 127, 54, -23, 127]
[-128, 127, 127, 93, -127, -106, -96, -128]
[-6, 91, 33, 127, 4, -128, -128, 15]
[-128, 119, 126, 63, -128, -98, -65, -128]
[107, -128, -128, -104, 100, 127, 109, 91]
[-34, -42, -8, -127, -39, 121, 127, -94]
[127, -128, -128, -98, 127, 103, 101, 124]
[65, 23, -21, 124, 80, -79, -118, 101]
[-119, 127, 127, 99, -119, -114, -100, -125]
[57, -128, -91, -128, 47, 127, 127, 24]
[-98, -25, 54, -106, -100, 39, 76, -102]
[-128, 122, 127, 86, -128, -100, -80, -124]
[-32, 121, 70, 127, -27, -128, -128, -24]
[108, -20, -63, 45, 110, -27, -44, 116]
[127, -128, -128, -97, 127, 103, 99, 124]
[85, 23, -29, 127, 91, -66, -106, 99]
[-126, 91, 100, -31, -128, 22, 27, -128]
[-102, 127, 120, 101, -104, -128, -106, -89]
[-112, 5, 61, -51, -109, 28, 48, -113]
[127, -98, -119, 24, 127, 54, 4, 127]
[68, -128, -98, -128, 64, 127, 127, 31]
[127, -95, -103, 25, 127, -12, -26, 127]
[-128, 112, 127, 82, -128, -97, -79, -128]
[-26, 126, 69, 127, -27, -128, -128, -24]
[44, -127, -78, -128, 31, 127, 127, 24]
[115, -128, -128, -99, 125, 119, 99, 126]
[-29, -61, -23, -128, -30, 127, 127, -90]
[16, 69, 28, 127, 18, -127, -127, 69]
[-68, 127, 98, 127, -68, -128, -128, -31]
[85, 24, -39, 127, 94, -58, -96, 100]
[-88, 127, 123, 103, -95, -128, -111, -54]
[23, -126, -68, -128, 28, 127, 127, 25]
[-122, 53, 91, -31, -124, 26, 29, -128]
[120, -26, -84, 32, 116, -26, -30, 127]
[52, 34, -7, 127, 52, -110, -127, 94]
[127, -96, -127, -12, 127, 87, 26, 126]
[40, 49, 12, 127, 46, -119, -128, 93]
[-116, 10, 78, -45, -109, 28, 47, -124]
[-120, 127, 127, 90, -126, -117, -94, -127]
[116, -128, -128, -89, 123, 119, 94, 125]
[127, -89, -125, 10, 127, 72, 18, 127]
[47, -127, -84, -128, 46, 127, 127, 31]
[127, -88, -123, 2, 127, 77, 22, 126]
[-118, 127, 127, 87, -121, -119, -92, -112]
[46, 41, -4, 125, 49, -113, -126, 94]
[-109, 127, 127, 85, -116, -125, -94, -99]
[44, -128, -75, -128, 38, 127, 127, 32]
[-123, 68, 86, -44, -120, 29, 42, -128]
[23, -127, -68, -128, 33, 126, 127, 30]
[67, 29, -29, 126, 83, -81, -113, 93]
[127, -128, -128, -90, 127, 89, 93, 123]
[93, 29, -49, 99, 89, -48, -84, 88]
[-128, 92, 120, -31, -128, -36, 14, -128]
[-57, 127, 89, 127, -55, -128, -128, -35]
[-128, 92, 127, 36, -128, -91, -53, -128]
[101, -128, -121, -89, 102, 127, 111, 68]
[-90, -34, 38, -116, -91, 60, 92, -94]
[-118, 127, 127, 96, -128, -113, -99, -110]
[122, -128, -128, -94, 126, 113, 95, 120]
[-86, -41, 30, -126, -88, 62, 110, -99]
[-111, 127, 127, 98, -119, -122, -110, -90]
[92, 41, -43, 100, 89, -49, -68, 101]
[101, -128, -121, -102, 106, 127, 113, 57]
[127, -101, -128, -36, 127, 85, 57, 127]
[127, -87, -114, 42, 127, 11, -34, 127]
[108, -37, -69, 54, 104, -47, -52, 125]
[27, 70, 29, 127, 20, -128, -128, 77]
[-115, 55, 83, -51, -112, 42, 42, -128]
[-76, 127, 106, 127, -75, -128, -128, -44]
[-128, 127, 127, 81, -128, -94, -89, -128]
[61, -127, -94, -128, 55, 127, 127, 43]
[-128, 86, 109, -42, -128, -16, 25, -128]
[-33, 127, 75, 127, -44, -128, -128, -40]
[127, -91, -122, 40, 127, 51, 0, 127]
[15, -127, -66, -128, 27, 127, 127, 4]
[98, -128, -124, -102, 101, 127, 119, 57]
[7, 97, 60, 127, 2, -128, -128, 70]
[127, -105, -128, -72, 127, 88, 77, 125]
[122, -76, -95, 46, 118, -38, -43, 127]
[-128, 127, 127, 81, -128, -89, -87, -128]
[53, 50, -11, 127, 56, -105, -128, 88]
[127, -128, -128, -86, 127, 100, 91, 127]
[-76, -40, 20, -128, -83, 79, 110, -90]
[-116, 127, 127, 93, -126, -114, -96, -114]
[95, 41, -30, 115, 88, -54, -86, 94]
[97, -128, -128, -99, 106, 127, 114, 73]
[-107, 18, 59, -63, -101, 46, 54, -118]
[127, -90, -117, 41, 127, 46, 0, 127]
[124, -62, -94, 43, 120, -32, -42, 127]
[63, -128, -100, -128, 57, 127, 127, 46]
[122, -128, -128, -88, 127, 109, 90, 127]
[-34, 127, 79, 127, -44, -128, -128, -38]
[127, -93, -124, 39, 127, 53, 2, 127]
[101, 20, -42, 87, 97, -48, -74, 106]
[-128, 89, 123, 17, -128, -80, -45, -128]
[11, 89, 41, 127, 5, -128, -128, 72]
[-77, 127, 115, 117, -87, -128, -128, -48]
[-32, -77, -46, -128, -20, 127, 127, -77]
[-128, 118, 127, 75, -128, -89, -82, -128]
[-126, 71, 87, -44, -122, 23, 45, -128]
[127, -128, -128, -84, 127, 93, 89, 127]
[-46, -44, -8, -128, -47, 111, 127, -83]
[64, -128, -104, -128, 65, 127, 127, 47]
[54, 51, -5, 127, 53, -106, -128, 89]
[127, -128, -128, -88, 127, 99, 90, 127]
[-63, -46, 1, -128, -62, 97, 127, -86]
[105, -18, -58, 66, 100, -47, -56, 111]
[68, 47, -13, 127, 69, -88, -112, 91]
[127, -128, -128, -89, 127, 104, 90, 127]
[-68, -47, 19, -128, -69, 84, 118, -89]
[-121, 127, 127, 89, -128, -107, -93, -128]
[70, 45, -26, 127, 75, -77, -105, 94]
[119, -128, -128, -91, 126, 110, 92, 127]
[-76, -45, 19, -128, -83, 72, 107, -92]
[-115, 127, 127, 92, -126, -114, -97, -117]
[79, 43, -27, 127, 87, -68, -84, 95]
[120, -128, -128, -93, 125, 116, 90, 126]
[-74, -43, 27, -128, -85, 70, 100, -96]
[-121, 127, 127, 93, -124, -115, -97, -116]
[31, -127, -78, -128, 44, 127, 127, 36]
[117, -128, -128, -95, 124, 118, 90, 122]
[127, -95, -118, 38, 127, 38, -11, 127]
[-114, 127, 127, 94, -124, -115, -96, -116]
[74, 40, -32, 127, 83, -71, -128, 97]
[-42, 127, 81, 127, -44, -128, -128, -37]
[-69, -39, 21, -128, -76, 75, 110, -96]
[-122, 127, 127, 93, -128, -111, -89, -127]
[-128, 89, 99, -41, -128, -16, 26, -128]
[-108, 6, 59, -61, -102, 43, 54, -108]
[-62, -45, 13, -128, -64, 87, 108, -93]
[60, -128, -95, -128, 59, 127, 127, 42]
[48, 46, -5, 127, 56, -100, -128, 93]
[127, -128, -128, -83, 127, 92, 93, 127]
[-44, -55, -6, -128, -39, 113, 127, -82]
[-128, 117, 124, 79, -128, -90, -86, -128]
[38, 64, 21, 127, 30, -119, -128, 84]
[-75, 127, 113, 126, -79, -128, -128, -48]
[-29, -64, -25, -127, -22, 125, 127, -76]
[-128, 101, 123, 73, -128, -91, -82, -128]
[-116, 41, 69, -50, -110, 42, 50, -125]
[-13, -78, -35, -128, -2, 127, 127, -44]
[101, -128, -116, -94, 104, 127, 114, 75]
[-4, 102, 53, 127, -16, -128, -128, 25]
[127, -93, -121, 5, 127, 74, 28, 127]
[90, 39, -37, 107, 88, -56, -88, 86]
[-128, 91, 109, -32, -128, -42, 4, -128]
[-41, 127, 89, 127, -43, -128, -128, -35]
[127, -92, -96, 40, 127, 8, -36, 127]
[60, -128, -101, -128, 61, 127, 127, 39]
[-122, 70, 84, -43, -122, 15, 39, -128]
[-78, 127, 101, 127, -74, -128, -128, -42]
[121, -27, -70, 52, 114, -39, -45, 127]
[85, -128, -115, -120, 88, 127, 127, 54]
[-109, 13, 67, -57, -105, 42, 50, -116]
[-96, 127, 118, 94, -99, -128, -121, -56]
[96, 31, -39, 102, 90, -49, -88, 91]
[117, -128, -128, -92, 122, 120, 99, 117]
[-71, -44, 22, -128, -76, 77, 111, -94]
[-125, 127, 127, 91, -128, -106, -87, -128]
[54, 43, -3, 127, 53, -98, -125, 92]
[-33, -57, -17, -128, -27, 119, 127, -82]
[-128, 107, 123, 64, -128, -89, -76, -128]
[-111, -3, 48, -76, -101, 43, 57, -105]
[127, -95, -124, -2, 127, 81, 36, 127]
[13, -109, -66, -128, 25, 127, 127, 16]
[120, -128, -128, -91, 127, 113, 101, 127]
[-51, 127, 86, 127, -48, -128, -128, -39]
[127, -87, -93, 40, 127, -4, -36, 127]
[27, 61, 22, 127, 26, -120, -128, 86]
[-110, 21, 63, -49, -110, 39, 50, -124]
[-93, 127, 113, 102, -97, -128, -117, -53]
[-128, 95, 121, -26, -128, -60, -4, -128]
[107, -128, -128, -91, 118, 123, 104, 108]
[-69, -40, 20, -127, -75, 76, 108, -95]
[66, -128, -96, -128, 65, 127, 127, 41]
[43, 49, 22, 127, 35, -113, -126, 89]
[127, -108, -128, -58, 127, 88, 68, 127]
[103, -5, -57, 76, 99, -47, -65, 112]
[-128, 91, 117, 8, -128, -76, -32, -128]
[-21, 110, 66, 127, -26, -128, -128, -5]
[-122, 127, 127, 93, -128, -109, -92, -125]
[54, -128, -87, -128, 52, 127, 127, 37]
[-127, 83, 93, -42, -125, 12, 38, -128]
[-36, -52, -12, -128, -33, 117, 127, -82]
[118, -41, -75, 48, 115, -39, -43, 127]
[85, -128, -116, -113, 90, 127, 127, 52]
[127, -94, -119, 11, 127, 64, 16, 127]
[-108, 127, 121, 90, -115, -119, -100, -92]
[76, 43, -23, 127, 80, -76, -107, 91]
[-65, 127, 105, 127, -60, -128, -128, -44]
[-128, 113, 125, 66, -128, -89, -74, -128]
[-103, 5, 45, -83, -99, 47, 70, -102]
[127, -89, -119, 5, 127, 62, 28, 127]
[19, -128, -74, -128, 30, 127, 127, 31]
[127, -128, -122, -92, 127, 104, 90, 127]
[-61, 127, 93, 127, -58, -128, -128, -42]
[118, -46, -70, 43, 114, -37, -43, 127]
[90, -128, -123, -107, 95, 127, 122, 61]
[-95, -36, 35, -100, -92, 60, 81, -92]
[-117, 127, 127, 92, -126, -108, -91, -120]
[51, 46, 2, 127, 62, -94, -99, 90]
[-74, 127, 106, 127, -73, -128, -128, -44]
[-24, -63, -27, -128, -26, 127, 124, -81]
[-128, 101, 126, 37, -128, -86, -60, -128]
[-99, -36, 35, -102, -93, 57, 77, -88]
[127, -90, -121, 35, 127, 44, -10, 127]
[40, -128, -82, -128, 43, 127, 127, 38]
[127, -121, -123, -89, 127, 91, 86, 127]
[-73, 127, 100, 127, -73, -128, -128, -43]
[107, 2, -51, 60, 103, -40, -71, 118]
[-17, 121, 59, 127, -30, -128, -128, -7]
[-77, -42, 30, -126, -88, 73, 102, -93]
[-123, 127, 126, 91, -128, -106, -88, -121]
[-127, 66, 81, -41, -123, 17, 41, -128]
[127, -128, -128, -87, 127, 90, 88, 127]
[-23, -81, -28, -128, -19, 127, 127, -81]
[-128, 93, 121, 14, -128, -73, -40, -128]
[-16, 121, 60, 127, -33, -128, -128, -16]
[127, -86, -101, 39, 127, 12, -30, 127]
[37, 49, 15, 127, 40, -117, -128, 89]
[-119, 39, 75, -46, -114, 38, 45, -128]
[-89, 127, 119, 108, -89, -128, -122, -47]
[-128, 93, 117, -31, -128, -38, 2, -128]
[115, -128, -128, -93, 124, 111, 93, 127]
[-58, -45, 11, -128, -63, 94, 115, -92]
[76, -128, -103, -127, 77, 127, 127, 43]
[18, 75, 27, 127, 15, -128, -127, 79]
[127, -95, -118, 6, 127, 61, 21, 127]
[62, 42, -9, 127, 67, -89, -126, 93]
[-126, 73, 85, -45, -127, 13, 42, -128]
[-77, 127, 111, 124, -79, -128, -128, -51]
[-128, 91, 119, 2, -128, -65, -36, -128]
[106, -128, -123, -92, 111, 125, 104, 95]
[-70, -39, 29, -128, -81, 76, 100, -96]
[63, -128, -98, -128, 63, 127, 127, 43]
[37, 45, 24, 127, 41, -113, -125, 88]
[127, -106, -122, -49, 127, 88, 55, 127]
[94, 32, -43, 106, 90, -60, -86, 92]
[-128, 90, 107, -32, -128, -36, 6, -128]
[-55, 127, 91, 127, -51, -128, -128, -38]
[-128, 102, 126, 62, -128, -91, -67, -128]
[91, -128, -116, -108, 92, 127, 120, 50]
[-86, -34, 34, -93, -93, 58, 80, -91]
[-119, 127, 124, 95, -123, -112, -95, -112]
[57, 47, 7, 127, 61, -96, -127, 90]
[127, -109, -128, -84, 127, 92, 79, 127]
[-8, -91, -55, -128, -4, 127, 127, -31]
[-128, 92, 108, -28, -128, -45, -7, -128]
[-51, 127, 87, 127, -46, -128, -128, -33]
[119, -41, -80, 49, 117, -34, -40, 127]
[93, -128, -115, -96, 97, 127, 113, 69]
[-88, -37, 36, -119, -89, 72, 98, -93]
[-126, 127, 127, 96, -128, -97, -93, -127]
[40, 57, 19, 127, 37, -114, -128, 89]
[127, -98, -124, -29, 127, 86, 45, 127]
[20, -116, -68, -128, 25, 127, 127, 18]
[17, 92, 50, 127, 4, -128, -128, 54]
[-63, 127, 93, 127, -62, -128, -128, -44]
[113, -35, -65, 49, 109, -39, -42, 127]
[-128, 54, 65, -47, -125, 19, 43, -128]
[-78, -36, 23, -125, -81, 73, 98, -95]
[-128, 127, 127, 93, -128, -97, -88, -128]
[110, -128, -126, -96, 120, 114, 90, 118]
[127, -106, -124, -32, 127, 87, 46, 127]
[16, -113, -72, -128, 26, 127, 127, 22]
[127, -128, -128, -90, 127, 92, 89, 127]
[-72, 127, 101, 127, -72, -128, -128, -46]
[102, 5, -49, 73, 99, -43, -66, 107]
[-47, 127, 83, 127, -40, -128, -128, -29]
[-58, -46, 11, -127, -60, 94, 124, -96]
[-128, 113, 125, 85, -128, -92, -75, -128]
[-86, -33, 32, -101, -91, 56, 82, -87]
[127, -94, -103, 29, 127, 33, -8, 127]
[61, -127, -97, -128, 56, 127, 127, 35]
[127, -94, -125, -32, 127, 87, 48, 127]
[-100, 127, 123, 87, -105, -128, -112, -76]
[68, 39, -10, 123, 76, -81, -86, 94]
[-77, 127, 112, 127, -80, -128, -128, -49]
[-15, -81, -29, -128, -8, 127, 127, -44]
[-128, 93, 105, -30, -128, -47, -11, -128]
[-54, 126, 86, 127, -48, -128, -128, -32]
[124, -38, -83, 49, 118, -35, -44, 127]
[90, -128, -122, -107, 93, 127, 121, 51]
[127, -97, -115, 30, 127, 36, -10, 127]
[-122, 127, 124, 94, -128, -103, -91, -125]
[39, 53, 20, 127, 38, -111, -128, 90]
[-106, 127, 127, 88, -110, -126, -103, -89]
[-128, 69, 82, -39, -124, 15, 37, -128]
[-81, 127, 111, 123, -82, -128, -128, -50]
[73, -128, -93, -128, 68, 127, 127, 39]
[-128, 92, 115, -29, -128, -42, 4, -128]
[-38, -48, -20, -126, -38, 114, 121, -89]
[-128, 94, 120, 1, -128, -74, -31, -128]
[-36, 123, 85, 127, -40, -128, -128, -28]
[119, -86, -91, 44, 120, -26, -42, 127]
[127, -128, -128, -91, 127, 90, 91, 125]
[-94, -32, 26, -110, -89, 63, 87, -88]
[-128, 127, 127, 94, -128, -102, -92, -124]
[36, 61, 17, 127, 36, -114, -128, 90]
[127, -88, -118, -7, 127, 74, 43, 127]
[42, -124, -80, -128, 38, 127, 127, 31]
[127, -120, -127, -88, 127, 92, 63, 127]
[-85, 127, 116, 110, -89, -128, -125, -51]
[83, 30, -35, 109, 90, -61, -94, 90]
[127, -128, -127, -92, 127, 98, 90, 125]
[-22, -72, -29, -128, -20, 127, 126, -66]
[-128, 90, 117, -30, -128, -52, -13, -128]
[31, 68, 25, 126, 29, -119, -127, 89]
[113, -39, -80, 52, 112, -36, -47, 127]
[101, -128, -123, -88, 108, 127, 105, 97]
[-61, -37, 4, -124, -67, 90, 112, -92]
[-128, 117, 125, 88, -128, -90, -78, -128]
[127, -90, -103, 29, 127, 21, -14, 127]
[72, -128, -99, -128, 71, 127, 127, 41]
[-103, -26, 54, -82, -97, 41, 77, -98]
[41, 52, 21, 126, 41, -111, -126, 91]
[127, -90, -124, -10, 127, 78, 34, 127]
[58, 44, 5, 125, 60, -94, -98, 91]
[-121, 58, 81, -43, -120, 26, 38, -128]
[-92, 127, 122, 97, -97, -128, -115, -64]
[85, -128, -110, -108, 93, 127, 119, 60]
[127, -128, -128, -91, 127, 90, 89, 125]
[-6, -96, -46, -128, 0, 126, 127, -27]
[127, -128, -125, -92, 127, 101, 89, 127]
[-64, 127, 91, 127, -65, -128, -128, -40]
[106, 25, -51, 69, 101, -40, -62, 113]
[114, -128, -128, -92, 119, 115, 94, 123]
[-43, -56, -6, -125, -44, 107, 126, -91]
[51, 41, -2, 124, 57, -98, -123, 91]
[-52, -38, -2, -125, -61, 93, 117, -91]
[119, -65, -79, 39, 121, -18, -39, 127]
[96, -128, -117, -101, 97, 127, 119, 71]
[-73, -37, 20, -127, -81, 75, 113, -90]
[-128, 126, 127, 89, -128, -88, -96, -124]
[3, 96, 51, 127, -2, -125, -127, 38]
[127, -92, -108, 28, 127, 30, -17, 127]
[-108, -6, 58, -76, -98, 41, 61, -104]
[-112, 127, 122, 93, -121, -115, -96, -111]
[41, 45, 20, 127, 50, -101, -121, 91]
[127, -104, -127, -39, 127, 91, 53, 127]
[27, -121, -76, -128, 36, 127, 127, 30]
[-123, 65, 83, -36, -122, 18, 37, -128]
[-89, 127, 120, 104, -97, -128, -121, -61]
[71, 32, -30, 125, 80, -76, -85, 92]
[-10, -98, -48, -128, -1, 126, 127, -33]
[-127, 93, 115, -29, -128, -38, 0, -128]
[-59, 127, 93, 127, -61, -128, -128, -37]
[106, -2, -42, 69, 102, -38, -77, 114]
[112, -128, -128, -92, 119, 115, 93, 123]
[-128, 102, 118, 44, -128, -90, -47, -128]
[-26, 127, 79, 127, -36, -128, -128, -28]
[8, -113, -69, -128, 24, 127, 127, 21]
[84, -128, -117, -115, 89, 127, 122, 51]
[-92, -32, 27, -112, -89, 61, 91, -87]
[99, 18, -47, 88, 91, -45, -77, 95]
[29, 75, 26, 127, 22, -124, -125, 87]
[127, -88, -118, 26, 127, 55, 3, 127]
[-128, 90, 113, -24, -128, -56, -14, -128]
[-111, 7, 62, -64, -106, 37, 63, -117]
[-115, 127, 123, 90, -122, -114, -97, -120]
[118, -128, -128, -89, 119, 119, 94, 121]
[127, -89, -117, -12, 127, 79, 33, 127]
[34, -124, -74, -128, 39, 127, 127, 32]
[127, -115, -125, -71, 127, 91, 71, 123]
[-87, 127, 117, 102, -93, -128, -111, -55]
[74, 34, -22, 123, 84, -71, -100, 90]
[-81, 127, 104, 126, -80, -128, -128, -49]
[-10, -93, -43, -128, 0, 126, 127, -36]
[-128, 92, 118, -32, -128, -38, 6, -128]
[-40, -58, -38, -125, -36, 113, 127, -89]
[109, -36, -67, 51, 105, -38, -56, 124]
[109, -128, -128, -89, 115, 120, 97, 114]
[117, -23, -69, 48, 113, -31, -41, 127]
[-128, 97, 119, 28, -128, -90, -44, -128]
[-36, 125, 76, 127, -38, -128, -128, -28]
[122, -58, -73, 42, 121, -17, -37, 127]
[89, -128, -119, -104, 96, 127, 120, 66]
[-85, -33, 13, -119, -90, 68, 97, -89]
[-126, 127, 127, 93, -128, -98, -89, -124]
[32, 68, 28, 127, 30, -118, -123, 89]
[127, -92, -119, -5, 127, 80, 28, 127]
[33, -128, -82, -128, 39, 127, 127, 31]
[-91, 127, 113, 102, -97, -128, -116, -60]
[71, 33, -22, 126, 85, -71, -100, 92]
[-13, -85, -38, -128, -12, 126, 127, -55]
[-128, 90, 119, -30, -128, -49, -9, -128]
[127, -93, -117, 11, 127, 64, 17, 127]
[114, -22, -72, 51, 109, -36, -51, 127]
[105, -128, -120, -88, 111, 127, 102, 102]
[-102, 127, 118, 90, -108, -128, -103, -86]
[-128, 102, 121, 43, -128, -89, -47, -128]
[-27, 122, 70, 127, -35, -128, -128, -25]
[5, -120, -72, -128, 23, 127, 127, 17]
[83, -128, -120, -114, 91, 127, 123, 53]
[-83, -34, 36, -111, -89, 60, 96, -85]
[72, -128, -97, -128, 72, 127, 127, 38]
[19, 86, 30, 127, 14, -125, -128, 69]
[127, -91, -118, 29, 127, 51, 4, 127]
[41, 72, 21, 124, 34, -113, -123, 89]
[-110, 29, 62, -55, -107, 37, 54, -123]
[-104, 127, 127, 88, -113, -126, -98, -94]
[58, 38, 3, 122, 62, -93, -123, 92]
[127, -110, -128, -86, 127, 91, 70, 125]
[10, -115, -53, -128, 13, 127, 127, -2]
[7, 98, 48, 127, -1, -125, -128, 43]
[-71, 127, 99, 127, -73, -128, -128, -44]
[99, 22, -47, 87, 95, -42, -75, 101]
[-60, 127, 92, 127, -58, -128, -128, -33]
[-40, -62, -21, -124, -33, 110, 127, -88]
[-128, 85, 123, 14, -128, -81, -25, -128]
[-56, -39, 9, -124, -62, 88, 115, -92]
[123, -62, -91, 41, 123, -10, -41, 127]
[86, -128, -110, -109, 93, 127, 121, 53]
[-80, 127, 108, 122, -86, -128, -124, -50]
[-128, 122, 127, 91, -128, -94, -74, -122]
[9, 99, 43, 127, -2, -125, -128, 45]
[127, -86, -107, 29, 127, 36, -18, 127]
[66, -128, -91, -128, 72, 127, 127, 38]
[-107, -8, 42, -68, -98, 39, 65, -109]
[48, -125, -82, -128, 47, 127, 127, 29]
[36, 59, 10, 125, 52, -99, -125, 92]
[127, -109, -128, -56, 127, 91, 51, 127]
[67, 33, -12, 124, 73, -78, -108, 92]
[127, -122, -126, -89, 127, 90, 79, 124]
[-79, 127, 111, 116, -91, -128, -124, -51]
[93, 30, -35, 108, 90, -57, -93, 89]
[125, -128, -128, -91, 127, 103, 94, 127]
[-28, -70, -22, -128, -23, 118, 124, -88]
[-128, 91, 115, -6, -128, -71, -11, -128]
[-48, 126, 87, 127, -46, -128, -128, -28]
[121, -50, -82, 46, 114, -29, -43, 127]
[97, -128, -126, -94, 106, 127, 111, 80]
[127, -93, -106, 34, 127, 9, -24, 127]
[-128, 127, 127, 90, -128, -89, -80, -125]
[2, 100, 45, 127, -8, -125, -128, 39]
[-124, 127, 127, 93, -128, -104, -92, -123]
[68, -128, -100, -128, 68, 127, 127, 36]
[-108, 2, 64, -64, -99, 40, 62, -110]
[-114, 127, 120, 91, -125, -116, -96, -108]
[48, 55, 2, 125, 44, -101, -123, 92]
[127, -103, -124, -33, 127, 89, 40, 127]
[61, 37, -18, 126, 66, -85, -115, 92]
[-81, 127, 114, 111, -91, -128, -122, -51]
[-127, 90, 95, -29, -128, -23, 31, -128]
[127, -128, -128, -92, 127, 97, 91, 125]
[-15, -83, -37, -128, -5, 125, 127, -52]
[119, -128, -128, -93, 127, 110, 93, 127]
[106, 0, -60, 65, 100, -37, -64, 118]
[-54, 126, 87, 127, -47, -128, -128, -27]
[-47, -54, -5, -124, -45, 104, 127, -91]
[-128, 94, 121, 41, -128, -90, -42, -128]
[-64, -37, 16, -124, -69, 81, 114, -93]
[126, -71, -85, 36, 125, 3, -37, 127]
[86, -128, -112, -115, 92, 127, 123, 51]
[127, -89, -94, 29, 127, 26, -25, 127]
[-128, 127, 125, 92, -128, -100, -91, -122]
[24, 73, 23, 127, 14, -123, -128, 87]
[-113, 127, 124, 92, -126, -113, -99, -117]
[54, -125, -93, -128, 54, 127, 127, 30]
[-113, 28, 72, -51, -107, 34, 51, -128]
[37, -123, -75, -128, 43, 127, 127, 31]
[54, 42, -6, 124, 53, -93, -127, 91]
[127, -111, -125, -66, 127, 90, 61, 125]
[70, 37, -24, 126, 77, -74, -108, 92]
[-123, 85, 85, -32, -128, -8, 34, -128]
[-78, 127, 108, 122, -89, -128, -128, -50]
[-128, 92, 102, -30, -128, -34, 18, -128]
[127, -128, -128, -90, 127, 102, 93, 127]
[-22, -82, -38, -127, -10, 124, 127, -61]
[-128, 91, 117, -28, -128, -55, -2, -128]
[113, -51, -73, 52, 104, -36, -60, 127]
[107, -128, -118, -87, 116, 127, 101, 105]
[-54, -39, 7, -124, -59, 89, 127, -93]
[-128, 114, 121, 75, -128, -91, -68, -128]
[-4, 116, 61, 127, -28, -127, -128, 11]
[127, -88, -96, 30, 127, 19, -30, 127]
[73, -128, -107, -128, 82, 127, 127, 43]
[-103, -16, 32, -91, -90, 42, 85, -94]
[-118, 127, 118, 92, -128, -110, -89, -124]
[37, 63, 18, 125, 29, -107, -126, 91]
[127, -91, -120, 2, 127, 70, 22, 127]
[53, -122, -82, -128, 49, 127, 127, 32]
[-119, 21, 68, -47, -112, 31, 46, -128]
[-101, 127, 127, 89, -111, -128, -109, -81]
[58, 40, -7, 124, 64, -85, -115, 93]
[127, -111, -122, -89, 127, 89, 77, 124]
[-2, -104, -51, -128, 15, 127, 127, -15]
[-128, 91, 110, -28, -128, -34, 27, -128]
[-69, 127, 97, 127, -71, -128, -128, -40]
[104, 7, -52, 79, 94, -39, -75, 109]
[116, -128, -127, -93, 127, 113, 93, 126]
[-40, -53, -12, -125, -36, 106, 127, -91]
[-128, 98, 119, 28, -128, -89, -34, -128]
[-62, -43, -1, -123, -61, 86, 116, -92]
[122, -68, -89, 38, 119, -10, -37, 127]
[80, -128, -117, -101, 103, 127, 114, 73]
[127, -91, -96, 31, 127, 10, -36, 127]
[-128, 123, 127, 89, -128, -90, -74, -125]
[9, 94, 35, 127, -9, -126, -128, 41]
[127, -91, -96, 28, 127, 37, -20, 127]
[69, -125, -99, -128, 72, 127, 127, 37]
[-108, 6, 53, -67, -99, 39, 69, -111]
[32, -124, -88, -128, 52, 127, 127, 30]
[45, 53, 16, 125, 44, -100, -124, 92]
[127, -99, -123, -39, 127, 91, 41, 127]
[59, 40, -10, 123, 60, -86, -118, 92]
[-123, 63, 75, -38, -118, 10, 39, -128]
[-87, 127, 112, 103, -101, -128, -116, -58]
[-128, 89, 97, -31, -128, -17, 35, -128]
[127, -125, -121, -91, 127, 93, 90, 125]
[-13, -90, -44, -128, -2, 126, 127, -48]
[121, -128, -126, -92, 127, 107, 90, 125]
[-63, 127, 97, 127, -63, -128, -128, -34]
[109, -18, -58, 67, 99, -37, -68, 118]
[-49, 127, 92, 127, -48, -128, -128, -28]
[-46, -46, -16, -125, -43, 102, 126, -91]
[-128, 94, 119, 35, -128, -90, -37, -128]
[-35, 125, 74, 127, -39, -128, -128, -27]
[124, -64, -82, 38, 121, -9, -39, 127]
[91, -128, -105, -107, 98, 127, 117, 63]
[-76, -33, 17, -123, -83, 66, 101, -88]
[-128, 127, 125, 91, -128, -94, -89, -123]
[11, 95, 45, 127, -5, -125, -128, 46]
[127, -90, -100, 28, 127, 37, -14, 127]
[-128, 94, 105, -30, -128, -51, -1, -128]
[-107, 1, 46, -75, -94, 39, 69, -105]
[-117, 127, 123, 93, -125, -114, -88, -117]
[46, 46, 13, 125, 34, -108, -124, 90]
[127, -93, -115, -19, 127, 84, 30, 127]
[43, -124, -67, -128, 40, 127, 127, 32]
[127, -102, -121, -56, 127, 90, 51, 124]
[-97, 127, 118, 95, -105, -128, -108, -71]
[71, 33, -18, 125, 70, -77, -114, 93]
[127, -123, -128, -88, 127, 90, 73, 124]
[-3, -101, -56, -128, 14, 127, 127, -17]
[-128, 89, 103, -29, -128, -32, 31, -128]
[-21, -77, -27, -128, -15, 120, 127, -64]
[104, 6, -53, 82, 93, -40, -79, 106]
[118, -128, -125, -93, 127, 112, 92, 126]
[-112, 127, 124, 92, -126, -119, -92, -113]
[-128, 90, 113, 0, -128, -74, -19, -128]
[-48, 126, 86, 127, -46, -128, -128, -27]
[-128, 103, 117, 39, -128, -90, -38, -128]
[102, -128, -117, -91, 111, 127, 106, 92]
[-65, -37, 3, -126, -69, 82, 116, -93]
[82, -128, -112, -113, 92, 127, 120, 52]
[-1, 99, 64, 127, -19, -126, -128, 25]
[127, -93, -93, 29, 127, 29, -32, 127]
[19, 81, 25, 127, 7, -125, -126, 66]
[-67, 127, 106, 127, -70, -128, -128, -37]
[-123, 127, 108, 92, -127, -104, -95, -124]
[-115, 9, 37, -68, -99, 39, 70, -113]
[127, -105, -125, 2, 127, 71, 13, 127]
[36, -127, -87, -128, 47, 127, 127, 30]
[127, -100, -119, -48, 127, 91, 43, 127]
[-93, 127, 114, 91, -105, -128, -111, -73]
[64, 36, -20, 124, 72, -79, -119, 93]
[-91, 127, 111, 114, -94, -128, -121, -53]
[2, -107, -59, -128, 15, 127, 127, -2]
[-125, 91, 100, -28, -128, -13, 30, -128]
[-6, -92, -48, -128, 6, 127, 127, -30]
[85, 27, -35, 107, 90, -51, -98, 90]
[127, -128, -126, -89, 127, 101, 88, 127]
[-36, -92, -41, -127, -6, 123, 127, -58]
[-128, 92, 108, -28, -128, -54, 1, -128]
[-56, 125, 98, 127, -58, -128, -128, -31]
[114, -33, -61, 53, 105, -35, -57, 127]
[103, -128, -125, -87, 113, 127, 99, 104]
[-49, -39, 0, -123, -63, 86, 119, -92]
[-128, 118, 114, 89, -128, -90, -71, -128]
[12, 83, 38, 127, -1, -128, -128, 63]
[127, -88, -108, 16, 127, 65, 5, 127]
[47, -126, -80, -128, 41, 127, 127, 32]
[-7, 104, 60, 127, -24, -128, -128, 28]
[-79, 127, 109, 127, -76, -128, -128, -47]
[107, -25, -67, 48, 102, -39, -62, 124]
[-82, -39, -6, -107, -89, 50, 82, -91]
[-116, 127, 127, 93, -128, -117, -95, -108]
[87, -128, -115, -116, 94, 127, 117, 52]
[127, -128, -114, -92, 127, 109, 92, 127]
[-44, -46, -1, -128, -46, 97, 127, -92]
[80, 37, -25, 114, 86, -59, -87, 88]
[24, 75, 32, 127, 11, -120, -128, 82]
[127, -98, -123, -35, 127, 88, 34, 127]
[96, 38, -31, 88, 90, -46, -90, 100]
[-23, 123, 74, 127, -41, -128, -128, -14]
[-117, 127, 125, 92, -128, -119, -93, -111]
[46, -128, -80, -128, 46, 127, 127, 37]
[-128, 83, 85, -38, -128, -23, 33, -128]
[-55, -46, -4, -128, -58, 86, 126, -94]
[127, -86, -82, 40, 127, 10, -44, 127]
[65, -128, -87, -128, 61, 127, 127, 40]
[127, -128, -125, -86, 127, 99, 87, 127]
[-68, 127, 92, 127, -67, -128, -128, -43]
[125, -60, -73, 47, 121, -10, -47, 127]
[73, -128, -100, -128, 72, 127, 127, 48]
[-122, 69, 79, -49, -122, 10, 49, -128]
[-68, 127, 104, 127, -68, -128, -128, -45]
[-128, 125, 121, 79, -128, -94, -64, -128]
[77, -128, -101, -128, 78, 127, 126, 51]
[-119, 54, 65, -50, -117, 19, 56, -128]
[-33, -52, -16, -128, -34, 107, 127, -79]
[-128, 122, 126, 79, -128, -94, -68, -128]
[76, -128, -102, -128, 75, 127, 127, 51]
[127, -125, -126, -81, 127, 96, 72, 127]
[123, -59, -62, 47, 119, -10, -45, 127]
[42, 52, 1, 127, 38, -104, -128, 87]
[-124, 71, 82, -48, -122, 9, 49, -128]
[-73, 127, 77, 127, -68, -128, -128, -44]
[126, -82, -73, 46, 124, 0, -45, 127]
[71, -128, -93, -128, 62, 127, 127, 46]
[-127, 83, 88, -46, -128, -13, 44, -128]
[-50, 127, 89, 127, -56, -128, -128, -42]
[127, -87, -94, 43, 127, 28, -39, 127]
[39, -128, -69, -128, 47, 127, 127, 42]
[-128, 85, 97, -42, -128, -48, 21, -128]
[-86, -35, 24, -106, -86, 55, 103, -96]
[127, -89, -107, 15, 127, 65, -4, 127]
[6, -97, -59, -128, 20, 127, 127, -18]
[93, -128, -113, -107, 100, 127, 106, 66]
[8, 90, 45, 127, -4, -128, -128, 56]
[127, -100, -120, -41, 127, 87, 29, 126]
[111, -22, -55, 54, 105, -41, -68, 127]
[-128, 104, 120, 70, -128, -87, -47, -128]
[27, 65, 25, 125, 24, -110, -128, 80]
[127, -128, -128, -82, 127, 100, 78, 127]
[-50, -46, 1, -128, -52, 92, 127, -87]
[-127, 127, 115, 88, -128, -109, -85, -128]
[-128, 87, 101, -41, -128, -35, 27, -128]
[115, -128, -117, -94, 125, 122, 94, 119]
[-70, -31, 26, -112, -85, 58, 105, -94]
[125, -78, -81, 43, 126, 6, -46, 127]
[100, -2, -45, 65, 101, -45, -80, 116]
[87, -128, -108, -115, 92, 127, 120, 51]
[127, -116, -121, -78, 127, 93, 61, 126]
[-80, 127, 101, 127, -74, -128, -128, -43]
[121, -79, -81, 43, 125, 2, -50, 127]
[56, 42, -2, 127, 68, -82, -119, 93]
[-128, 87, 81, -45, -128, -31, 27, -128]
[-32, 123, 69, 127, -41, -128, -128, -7]
[127, -91, -101, 6, 127, 71, 1, 127]
[-4, -94, -49, -128, 7, 127, 127, -43]
[-128, 110, 120, 61, -128, -88, -41, -127]
[-118, 58, 57, -45, -117, 15, 56, -128]
[127, -127, -123, -83, 127, 99, 78, 127]
[-84, -48, 2, -128, -56, 89, 127, -86]
[34, -128, -79, -128, 46, 127, 127, 29]
[85, 38, -26, 111, 85, -58, -106, 104]
[104, -128, -120, -106, 109, 127, 105, 79]
[127, -105, -114, -53, 127, 89, 39, 127]
[124, -61, -71, 46, 116, -17, -51, 127]
[70, -128, -85, -128, 66, 127, 127, 45]
[-128, 84, 91, -44, -128, -24, 38, -128]
[-41, 127, 76, 127, -47, -128, -128, -27]
[127, -94, -97, 27, 127, 56, -17, 127]
[14, -114, -54, -128, 23, 127, 127, -7]
[-128, 110, 121, 29, -128, -84, -24, -128]
[17, 68, 29, 127, 13, -117, -128, 74]
[127, -128, -120, -80, 127, 99, 72, 127]
[-45, -46, 4, -128, -56, 89, 127, -89]
[-122, 127, 109, 91, -128, -118, -93, -115]
[84, 16, -20, 102, 90, -51, -100, 109]
[87, -128, -116, -110, 101, 127, 105, 57]
[-115, 36, 62, -52, -110, 22, 62, -128]
[-71, 127, 102, 127, -67, -128, -128, -38]
[127, -84, -91, 41, 127, 31, -31, 127]
[18, -114, -65, -128, 28, 127, 127, 4]
[-128, 108, 105, 30, -128, -83, -36, -128]
[23, 59, 20, 125, 18, -113, -128, 75]
[127, -128, -121, -82, 127, 102, 83, 127]
[-94, 127, 105, 116, -92, -128, -119, -51]
[-128, 127, 123, 92, -119, -127, -97, -97]
[102, -4, -47, 79, 101, -47, -83, 121]
[86, -128, -91, -128, 83, 127, 127, 47]
[-126, 77, 74, -39, -128, -11, 47, -128]
[-49, 122, 79, 127, -42, -128, -128, -9]
[-99, 127, 115, 112, -99, -128, -117, -61]
[-11, -81, -53, -128, -13, 115, 127, -71]
[-128, 127, 118, 80, -128, -105, -79, -125]
[-128, 95, 101, -14, -128, -58, 3, -128]
[107, -128, -114, -113, 105, 127, 109, 81]
[-117, 32, 59, -57, -112, 19, 57, -128]
[-65, -39, -7, -126, -70, 80, 109, -97]
[127, -90, -97, 24, 127, 46, -11, 127]
[8, -105, -54, -128, 7, 127, 127, -28]
[72, -128, -103, -128, 73, 127, 127, 41]
[50, 48, -5, 122, 55, -94, -127, 93]
[122, -128, -113, -100, 120, 124, 101, 112]
[-98, 12, 33, -83, -102, 44, 87, -113]
[-76, 127, 93, 126, -80, -128, -128, -47]
[127, -78, -72, 35, 127, 27, -43, 127]
[25, -106, -77, -128, 26, 127, 127, 0]
[58, 39, -9, 127, 70, -82, -118, 101]
[24, 64, 40, 122, 24, -110, -128, 73]
[127, -128, -118, -88, 127, 108, 81, 127]
[-73, -23, 29, -123, -84, 66, 115, -96]
[-98, 127, 102, 108, -104, -128, -98, -68]
[112, -38, -39, 55, 114, -18, -59, 127]
[66, -128, -94, -128, 64, 127, 127, 37]
[-128, 90, 90, -24, -128, -49, 4, -128]
[-5, 94, 45, 127, -1, -125, -128, 54]
[-54, -48, -8, -125, -70, 80, 117, -97]
[-111, 127, 114, 108, -109, -128, -108, -88]
[103, -21, -45, 69, 106, -38, -78, 124]
[62, -128, -104, -128, 75, 127, 127, 41]
[-128, 85, 91, -32, -128, -37, 18, -128]
[-10, 79, 47, 127, -3, -125, -128, 54]
[127, -117, -120, -64, 127, 99, 53, 126]
[-50, -45, -8, -121, -62, 85, 124, -93]
[104, -21, -46, 73, 105, -35, -77, 126]
[73, -128, -104, -128, 72, 127, 127, 43]
[-128, 81, 93, -25, -128, -41, 17, -128]
[-8, 97, 58, 127, -4, -126, -128, 53]
[-66, -47, -5, -122, -66, 83, 120, -94]
[-108, 127, 117, 111, -111, -128, -107, -82]
[107, -26, -51, 72, 110, -28, -73, 127]
[67, -128, -99, -128, 64, 127, 127, 40]
[-128, 91, 90, -5, -128, -58, 39, -128]
[5, 93, 53, 127, 6, -120, -128, 60]
[127, -128, -113, -67, 127, 106, 64, 125]
[-71, -48, -14, -120, -63, 80, 110, -98]
[-111, 127, 123, 114, -108, -128, -112, -84]
[114, -41, -57, 67, 115, -14, -72, 127]
[59, -121, -98, -128, 54, 127, 127, 30]
[-128, 97, 99, 26, -128, -74, -20, -128]
[18, 70, 44, 127, 24, -108, -128, 67]
[127, -128, -120, -74, 127, 117, 77, 122]
[-87, -11, 28, -93, -92, 60, 96, -118]
[-89, 127, 108, 127, -88, -128, -126, -64]
[123, -69, -77, 51, 127, 20, -39, 127]
[35, -103, -64, -128, 29, 127, 127, 0]
[92, -128, -112, -127, 89, 127, 123, 60]
[26, 58, 33, 127, 35, -101, -128, 69]
[127, -128, -119, -86, 127, 116, 81, 123]
[127, -112, -87, -43, 127, 78, 32, 127]
[-85, 127, 117, 127, -85, -128, -128, -62]
[127, -75, -85, 46, 127, 31, -37, 127]
[19, -103, -81, -128, 17, 127, 127, -21]
[-128, 123, 125, 63, -128, -90, -50, -128]
[55, 56, -5, 125, 61, -86, -128, 79]
[112, -128, -115, -112, 111, 127, 110, 85]
[-111, 47, 48, -64, -114, 18, 65, -128]
[-53, 127, 98, 127, -56, -128, -128, -33]
[-47, -55, -3, -128, -60, 83, 124, -78]
[-29, -55, -3, -128, -38, 100, 127, -72]
[-124, 127, 112, 80, -128, -123, -89, -99]
[99, -23, -36, 70, 103, -46, -79, 127]
[76, -128, -117, -128, 73, 127, 127, 55]
[-128, 78, 86, -29, -128, -55, 24, -128]
[13, 75, 40, 127, 16, -119, -128, 70]
[-102, 21, 45, -62, -107, 38, 87, -128]
[-80, -10, 27, -96, -91, 57, 93, -108]
[-87, 127, 101, 127, -82, -128, -128, -59]
[127, -76, -72, 53, 127, 35, -35, 127]
[3, -82, -70, -128, -1, 127, 127, -56]
[-128, 127, 121, 73, -128, -105, -61, -128]
[93, -128, -107, -128, 90, 127, 117, 58]
[-124, 72, 74, -54, -128, -17, 49, -128]
[127, -128, -107, -68, 127, 103, 59, 127]
[127, -110, -105, -68, 127, 86, 41, 127]
[-43, -54, -14, -128, -55, 88, 126, -78]
[122, -63, -69, 57, 127, 12, -54, 127]
[108, -41, -53, 63, 114, -19, -68, 127]
[61, -126, -84, -128, 54, 127, 127, 40]
[101, -128, -103, -128, 86, 127, 119, 57]
[31, 61, 3, 127, 39, -99, -128, 74]
[117, -128, -117, -87, 121, 127, 97, 99]
[-75, 120, 91, 127, -55, -128, -128, -37]
[127, -97, -102, -18, 127, 76, 29, 127]
[1, -77, -49, -128, -7, 122, 127, -70]
[-124, 127, 115, 81, -126, -122, -91, -100]
[91, -2, -17, 62, 104, -47, -99, 127]
[89, -128, -112, -128, 86, 127, 127, 62]
[-128, 83, 88, -16, -128, -55, 9, -128]
[9, 85, 40, 127, 15, -116, -128, 71]
[-33, 122, 72, 127, -34, -128, -128, 11]
[-93, 7, 27, -84, -95, 56, 93, -117]
[-79, 127, 110, 127, -75, -128, -128, -53]
[-117, 127, 103, 103, -108, -128, -105, -71]
[-2, -80, -55, -128, -8, 121, 127, -70]
[-128, 127, 109, 77, -128, -112, -77, -124]
[-128, 97, 85, 38, -128, -76, -23, -128]
[87, -128, -110, -128, 84, 127, 122, 58]
[-127, 71, 90, -51, -128, -30, 32, -128]
[-114, 49, 54, -60, -114, 18, 61, -128]
[127, -128, -114, -74, 127, 109, 89, 127]
[-89, 1, 26, -90, -94, 56, 87, -111]
[-51, -51, -4, -128, -63, 83, 124, -86]
[127, -85, -88, 17, 127, 60, -12, 127]
[-24, -70, -37, -128, -26, 111, 127, -73]
[-126, 127, 119, 85, -128, -119, -95, -112]
[66, -128, -95, -128, 58, 127, 127, 50]
[-128, 98, 96, 29, -128, -78, -27, -128]
[-128, 77, 82, -47, -128, -38, 28, -128]
[108, -128, -105, -105, 110, 127, 103, 82]
[-120, 53, 67, -52, -123, -1, 50, -128]
[-29, 127, 93, 127, -42, -128, -128, -3]
[127, -128, -128, -72, 127, 100, 69, 127]
[-79, -11, 10, -106, -88, 60, 106, -106]
[127, -89, -80, 24, 127, 55, -15, 127]
[-9, -70, -42, -128, -18, 116, 127, -69]
[105, -4, -39, 64, 104, -39, -80, 127]
[69, -128, -95, -128, 56, 127, 127, 49]
[38, 50, 19, 127, 52, -93, -128, 81]
[108, -128, -112, -109, 107, 127, 104, 77]
[-122, 65, 49, -49, -125, -5, 55, -128]
[-22, 113, 69, 127, -17, -128, -128, 31]
[127, -128, -106, -74, 127, 102, 61, 127]
[-86, -21, 26, -101, -89, 58, 102, -109]
[-77, 127, 109, 127, -75, -128, -128, -48]
[127, -107, -111, 6, 127, 66, 0, 127]
[126, -80, -82, 47, 127, 24, -46, 127]
[119, -43, -54, 55, 116, -10, -58, 127]
[98, 19, -6, 78, 101, -45, -83, 125]
[-128, 122, 121, 64, -128, -99, -56, -127]
[82, 27, -12, 110, 84, -61, -107, 113]
[81, -128, -102, -128, 76, 127, 127, 49]
[-128, 106, 85, 5, -128, -68, -15, -128]
[34, 53, 27, 124, 49, -96, -128, 78]
[1, 83, 37, 127, 21, -111, -128, 59]
[-121, 59, 48, -50, -124, -7, 56, -128]
[-17, 114, 66, 127, -13, -128, -128, 39]
[-44, 125, 78, 127, -47, -128, -128, -11]
[-89, -4, 28, -105, -94, 56, 96, -111]
[-77, 127, 101, 127, -71, -128, -128, -44]
[-24, -61, -30, -126, -35, 107, 127, -77]
[-120, 127, 111, 95, -116, -128, -101, -96]
[-128, 127, 94, 86, -128, -116, -85, -111]
[25, -113, -80, -128, 21, 127, 127, -10]
[-128, 127, 122, 70, -128, -108, -70, -124]
[-128, 127, 109, 54, -128, -94, -61, -128]
[69, -128, -106, -128, 64, 127, 127, 42]
[-128, 108, 100, 30, -128, -74, -20, -128]
[50, 52, 9, 121, 56, -90, -106, 84]
[102, -128, -109, -126, 99, 127, 108, 76]
[-128, 73, 75, -37, -128, -33, 26, -128]
[11, 86, 36, 127, 16, -112, -128, 59]
[119, -128, -120, -92, 120, 126, 96, 102]
[-117, 51, 48, -70, -117, 7, 73, -127]
[-27, 112, 70, 127, -23, -128, -128, 30]
[-55, 119, 78, 127, -54, -128, -128, -15]
[-88, -23, 5, -101, -91, 61, 96, -116]
[-76, 127, 88, 127, -65, -128, -128, -43]
[127, -103, -91, -18, 127, 69, 5, 127]
[-41, -60, -19, -123, -52, 92, 114, -79]
[-102, 127, 118, 127, -96, -128, -123, -75]
[-117, 127, 114, 112, -111, -128, -108, -85]
[-1, -90, -49, -128, -15, 114, 127, -57]
[-123, 127, 122, 83, -124, -121, -86, -95]
[-128, 127, 110, 72, -128, -118, -76, -105]
[26, -91, -67, -128, 23, 127, 127, -14]
[-128, 124, 113, 59, -128, -104, -65, -127]
[-128, 104, 79, 45, -128, -82, -37, -128]
[82, -128, -105, -127, 75, 127, 127, 51]
[-128, 99, 84, 10, -128, -67, -14, -128]
[-128, 86, 83, -9, -128, -50, 5, -128]
[105, -128, -104, -128, 98, 127, 109, 80]
[-128, 71, 79, -43, -128, -32, 26, -128]
[-121, 59, 60, -56, -128, -22, 46, -128]
[116, -128, -115, -98, 113, 127, 103, 96]
[-113, 65, 50, -64, -122, -7, 60, -128]
[-110, 61, 34, -71, -115, 6, 65, -128]
[127, -128, -117, -69, 127, 121, 78, 110]
[-107, 44, 43, -73, -113, 22, 72, -128]
[-97, 39, 60, -74, -106, 33, 73, -128]
[127, -128, -100, -63, 127, 107, 71, 127]
[-96, 13, 28, -76, -102, 46, 81, -128]
[-95, 6, 18, -87, -91, 62, 93, -123]
[127, -128, -119, -64, 127, 89, 47, 127]
[-65, -16, 12, -109, -76, 72, 104, -102]
[-62, -57, -10, -126, -57, 84, 117, -80]
[127, -99, -84, -10, 127, 65, 4, 127]
[-38, -62, -8, -128, -55, 86, 127, -75]
[-27, -63, -27, -128, -46, 92, 122, -67]
[127, -75, -75, 30, 127, 46, -19, 127]
[-15, -67, -34, -128, -25, 106, 127, -63]
[-1, -67, -57, -128, -15, 114, 127, -59]
[116, -66, -77, 59, 127, 16, -58, 127]
[18, -77, -66, -128, 0, 122, 127, -61]
[-128, 127, 123, 74, -128, -124, -85, -93]
[109, -49, -40, 71, 116, -10, -72, 127]
[18, -103, -77, -128, 19, 127, 127, -31]
[-128, 127, 96, 68, -128, -115, -79, -112]
[102, -30, -47, 72, 108, -34, -69, 127]
[29, -111, -78, -128, 42, 127, 127, 2]
[-128, 127, 117, 63, -128, -108, -65, -128]
[-128, 127, 105, 67, -128, -105, -70, -128]
[52, -116, -79, -128, 51, 127, 127, 13]
[-128, 122, 83, 65, -128, -91, -47, -128]
[80, -128, -89, -128, 73, 127, 127, 54]
[-128, 121, 110, 58, -128, -75, -60, -128]
[-128, 109, 87, 45, -128, -73, -34, -128]
[87, -128, -101, -128, 80, 127, 127, 60]
[-128, 99, 81, 22, -128, -69, -12, -128]
[-128, 101, 103, 19, -128, -66, -20, -128]
[85, -128, -114, -128, 85, 127, 127, 67]
[-128, 96, 90, 21, -128, -68, -12, -128]
[43, 61, 17, 127, 59, -83, -119, 78]
[101, -128, -117, -128, 91, 127, 125, 70]
[-128, 88, 92, -5, -128, -53, 0, -128]
[34, 64, 17, 127, 47, -91, -128, 71]
[107, -128, -118, -128, 98, 127, 126, 75]
[-128, 78, 69, -28, -128, -50, 15, -128]
[-128, 80, 74, -27, -128, -49, 15, -128]
[106, -128, -111, -126, 101, 127, 119, 76]
[-127, 73, 78, -36, -128, -46, 26, -128]
[-128, 71, 91, -33, -128, -46, 24, -128]
[108, -128, -114, -124, 101, 127, 119, 76]
[-128, 80, 92, -17, -128, -54, 10, -128]
[-128, 76, 73, -33, -128, -46, 17, -128]
[110, -128, -116, -122, 105, 127, 122, 76]
[-128, 73, 82, -21, -128, -51, 24, -128]
[-128, 79, 86, -16, -128, -53, 12, -128]
[32, 70, 26, 127, 49, -91, -111, 73]
[-128, 78, 81, -6, -128, -56, 4, -128]
[-128, 97, 95, 23, -128, -67, -8, -128]
[95, -128, -108, -128, 88, 127, 127, 73]
[-128, 106, 99, 20, -128, -70, -13, -128]
[-128, 98, 94, 16, -128, -67, -11, -128]
[90, -128, -111, -128, 86, 127, 127, 73]
[-128, 95, 96, 7, -128, -66, -14, -128]
[-128, 102, 102, 15, -128, -67, -9, -128]
[95, -128, -102, -128, 88, 127, 127, 73]
[-128, 97, 91, 24, -128, -67, -22, -128]
[-128, 102, 95, 37, -128, -71, -22, -128]
[89, -128, -94, -128, 78, 127, 127, 65]
[-128, 111, 99, 38, -128, -73, -29, -128]
[57, 52, -3, 113, 69, -74, -116, 95]
[86, -128, -98, -128, 77, 127, 127, 64]
[-128, 111, 99, 46, -128, -72, -31, -128]
[69, 48, -3, 105, 72, -70, -104, 101]
[83, -128, -107, -128, 75, 127, 127, 60]
[-128, 109, 102, 52, -128, -77, -36, -128]
[67, 29, -19, 99, 74, -67, -114, 104]
[81, -128, -99, -128, 75, 127, 127, 57]
[-128, 109, 98, 49, -128, -73, -31, -128]
[72, 35, 9, 100, 73, -70, -107, 103]
[79, 33, 2, 94, 77, -65, -105, 109]
[-128, 112, 115, 58, -128, -83, -61, -128]
[85, 8, -20, 77, 87, -61, -91, 124]
[45, -128, -90, -128, 54, 127, 127, 20]
[-128, 127, 106, 62, -128, -102, -64, -128]
[95, -23, -27, 68, 101, -42, -76, 127]
[38, -109, -78, -128, 34, 127, 127, -12]
[-128, 127, 120, 65, -128, -107, -72, -128]
[102, -24, -37, 70, 109, -29, -70, 127]
[103, -47, -43, 71, 111, -22, -70, 127]
[-128, 127, 114, 72, -128, -116, -76, -115]
[107, -54, -61, 70, 116, -16, -65, 127]
[-128, 127, 103, 76, -128, -124, -89, -99]
[-127, 127, 117, 77, -128, -124, -86, -94]
[114, -63, -46, 71, 126, 2, -62, 127]
[119, -66, -57, 69, 127, 14, -55, 127]
[-128, 127, 111, 92, -117, -128, -101, -75]
[122, -61, -71, 63, 127, 24, -3, 127]
[125, -77, -82, 55, 127, 34, -27, 127]
[-113, 127, 118, 114, -106, -128, -121, -67]
[127, -72, -78, 50, 127, 36, -39, 127]
[127, -71, -80, 29, 127, 51, 9, 127]
[-108, 127, 99, 123, -98, -128, -123, -68]
[127, -86, -62, 3, 127, 65, 3, 127]
[127, -95, -91, -22, 127, 67, 12, 127]
[-91, 127, 111, 127, -84, -128, -128, -67]
[127, -112, -109, -48, 127, 74, 60, 127]
[127, -126, -112, -62, 127, 84, 52, 127]
[-71, 127, 97, 127, -65, -128, -128, -41]
[127, -128, -111, -61, 127, 93, 58, 127]
[127, -128, -106, -61, 127, 101, 66, 127]
[-50, 124, 91, 127, -49, -128, -128, 10]
[127, -128, -116, -65, 127, 109, 68, 127]
[127, -128, -120, -64, 127, 107, 67, 127]
[-42, 102, 69, 127, -36, -128, -128, 27]
[127, -128, -105, -67, 127, 119, 77, 115]
[-110, 60, 56, -71, -122, -1, 65, -128]
[-3, 84, 56, 127, 8, -117, -128, 62]
[122, -128, -113, -104, 117, 127, 97, 83]
[-123, 64, 69, -61, -128, -32, 31, -128]
[15, 68, 29, 127, 34, -99, -128, 64]
[105, -128, -120, -128, 97, 127, 127, 72]
[-128, 91, 81, 14, -128, -65, -8, -128]
[-128, 106, 94, 29, -128, -68, -22, -128]
[96, -128, -102, -128, 80, 127, 127, 69]
[-128, 125, 108, 56, -128, -74, -46, -128]
[77, -128, -91, -128, 64, 127, 127, 55]
[73, -128, -93, -128, 64, 127, 127, 36]
[-128, 127, 111, 59, -128, -101, -62, -128]
[98, -26, -35, 67, 105, -32, -70, 127]
[25, -104, -73, -128, 22, 127, 127, -31]
[-128, 127, 120, 74, -128, -122, -84, -104]
[-125, 127, 114, 82, -124, -127, -94, -90]
[5, -76, -49, -128, -7, 121, 127, -59]
[-117, 127, 119, 101, -113, -128, -104, -69]
[127, -76, -82, 43, 127, 45, -19, 127]
[-31, -67, -26, -128, -52, 91, 127, -69]
[-99, 127, 114, 127, -86, -128, -120, -66]
[-88, 127, 105, 127, -78, -128, -128, -64]
[-66, -34, 0, -108, -75, 75, 105, -98]
[-77, 127, 97, 127, -67, -128, -128, -47]
[-47, 123, 85, 127, -44, -128, -128, 5]
[-30, 108, 78, 127, -26, -128, -128, 40]
[-13, 88, 59, 127, -10, -128, -128, 61]
[-115, 58, 49, -70, -122, -5, 64, -128]
[-3, 83, 56, 127, 7, -119, -128, 63]
[8, 67, 47, 127, 23, -107, -128, 63]
[-124, 64, 38, -54, -128, -35, 27, -128]
[22, 65, 62, 127, 40, -98, -128, 65]
[44, 67, 41, 127, 59, -84, -127, 77]
[-128, 96, 84, 24, -128, -66, -21, -128]
[56, 44, 19, 121, 69, -75, -116, 97]
[83, -128, -113, -128, 72, 127, 127, 62]
[-128, 122, 116, 61, -128, -85, -49, -128]
[85, 3, -52, 81, 89, -59, -89, 127]
[95, -45, -45, 66, 104, -32, -76, 127]
[-128, 127, 123, 65, -128, -113, -73, -120]
[109, -62, -43, 68, 119, -3, -67, 127]
[120, -62, -40, 65, 127, 24, -40, 127]
[-115, 127, 127, 109, -109, -128, -109, -69]
[127, -77, -86, 33, 127, 47, -27, 127]
[127, -97, -97, -19, 127, 66, 14, 127]
[-92, 127, 113, 127, -84, -128, -128, -66]
[127, -128, -113, -62, 127, 78, 44, 127]
[-80, -5, 2, -84, -86, 66, 80, -119]
[-50, 120, 90, 127, -46, -128, -128, 5]
[127, -128, -116, -64, 127, 115, 81, 125]
[-111, 52, 44, -68, -124, -2, 70, -128]
[-5, 79, 62, 127, 10, -114, -128, 63]
[114, -128, -114, -110, 111, 127, 116, 73]
[-128, 80, 87, -28, -128, -52, -6, -128]
[-128, 103, 90, 30, -128, -67, -14, -128]
[89, -128, -121, -128, 80, 127, 127, 70]
[-128, 124, 112, 60, -128, -86, -26, -128]
[-128, 127, 88, 61, -128, -107, -68, -128]
[24, -107, -81, -128, 28, 127, 127, -26]
[-128, 127, 118, 76, -128, -126, -92, -97]
[-115, 127, 115, 108, -111, -128, -107, -70]
[-14, -68, -48, -128, -32, 103, 127, -62]
[-105, 127, 97, 127, -95, -128, -126, -68]
[-91, 127, 97, 127, -80, -128, -128, -64]
[-73, 127, 108, 127, -66, -128, -128, -33]
[-93, 18, 15, -68, -100, 42, 69, -128]
[-101, 34, 1, -70, -104, 31, 72, -128]
[-25, 92, 83, 127, -17, -128, -128, 49]
[-5, 85, 60, 127, 4, -120, -128, 63]
[-125, 65, 62, -67, -128, -25, 42, -128]
[18, 69, 42, 127, 37, -97, -128, 64]
[40, 61, 17, 127, 59, -84, -128, 79]
[-128, 94, 86, 27, -128, -68, -15, -128]
[68, 42, -8, 109, 74, -68, -107, 104]
[90, -9, -41, 67, 95, -49, -83, 127]
[103, -43, -24, 69, 112, -18, -69, 127]
[15, -81, -44, -128, -8, 119, 127, -59]
[-126, 127, 109, 95, -117, -128, -104, -78]
[127, -69, -66, 50, 127, 41, -31, 127]
[127, -97, -80, -21, 127, 65, 20, 127]
[-81, 127, 98, 127, -79, -128, -128, -64]
[127, -126, -90, -62, 127, 93, 65, 127]
[-105, 36, 32, -70, -105, 34, 74, -128]
[-28, 96, 64, 127, -15, -128, -128, 56]
[126, -128, -116, -92, 119, 127, 96, 89]
[35, 66, 37, 127, 54, -88, -128, 72]
[92, -128, -122, -128, 81, 127, 127, 69]
[69, -128, -86, -128, 59, 127, 127, 32]
[91, 3, -15, 68, 96, -45, -79, 127]
[27, -128, -72, -128, 22, 127, 127, -34]
[-124, 127, 122, 86, -122, -128, -97, -86]
[127, -66, -74, 48, 127, 42, -22, 127]
[-37, -63, -39, -128, -63, 85, 126, -69]
[-85, 127, 118, 127, -74, -128, -128, -65]
[127, -126, -107, -61, 127, 95, 63, 127]
[-95, 32, 39, -70, -103, 32, 71, -128]
[-19, 90, 45, 127, -9, -128, -128, 61]
[120, -128, -110, -103, 115, 127, 106, 79]
[-128, 71, 83, -29, -128, -50, 14, -128]
[44, 65, 15, 127, 65, -81, -111, 84]
[84, -128, -105, -128, 73, 127, 127, 67]
[-128, 127, 113, 61, -128, -96, -64, -128]
[100, -50, -43, 70, 109, -23, -73, 127]
[121, -60, -56, 67, 127, 25, -42, 127]
[-110, 127, 122, 113, -106, -128, -122, -70]
[127, -91, -78, -8, 127, 63, 9, 127]
[-58, -29, 4, -108, -77, 69, 103, -102]
[-64, 127, 96, 127, -56, -128, -128, -5]
[127, -128, -124, -64, 127, 118, 77, 123]
[-117, 63, 54, -69, -128, -17, 46, -128]
[28, 70, 38, 127, 44, -95, -128, 64]
[92, -128, -117, -128, 84, 127, 127, 67]
[-128, 127, 115, 62, -128, -91, -57, -128]
[8, -83, -51, -128, -4, 121, 127, -60]
[-110, 127, 119, 123, -101, -128, -126, -68]
[127, -103, -102, -31, 127, 69, 26, 127]
[-80, -5, 18, -91, -88, 63, 97, -116]
[-52, 114, 92, 127, -37, -128, -128, 25]
[127, -128, -125, -77, 127, 127, 92, 106]
[-123, 63, 67, -60, -128, -38, 43, -128]
[96, -128, -101, -128, 82, 127, 127, 67]
[82, -128, -112, -128, 70, 127, 127, 57]
[-128, 127, 104, 64, -128, -107, -67, -128]
[14, -85, -59, -128, 1, 122, 127, -60]
[-4, -71, -48, -128, -25, 105, 127, -62]
[-101, 127, 121, 127, -91, -128, -128, -70]
[-78, -14, 6, -98, -83, 67, 97, -112]
[-91, 21, 31, -69, -98, 43, 80, -128]
[-22, 103, 75, 127, -11, -128, -128, 57]
[118, -128, -124, -105, 113, 127, 102, 80]
[-128, 81, 85, -10, -128, -61, 17, -128]
[55, 35, -1, 117, 72, -70, -110, 100]
[68, -128, -92, -128, 58, 127, 127, 29]
[-128, 127, 117, 62, -128, -116, -67, -113]
[-114, 127, 116, 111, -109, -128, -108, -70]
[-19, -68, -21, -128, -45, 94, 127, -65]
[-90, 127, 107, 127, -78, -128, -128, -66]
[127, -128, -114, -63, 127, 99, 62, 127]
[-102, 47, 30, -70, -111, 16, 68, -128]
[102, -128, -113, -128, 95, 127, 127, 70]
[-128, 122, 104, 56, -128, -81, -45, -128]
[-128, 127, 127, 65, -128, -119, -76, -110]
[15, -85, -71, -128, -2, 122, 127, -60]
[-112, 127, 111, 120, -105, -128, -115, -68]
[127, -128, -113, -61, 127, 88, 56, 127]
[-84, 1, 7, -82, -92, 53, 87, -125]
[-21, 87, 68, 127, -12, -128, -128, 56]
[28, 69, 30, 127, 49, -92, -128, 65]
[-128, 96, 87, 20, -128, -66, -25, -128]
[82, -15, -17, 87, 88, -61, -89, 127]
[39, -118, -85, -128, 29, 127, 127, -22]
[-124, 127, 122, 87, -121, -128, -96, -85]
[127, -73, -80, 24, 127, 57, -10, 127]
[127, -128, -113, -62, 127, 85, 50, 127]
[-67, 127, 96, 127, -62, -128, -128, -20]
[127, -128, -117, -62, 127, 114, 79, 127]
[33, 69, 37, 127, 45, -95, -128, 63]
[90, -128, -117, -128, 82, 127, 127, 67]
[-128, 127, 102, 63, -128, -96, -62, -128]
[98, -45, -36, 70, 111, -18, -71, 127]
[7, -74, -46, -128, -11, 117, 127, -60]
[-109, 127, 116, 127, -98, -128, -124, -68]
[127, -123, -89, -55, 127, 77, 41, 127]
[-93, 31, 38, -74, -103, 33, 77, -128]
[-127, 69, 81, -60, -128, -36, 65, -128]
[107, -128, -120, -128, 98, 127, 123, 73]
[-128, 110, 102, 53, -128, -79, -38, -128]
[-128, 127, 123, 66, -128, -118, -82, -112]
[17, -95, -71, -128, -1, 125, 127, -58]
[-121, 127, 112, 119, -105, -128, -114, -69]
[-87, 127, 105, 127, -73, -128, -128, -52]
[-81, 8, 1, -83, -90, 57, 91, -122]
[-33, 99, 79, 127, -21, -128, -128, 50]
[22, 66, 45, 127, 35, -97, -128, 61]
[-128, 79, 68, -3, -128, -60, -6, -128]
[74, 13, 17, 95, 83, -65, -93, 118]
[110, -61, -50, 68, 122, 7, -58, 127]
[-122, 127, 114, 98, -116, -128, -106, -75]
[127, -86, -89, -7, 127, 62, 14, 127]
[-68, 127, 96, 127, -54, -128, -128, -6]
[-35, 105, 73, 127, -24, -128, -128, 46]
[120, -128, -110, -101, 116, 127, 113, 75]
[-128, 83, 76, 4, -128, -62, -11, -128]
[77, 8, -13, 93, 85, -65, -95, 122]
[39, -107, -70, -128, 27, 127, 127, -28]
[-124, 127, 117, 96, -114, -128, -104, -78]
[127, -103, -94, -17, 127, 65, 12, 127]
[-81, 3, 5, -87, -88, 61, 104, -121]
[-33, 92, 67, 127, -20, -128, -128, 53]
[-128, 98, 76, 26, -128, -68, -26, -128]
[87, -7, -9, 77, 95, -47, -88, 127]
[20, -94, -71, -128, 7, 127, 127, -54]
[-114, 127, 125, 118, -104, -128, -118, -75]
[127, -94, -85, -49, 127, 74, 33, 127]
[-49, 105, 84, 127, -35, -128, -128, 23]
[-13, 97, 71, 127, 2, -124, -128, 59]
[111, -128, -114, -128, 99, 127, 120, 76]
[77, 15, 3, 84, 86, -58, -98, 121]
[99, -56, -42, 80, 110, -20, -70, 127]
[-1, -78, -56, -128, -23, 111, 127, -61]
[127, -110, -106, -47, 127, 73, 35, 127]
[127, -128, -109, -60, 127, 99, 57, 127]
[-116, 61, 51, -74, -126, -10, 60, -128]
[-128, 107, 99, 49, -128, -74, -38, -128]
[74, -128, -90, -128, 56, 127, 127, 17]
[-128, 127, 121, 83, -128, -128, -83, -87]
[-77, -14, 3, -94, -81, 68, 103, -107]
[-32, 111, 82, 127, -22, -128, -128, 45]
[29, 74, 43, 127, 49, -93, -125, 72]
[-128, 101, 102, 36, -128, -70, -26, -128]
[85, -19, -25, 73, 97, -42, -81, 127]
[122, -71, -56, 58, 127, 32, -41, 127]
[-113, 127, 118, 124, -102, -128, -119, -75]
[127, -117, -111, -51, 127, 78, 37, 127]
[127, -128, -119, -71, 127, 124, 84, 109]
[101, -128, -116, -128, 90, 127, 127, 77]
[42, -119, -86, -128, 32, 127, 127, -24]
[110, -56, -55, 76, 124, 6, -69, 127]
[-19, -72, -32, -128, -47, 95, 127, -65]
[-83, 22, 22, -75, -92, 49, 87, -123]
[-104, 51, 48, -78, -117, 6, 71, -128]
[-124, 64, 70, -60, -128, -35, 41, -128]
[-128, 111, 101, 51, -128, -80, -43, -128]
[67, -128, -94, -128, 55, 127, 127, 19]
[-122, 127, 123, 83, -126, -128, -89, -87]
[127, -85, -83, 2, 127, 59, 1, 127]
[-69, -10, 1, -89, -81, 66, 102, -110]
[-40, 113, 84, 127, -29, -128, -128, 32]
[121, -128, -119, -98, 114, 127, 96, 82]
[83, -128, -110, -128, 68, 127, 127, 45]
[89, -27, -24, 74, 98, -39, -80, 127]
[4, -86, -65, -128, -8, 117, 127, -54]
[-102, 127, 120, 127, -90, -128, -128, -74]
[127, -128, -113, -56, 127, 92, 58, 127]
[-106, 58, 50, -77, -119, 4, 73, -128]
[-128, 85, 90, 12, -128, -63, -7, -128]
[-128, 127, 120, 64, -128, -113, -76, -120]
[-105, 127, 112, 127, -97, -128, -127, -76]
[-61, -51, -20, -116, -72, 72, 107, -97]
[-41, 116, 83, 127, -37, -128, -128, 31]
[26, 62, 32, 127, 48, -95, -128, 69]
[-128, 96, 97, 30, -128, -68, -13, -128]
[82, -14, -24, 70, 95, -43, -77, 127]
[127, -75, -77, 23, 127, 53, -13, 127]
[-98, 127, 126, 127, -88, -128, -128, -75]
[127, -128, -113, -60, 127, 103, 61, 127]
[111, -128, -106, -125, 102, 127, 120, 72]
[51, 62, 29, 127, 63, -75, -113, 91]
[52, -123, -99, -128, 41, 127, 127, -7]
[-25, -73, -34, -128, -45, 93, 127, -63]
[127, -102, -90, -35, 127, 71, 28, 127]
[-93, 29, 26, -73, -102, 33, 73, -128]
[-128, 78, 86, -24, -128, -57, 9, -128]
[101, -128, -108, -128, 88, 127, 127, 75]
[-128, 127, 111, 57, -128, -102, -63, -128]
[-110, 127, 127, 123, -100, -128, -126, -74]
[-56, -41, -10, -128, -64, 80, 118, -87]
[-56, 105, 87, 127, -45, -128, -128, 13]
[126, -128, -122, -99, 117, 127, 105, 78]
[-128, 93, 90, 35, -128, -68, -22, -128]
[90, -24, -25, 72, 99, -36, -79, 127]
[127, -82, -83, 7, 127, 57, -4, 127]
[-94, 127, 119, 127, -80, -128, -128, -71]
[127, -128, -121, -61, 127, 109, 61, 127]
[110, -128, -123, -128, 100, 127, 124, 75]
[49, 57, 19, 122, 66, -72, -118, 95]
[52, -117, -100, -128, 36, 127, 127, -8]
[-24, -74, -32, -128, -46, 94, 127, -63]
[127, -111, -105, -50, 127, 71, 29, 127]
[-91, 50, 33, -71, -105, 23, 70, -128]
[-128, 91, 88, 18, -128, -64, -11, -128]
[79, -128, -104, -128, 73, 127, 127, 53]
[-128, 127, 108, 75, -128, -125, -85, -96]
[127, -79, -62, 2, 127, 59, 4, 127]
