[-31, -37, 16, -100, -55, 47, 92, -66]
[76, -128, -83, -128, 56, 127, 127, 44]
[107, -128, -105, -96, 98, 127, 96, 89]
[-107, 41, 73, -61, -120, -18, 69, -128]
[-78, 20, 51, -40, -86, 22, 53, -112]
[-102, 127, 99, 127, -85, -128, -128, -52]
[113, -80, -85, 38, 127, 42, -48, 127]
[71, -123, -73, -128, 53, 127, 127, 43]
[-128, 114, 124, 8, -128, -94, 3, -128]
[8, 63, 17, 127, 26, -65, -116, 69]
[-36, 102, 56, 127, -18, -128, -128, 21]
[-91, 14, 54, -72, -98, 12, 60, -122]
[-128, 127, 110, 88, -128, -128, -9, -123]
[-48, 91, 32, 113, 0, -69, -92, -25]
[39, 36, -6, 94, 20, -81, -78, 100]
[122, -128, -113, -128, 92, 127, 127, 64]
[-57, -52, 20, -128, -74, 86, 63, -123]
[-43, 100, 54, 127, -24, -125, -114, 28]
[127, -125, -124, -63, 127, 102, -46, 127]
[-78, 18, 54, -77, -99, -27, 82, -123]
[-101, 48, 81, -50, -121, 11, 126, -128]
[127, -128, -128, -79, 127, 127, 107, 127]
[-68, -8, 42, -87, -72, 31, 111, -102]
[35, -97, -37, -120, 17, 90, 127, 14]
[-11, 53, 7, 106, 11, -58, -80, 50]
[127, -96, -107, 6, 120, 81, 43, 127]
[35, -101, -40, -128, 45, 127, 127, -18]
[-93, 25, 38, -46, -124, -54, -25, -119]
[-110, 115, 89, 68, -82, -104, -81, -66]
[72, -39, -64, 75, 111, -38, -80, 119]
[124, -128, -118, -121, 90, 127, 107, 72]
[31, -43, 3, -108, -53, 59, 127, -25]
[120, -128, -107, -128, 93, 127, 127, 68]
[-27, 109, 26, 127, 15, -128, -128, 9]
[127, -98, -120, -11, 127, 65, 52, 127]
[48, -57, -25, -117, 6, 117, 106, 9]
[-128, 95, 113, 6, -112, -65, -31, -128]
[19, 61, 3, 127, 29, -87, -107, 64]
[125, -101, -117, 6, 127, 69, 87, 127]
[31, -87, -25, -123, -16, 118, 103, -11]
[-121, 28, 58, -46, -118, 26, 28, -128]
[-103, 127, 96, 127, -66, -123, -128, -45]
[101, -33, -68, 65, 110, -14, -81, 123]
[104, -128, -103, -111, 97, 127, 121, 85]
[-101, -11, 63, -54, -96, -40, 43, -114]
[-60, 111, 65, 127, -41, -88, -128, -27]
[53, -107, -51, -128, 25, 108, 127, 14]
[-128, 125, 113, 56, -128, -67, 1, -128]
[24, 56, -1, 127, 34, -77, -128, 87]
[127, -120, -118, -79, 127, 127, 20, 122]
[3, -74, -25, -128, -12, 123, 127, -67]
[-128, 116, 118, 13, -128, -69, -32, -128]
[-74, 120, 76, 127, -55, -128, -110, -31]
[109, -27, -78, 55, 118, -23, -73, 127]
[108, -128, -118, -125, 100, 127, 127, 67]
[-106, 17, 59, -59, -117, 10, 75, -108]
[-83, 123, 90, 127, -79, -124, -96, -45]
[127, -99, -110, 0, 127, 67, 56, 127]
[75, -128, -67, -128, 46, 101, 117, 32]
[-85, 27, 75, -32, -100, 23, 33, -116]
[-79, 113, 64, 127, -48, -128, -128, 19]
[127, -127, -128, -62, 127, 127, 50, 118]
[-126, 84, 110, -57, -128, -44, 18, -128]
[11, 67, 9, 127, 45, -68, -128, 61]
[102, -127, -105, -124, 93, 121, 107, 68]
[-128, 109, 126, 35, -128, -77, -51, -128]
[45, 52, -31, 121, 72, -86, -128, 85]
[118, -128, -110, -98, 99, 106, 89, 100]
[-93, 16, 65, -71, -108, 37, 40, -118]
[123, -81, -102, 44, 127, 59, -14, 127]
[2, -61, -6, -128, -27, 102, 126, -63]
[89, -128, -78, -128, 65, 127, 127, 47]
[-114, 58, 78, -24, -120, -10, 36, -128]
[-89, 127, 104, 126, -76, -128, -128, -55]
[124, -82, -124, 15, 127, 58, -48, 127]
[104, -61, -92, 45, 110, 18, -59, 127]
[100, -37, -75, 53, 111, -18, -72, 127]
[59, 22, -41, 107, 88, -12, -128, 97]
[127, -128, -112, -91, 127, 116, 122, 127]
[-110, 111, 108, 62, -128, -114, -36, -125]
[-103, 11, 64, -56, -109, 14, 66, -127]
[127, -118, -115, -57, 127, 89, 26, 127]
[68, -124, -80, -116, 52, 115, 123, 41]
[-41, -5, 47, -90, -80, 10, 48, -94]
[101, -128, -98, -128, 79, 127, 127, 43]
[8, 68, 12, 127, 39, -61, -123, 76]
[121, -128, -118, -87, 123, 123, 113, 103]
[-99, 127, 86, 127, -68, -127, -128, -46]
[123, -71, -94, 51, 127, 45, -9, 127]
[112, -128, -105, -88, 104, 106, 93, 109]
[-100, 47, 73, -48, -104, -17, 61, -118]
[-98, 127, 104, 127, -74, -128, -128, -60]
[125, -99, -116, -6, 127, 68, 12, 127]
[-31, -47, 16, -128, -51, 103, 127, -82]
[-113, 127, 117, 91, -125, -128, -83, -99]
[100, -31, -71, 59, 109, 3, -67, 127]
[-128, 127, 127, 64, -128, -93, -46, -128]
[-128, 117, 122, 53, -128, -98, 7, -128]
[-3, 54, -5, 127, 46, -93, -128, 78]
[127, -113, -116, -69, 127, 91, 40, 122]
[41, -104, -55, -128, 35, 127, 127, 18]
[-59, 98, 35, 127, -14, -101, -128, 23]
[127, -126, -120, -64, 127, 94, 43, 125]
[-128, 127, 123, 98, -128, -112, -84, -128]
[92, -8, -55, 79, 94, -34, -98, 125]
[9, 56, -3, 123, 37, -91, -128, 83]
[-115, 84, 100, -33, -128, -48, 44, -128]
[20, -53, -26, -58, 12, 33, 36, 92]
[-73, 106, 44, -5, -109, -96, 9, -83]
[-42, 45, 23, -45, -72, -15, 16, -28]
[-9, 21, 8, -37, -14, -60, -39, -26]
[12, -6, 2, 13, 44, -1, -7, -2]
[-6, -5, -5, 14, 10, -27, 66, 5]
[11, 4, -1, 7, -1, -29, 28, -54]
[8, -9, -4, -2, 2, -9, -91, -57]
[6, -13, -6, -1, -4, 23, 25, -5]
[-34, -31, -10, -11, -9, -17, -45, -4]
[-11, 3, -1, 7, -13, -59, 1, 29]
[8, -8, -5, 10, -16, 2, 37, 13]
[3, 5, -2, 7, -2, 12, 30, 30]
[-2, 2, -2, 1, -1, 17, 31, -9]
[-1, -7, -1, 1, -13, 10, 20, 14]
[2, 10, 5, 13, -21, 15, 2, 46]
[12, 8, 1, -1, -3, -17, -7, -37]
[-18, -13, -6, -11, -28, -25, -126, -41]
[2, 9, 0, 0, -8, -9, 46, 27]
[0, 3, 3, 5, 22, 23, 31, -9]
[-2, -4, -4, -1, -12, 25, -21, 8]
[-1, 6, 1, 8, 0, -29, 28, 21]
[11, 9, 3, 11, 7, 44, 2, 27]
[-12, -7, -1, 1, 6, 31, -41, -23]
[-5, 4, 2, 1, 5, -18, 46, -2]
[1, -10, -7, -1, 14, 5, 36, 45]
[1, 6, 1, 9, -19, -21, 99, 47]
[-1, 1, 3, 5, -22, 3, -22, 11]
[7, 7, 0, 19, -3, -20, 3, 43]
[-8, 10, 3, 34, -5, -29, -40, 34]
[15, -11, -5, -19, 11, 16, 13, -9]
[0, -4, -4, -12, 4, 4, 1, 11]
[6, -17, -7, -31, 11, -28, -56, -23]
[-5, 13, 7, 8, -8, -50, -49, -35]
[79, -96, -43, -71, 72, 88, 102, 57]
[-6, -35, -7, -91, -39, 45, 101, -60]
[-120, 127, 119, 127, -117, -128, -107, -84]
[127, -76, -119, 22, 127, 62, -11, 127]
[-35, -51, 19, -128, -69, 88, 97, -88]
[-114, 127, 106, 127, -101, -128, -117, -74]
[120, -66, -99, 50, 127, 35, -47, 127]
[-116, 127, 106, 127, -102, -128, -121, -68]
[113, -69, -97, 54, 127, 22, -62, 127]
[-128, 127, 121, 69, -128, -123, -60, -119]
[84, -4, -57, 84, 101, -44, -83, 121]
[106, -128, -95, -91, 81, 127, 74, 90]
[-16, 4, -7, 44, 2, -22, -88, -27]
[-30, -5, 17, -21, -14, -9, 1, -23]
[-8, 23, 6, 73, 3, -71, -81, 44]
[-5, 5, 14, -11, -1, 11, 21, 25]
[-20, 24, 9, 48, -27, -86, -102, -12]
[-17, 13, -6, 88, 32, -54, -108, 21]
[54, -92, -47, -71, 60, 83, 85, 29]
[-54, 2, 35, -43, -72, 10, -7, -58]
[-97, 127, 88, 127, -69, -128, -128, -59]
[127, -102, -120, -26, 127, 100, 47, 127]
[-61, -12, 47, -85, -80, 19, 91, -97]
[-80, 4, 50, -84, -98, 21, 126, -128]
[127, -105, -116, -45, 127, 85, 29, 127]
[-24, -47, 7, -112, -34, 58, 120, -92]
[41, -108, -43, -128, 14, 127, 127, -14]
[82, -23, -65, 82, 104, 5, -52, 120]
[61, -116, -48, -128, 22, 111, 117, 35]
[-128, 127, 126, 68, -128, -110, -65, -128]
[2, 67, 2, 127, 24, -96, -128, 79]
[-20, -56, 0, -125, -35, 95, 127, -83]
[-128, 127, 120, 89, -128, -128, -86, -120]
[100, -37, -83, 64, 121, 12, -86, 127]
[92, -128, -88, -125, 70, 127, 125, 48]
[-90, 32, 73, -55, -115, 7, 61, -121]
[-98, 127, 84, 127, -77, -128, -125, -57]
[108, -60, -89, 58, 127, 8, -56, 127]
[93, -44, -71, 68, 110, 44, -62, 127]
[-128, 127, 127, 79, -128, -124, -92, -99]
[114, -59, -103, 53, 127, 37, -82, 127]
[-99, 127, 86, 127, -80, -128, -98, -70]
[120, -87, -102, 24, 127, 36, -37, 127]
[-125, 106, 110, 42, -128, -105, -64, -128]
[-128, 105, 123, 29, -128, -69, -28, -128]
[10, 70, -9, 127, 34, -107, -128, 66]
[-128, 97, 112, 0, -128, -57, 59, -128]
[15, 65, 0, 127, 47, -58, -128, 64]
[122, -128, -119, -105, 105, 124, 75, 83]
[-89, 24, 82, -63, -116, 11, 88, -118]
[-73, 127, 59, 127, -57, -88, -128, -45]
[-97, 127, 72, 127, -84, -127, -96, -43]
[-30, -43, 14, -128, -64, 44, 125, -89]
[127, -96, -109, 24, 127, 30, -21, 127]
[112, -67, -102, 42, 127, 52, -40, 127]
[-114, 127, 98, 90, -107, -108, -79, -97]
[31, -105, -37, -128, 2, 105, 78, -44]
[36, 59, -18, 122, 73, -71, -118, 83]
[98, -128, -85, -128, 75, 127, 87, 63]
[-128, 92, 119, 4, -128, -86, 31, -128]
[55, 23, -45, 93, 79, -67, -99, 100]
[102, -128, -91, -128, 86, 127, 127, 73]
[-128, 110, 127, 27, -128, -80, 19, -128]
[48, 45, -35, 112, 68, -65, -128, 89]
[-99, 33, 75, -48, -122, -21, 41, -128]
[-13, -64, 2, -128, -32, 119, 127, -71]
[118, -67, -102, 58, 127, 54, 2, 127]
[50, -110, -46, -128, 21, 127, 127, 17]
[88, -128, -92, -128, 66, 127, 127, 63]
[30, 65, -24, 125, 59, -52, -85, 71]
[127, -128, -118, -102, 111, 111, 66, 93]
[-14, 78, 7, 127, 19, -120, -128, 42]
[127, -108, -124, -26, 127, 83, 32, 127]
[127, -92, -114, -2, 127, 88, -23, 127]
[-4, -69, -4, -128, -26, 82, 119, -70]
[-113, 127, 114, 117, -105, -128, -107, -70]
[127, -117, -122, -54, 127, 92, 74, 127]
[-105, 48, 94, -81, -122, -37, 69, -128]
[-19, 100, 25, 127, -5, -128, -128, 62]
[127, -119, -119, -61, 127, 127, 52, 114]
[-43, -40, 40, -114, -72, 63, 125, -84]
[-128, 127, 111, 104, -109, -128, -86, -107]
[105, -43, -84, 45, 119, 13, -45, 127]
[17, -93, -34, -127, -3, 119, 127, -59]
[-128, 127, 117, 91, -115, -128, -88, -107]
[-128, 127, 127, 104, -128, -128, -102, -128]
[45, -106, -32, -128, 20, 127, 127, 9]
[-128, 107, 112, 48, -128, -75, -63, -128]
[-40, 102, 28, 127, -23, -122, -73, -26]
[124, -93, -116, -19, 127, 76, 2, 127]
[15, -92, -29, -128, 14, 117, 127, -56]
[-127, 127, 115, 83, -128, -123, -87, -110]
[73, 3, -55, 72, 94, 33, -113, 116]
[124, -128, -100, -92, 96, 103, 125, 122]
[-117, 85, 90, -25, -128, -34, -11, -128]
[-16, -68, 1, -128, -48, 95, 127, -85]
[55, -110, -51, -128, 32, 106, 127, 16]
[127, -128, -111, -93, 109, 101, 46, 117]
[-44, 106, 41, 127, -15, -128, -128, 31]
[127, -121, -122, -46, 127, 122, 76, 127]
[127, -117, -128, -34, 127, 119, -13, 127]
[-89, 127, 68, 127, -62, -127, -113, -50]
[13, 55, -10, 127, 51, -83, -128, 84]
[-76, 127, 68, 127, -66, -128, -108, -45]
[-28, -54, 19, -128, -49, 94, 127, -85]
[-128, 127, 115, 114, -123, -128, -122, -91]
[107, -57, -90, 66, 122, 38, 4, 127]
[30, -98, -33, -128, 9, 81, 127, 6]
[-128, 122, 127, 76, -128, -99, -86, -128]
[-124, 92, 104, 28, -128, -66, -18, -128]
[110, -128, -106, -122, 106, 127, 90, 59]
[-128, 97, 122, -8, -128, -40, -1, -128]
[-95, 53, 83, -57, -110, -2, 59, -128]
[-10, -56, 14, -119, -50, 71, 127, -82]
[91, -128, -76, -128, 62, 127, 127, 61]
[54, 27, -54, 119, 90, -15, -114, 107]
[79, -128, -61, -128, 54, 127, 127, 47]
[-128, 107, 114, 40, -128, -89, 10, -128]
[89, -128, -75, -128, 59, 127, 127, 54]
[-128, 117, 110, 55, -128, -103, -28, -128]
[35, 55, -27, 127, 70, -75, -117, 90]
[109, -128, -94, -126, 91, 119, 124, 63]
[12, -62, -7, -114, -15, 84, 97, 3]
[127, -128, -121, -99, 127, 98, 96, 127]
[-102, 127, 86, 127, -67, -128, -128, -50]
[123, -78, -99, 53, 127, 38, -13, 127]
[52, 23, -38, 100, 72, -59, -111, 99]
[-128, 108, 123, 37, -128, -101, -69, -128]
[-6, 86, 10, 127, 37, -111, -128, 56]
[-93, 127, 94, 121, -89, -128, -100, -43]
[-128, 127, 120, 83, -128, -110, -78, -128]
[-128, 109, 120, 57, -128, -96, 6, -128]
[85, -128, -81, -128, 62, 127, 127, 51]
[-116, 78, 91, -46, -128, -55, 36, -128]
[-79, 4, 61, -83, -87, 34, 55, -116]
[127, -108, -123, -16, 127, 84, 75, 127]
[-23, -66, 24, -128, -52, 92, 127, -87]
[-104, 127, 86, 127, -99, -128, -106, -61]
[110, -68, -97, 43, 119, 24, -45, 127]
[58, -120, -54, -128, 52, 110, 72, -5]
[44, -111, -48, -128, 13, 113, 127, -5]
[91, -21, -77, 74, 105, -9, -57, 127]
[108, -127, -91, -89, 88, 116, 127, 95]
[119, -66, -85, 39, 127, 36, -57, 127]
[55, 31, -51, 114, 76, -56, -113, 115]
[33, 39, -35, 104, 73, -56, -92, 84]
[35, 54, -23, 127, 58, -77, -128, 86]
[-126, 82, 117, -4, -128, -52, 66, -128]
[-63, -12, 48, -84, -90, 4, 95, -94]
[-119, 127, 97, 101, -94, -112, -120, -113]
[58, 24, -51, 105, 88, -53, -104, 123]
[116, -128, -109, -122, 104, 127, 119, 73]
[-111, 78, 100, -36, -123, -15, 28, -128]
[-52, -37, 42, -124, -90, 58, 110, -100]
[126, -85, -78, 24, 127, 22, 8, 127]
[92, -128, -89, -118, 66, 127, 115, 63]
[51, -111, -34, -128, 27, 117, 124, 16]
[-128, 108, 105, 41, -128, -106, 11, -113]
[-31, 93, 31, 127, -4, -98, -128, 18]
[127, -116, -128, -33, 127, 100, 4, 127]
[-12, -63, 12, -128, -42, 91, 125, -63]
[-114, 127, 101, 99, -105, -121, -92, -83]
[87, -13, -68, 71, 106, -19, -87, 110]
[118, -128, -93, -94, 101, 111, 70, 107]
[-77, 1, 51, -72, -93, 35, 77, -96]
[-114, 127, 99, 116, -96, -128, -120, -60]
[127, -122, -108, -87, 118, 114, 75, 119]
[-43, -47, 33, -123, -77, 72, 126, -95]
[-128, 127, 111, 86, -128, -111, -52, -128]
[50, 34, -39, 115, 77, -31, -128, 93]
[125, -128, -118, -102, 115, 127, 112, 78]
[127, -105, -119, -37, 127, 90, -3, 127]
[89, -19, -67, 61, 104, -28, -111, 118]
[-90, 20, 72, -63, -110, 27, 94, -116]
[-111, 127, 108, 97, -105, -128, -126, -65]
[90, -14, -74, 66, 109, -21, -67, 122]
[79, -128, -65, -128, 56, 127, 127, 51]
[-128, 119, 115, 52, -128, -76, -50, -128]
[3, 70, 1, 124, 28, -105, -128, 71]
[127, -124, -112, -81, 127, 114, 57, 115]
[-38, -61, 23, -128, -69, 70, 127, -86]
[-10, -65, 7, -128, -36, 78, 125, -75]
[119, -81, -107, 38, 127, 55, -45, 127]
[49, -111, -47, -128, 16, 126, 127, -1]
[98, -128, -92, -128, 83, 127, 100, 57]
[7, 70, -2, 127, 30, -98, -105, 68]
[127, -120, -122, -82, 127, 115, 57, 125]
[-128, 127, 107, 86, -116, -128, -21, -120]
[62, -4, -56, 82, 105, -26, -101, 98]
[-99, 127, 80, 109, -77, -118, -114, -64]
[-128, 103, 121, 5, -128, -84, -33, -128]
[121, -128, -98, -107, 98, 127, 118, 85]
[-91, 26, 73, -54, -116, -20, 84, -117]
[-41, -48, 35, -124, -75, 86, 127, -93]
[127, -92, -121, 9, 127, 72, -52, 127]
[22, -96, -29, -128, 0, 127, 127, -24]
[77, -85, -63, -43, 77, 87, 9, 86]
[-4, 11, -6, 127, 7, -68, 25, -72]
[-118, 122, 82, -36, -128, -108, -19, -103]
[-52, 49, 37, -77, -89, -34, -16, -27]
[-12, 3, 10, -37, -10, -24, 43, -21]
[-6, -1, 2, -7, -14, -34, 7, -11]
[9, 2, -3, 3, 0, 5, 29, -4]
[-4, 1, 0, 15, 24, 29, -54, -91]
[3, 0, 1, 11, 7, -1, 7, -26]
[1, -3, 0, 7, -3, 8, 38, -25]
[-5, 2, -1, 8, -7, -17, 4, -4]
[6, -13, -6, -2, 24, 31, -11, 11]
[4, 3, -8, 4, 1, -16, 62, 49]
[2, 6, -2, 13, 16, 29, -52, 14]
[7, -14, -5, -16, -6, 9, -3, 12]
[-7, 0, -2, -5, -10, -19, 39, -20]
[-1, 5, -2, 7, -1, 41, -37, 27]
[-4, 5, -1, 7, 1, -44, 78, 22]
[3, 6, 0, -5, -19, -51, -29, 3]
[1, -11, -3, -11, 14, 38, -8, -3]
[4, -1, 1, 10, 8, 51, 72, 7]
[-6, 3, -1, -15, 0, 25, 32, -47]
[-8, 8, 3, 1, -3, 38, -44, -13]
[7, -12, -6, -4, 26, -24, 16, 38]
[2, 1, -6, -5, -7, -36, 10, 2]
[4, -4, 0, 7, 12, -8, -53, -9]
[-6, -5, -1, -9, -13, -8, 45, -19]
[-1, 4, 2, -3, -28, -31, -44, -20]
[2, 6, 1, 13, 1, -14, 11, 33]
[1, -7, -3, -9, -23, -46, 6, -18]
[-4, 7, 3, 4, -1, 40, 34, 12]
[3, -3, -4, -2, 50, 48, -17, -4]
[1, -3, -1, -7, -3, -13, -17, -21]
[3, -3, 0, -5, -5, 16, -3, -6]
[-8, 1, -2, 2, -3, -50, -57, -22]
[3, 1, -1, -5, 5, 23, -41, -11]
[0, -5, 0, 0, -5, 9, 30, -1]
[0, -1, 1, 1, 28, 36, 8, -1]
[1, -15, -5, -19, -1, 20, -58, -42]
[-4, -10, -5, 0, 4, -13, -72, 8]
[-2, -9, -2, 1, -29, -30, -31, 6]
[-6, 20, 3, 0, -26, -9, 17, -5]
[8, -2, -5, 2, 16, 1, 24, 14]
[5, -2, -3, -4, -9, -3, 7, 10]
[0, 1, 2, 7, 11, 21, 24, 9]
[5, 6, -2, -1, 21, -9, -3, 5]
[-3, 7, 1, 4, 4, -8, 9, 22]
[0, 2, -2, 6, -9, -22, -49, 19]
[-7, 8, 5, -4, -12, 4, -18, -36]
[2, -3, -1, -4, -1, 45, 77, 13]
[-3, 4, 1, -2, 16, 58, 34, 0]
[8, -7, -6, -4, 5, -20, -4, 14]
[2, 1, 0, 3, -4, 1, 11, 16]
[-7, 5, 3, -1, 18, 20, -10, -22]
[3, 8, 2, 8, -9, -4, 44, 32]
[-11, -7, -1, -15, 4, 80, -41, -66]
[-1, -8, -3, 3, 10, 18, -56, 6]
[5, 2, 2, 6, -9, -9, 14, 28]
[-7, 2, 1, -9, 11, 20, 24, -42]
[0, 1, 0, 7, 3, -6, 2, 10]
[0, -2, -4, 0, 5, -11, -37, 9]
[9, -8, -2, -15, 7, 11, -1, -9]
[-8, 12, 5, 4, -9, 18, 79, -6]
[1, 5, -1, 6, -3, -16, -9, 14]
[-2, -1, -2, -1, -3, -48, -8, -3]
[-5, -3, -4, -6, 8, -35, -38, -54]
[1, 3, -2, 2, 8, 33, -19, 3]
[-1, 2, 0, 4, -29, -34, 23, 37]
[0, 4, 1, 8, 18, -26, 17, 19]
[-2, -3, 1, 6, 14, -20, -18, 1]
[3, -2, 0, 8, -6, 6, -19, 11]
[-3, -9, -2, -14, -14, -34, -53, -59]
[-4, 0, 4, -3, 0, 15, 18, -3]
[-2, 0, 3, 7, 0, -36, -8, 8]
[2, 1, 0, 1, -17, -40, 54, -1]
[1, -3, -2, -4, 8, -10, 20, -10]
[-1, -10, -6, -14, -11, 43, 1, -17]
[-5, 10, -2, 3, -14, 29, 35, 16]
[-4, 1, -2, 1, 9, 6, -11, 5]
[1, -10, -2, -2, 1, -14, 4, -2]
[-1, -1, -2, 4, 32, 48, 23, 11]
[7, -8, 0, -1, 21, -22, -4, -7]
[3, 9, 2, 4, -9, -29, 21, 11]
[0, 3, -1, -5, 15, -16, -13, -7]
[0, -11, -5, -13, -20, -37, -41, -19]
[0, -1, -1, 3, -17, -21, 11, 8]
[0, -5, 1, 0, -22, -12, -35, 4]
[-3, 9, 0, 6, 11, 20, 19, 12]
[6, -6, 0, -7, 22, 27, -62, -16]
[1, -7, 0, -2, 2, -10, -57, -5]
[-1, 5, 0, 10, 0, -8, 46, 36]
[-8, -3, -3, -7, -23, 15, 60, -10]
[4, 3, 0, -3, -5, 16, 39, 3]
[-7, -4, 2, 7, 7, 28, -10, 8]
[-2, 9, 3, -3, 0, -15, -14, -9]
[6, 2, -1, 5, -4, 32, 1, 14]
[2, 9, 0, 6, -28, -63, -7, 41]
[-1, -2, -5, -8, -10, 2, 35, -27]
[5, 0, 0, -1, 3, -12, 4, 1]
[-5, -1, -1, 1, -3, -20, -47, 2]
[2, 0, 0, -1, -12, -30, -67, -19]
[2, -5, -3, -10, -20, -62, 9, -15]
[-1, -14, -7, -19, -4, 20, 0, -26]
[-2, -9, -1, 0, -3, 12, -21, -4]
[4, 16, 3, 17, 12, -34, 96, 64]
[-2, -3, 3, 13, 38, 0, 24, 20]
[-11, 4, 1, -11, -16, 40, -63, -59]
[0, 7, 0, -2, -12, 17, 39, 15]
[-3, 0, 5, 0, -3, 75, 17, -12]
[1, -2, 0, -7, 17, 11, 21, -18]
[-3, 7, 2, 7, 4, 1, 45, 24]
[-3, -18, -7, -12, 14, 30, -53, -39]
[10, -1, -2, 7, 19, 4, -108, 43]
[-1, 9, 4, 11, -7, 5, 62, 11]
[5, -24, -9, -5, -3, 14, -16, 7]
[-3, 9, 7, 2, -24, -18, 35, 15]
[-3, 7, 1, -1, -25, -65, 30, 11]
[2, 4, 1, -6, -32, -26, -30, -1]
[-1, 4, 0, -8, -9, 9, -24, -49]
[1, -3, -2, 5, 17, -44, 33, 16]
[0, -3, -5, -11, -6, 16, 6, -25]
[-5, -2, -5, -14, 14, 25, -21, -59]
[-1, -7, 0, 4, 19, 80, 13, 16]
[1, -4, -1, 8, 0, 13, 90, 28]
[-3, -2, -3, -4, -22, -21, -57, 13]
[-4, -1, -1, -3, -1, 3, 28, 2]
[5, -5, -1, 3, 7, 10, 111, 19]
[4, -1, 1, 4, -10, -27, 15, 40]
[-2, -2, 1, 0, 7, -23, 0, -13]
[-4, -3, -2, -7, -5, 8, -19, -6]
[-1, 2, -1, 7, -18, 0, -43, -7]
[2, -16, -3, 5, 7, -17, -35, 18]
[-3, 8, -1, -1, -4, -1, 41, 7]
[-1, -1, 2, 4, -1, 3, 27, -12]
[2, 0, 0, -1, -2, -3, -22, 8]
[0, -9, -3, -2, -5, -4, -104, -24]
[-1, 7, -2, 2, 13, -5, -12, -5]
[0, -2, -2, -2, 16, 19, 17, 19]
[0, 1, -1, 0, -11, -23, 57, 30]
[2, -8, -4, -9, -16, -3, -92, 9]
[-2, -1, -1, -3, -7, 26, 70, -27]
[2, 1, -1, -3, 2, -9, 48, 14]
[-2, -11, -3, -5, 3, 0, -22, -21]
[2, 0, 1, 2, -4, 42, -13, 5]
[4, -2, -1, -2, 3, 11, -3, 4]
[-2, -1, -2, -4, -8, -46, 41, 0]
[-3, -2, -4, -4, 8, -59, -42, -23]
[7, 0, -4, 3, -8, -18, 48, 24]
[8, 9, 7, 2, -2, -5, 69, 16]
[-4, -2, -1, 0, -22, -13, -43, 20]
[-8, 6, 0, -1, -4, -2, -78, -33]
[2, -2, -5, 1, 24, 84, -30, -5]
[0, -6, -2, -11, -4, 11, -52, -1]
[-7, -2, -1, -15, 4, -2, 10, -55]
[-2, -1, -1, -11, -10, -22, -28, -27]
[-2, -8, -1, -4, -20, -81, -87, -20]
[2, 0, 4, 5, -11, 26, -28, 19]
[-2, 1, 1, 3, 1, -3, 29, -1]
[-6, 4, 1, -6, 1, 16, -28, -46]
[1, 2, 1, 5, -3, -8, -25, 3]
[2, -2, -1, 2, 7, -7, 99, 47]
[9, 0, -5, 3, 10, 10, 16, 33]
[1, -4, 1, -4, -5, 1, 7, -27]
[2, -4, -6, -5, 12, -48, 22, 8]
[-4, 3, 4, 4, -28, 17, -15, -2]
[1, 3, -2, 1, 1, 4, 19, 2]
[-2, -9, -1, 1, 6, 10, 22, 7]
[5, 4, 0, -4, -21, -15, 42, 17]
[-1, 4, -4, 1, -3, -18, 19, 3]
[-4, -10, -6, 0, -1, 7, -6, -5]
[3, 6, 5, 1, 32, 22, -43, -5]
[0, 2, 4, 0, 0, -17, -54, -9]
[-1, 4, 1, 4, 16, 21, 76, -17]
[-1, -13, -9, -12, -14, -19, 38, 3]
[-1, 2, -3, -2, 14, 10, -12, 5]
[-7, 0, 0, 1, -22, -15, 3, -8]
[7, 7, 0, 6, 30, 70, -31, 34]
[2, -7, -2, -16, -4, -16, -42, -22]
[-2, 7, 3, 4, 2, -7, 34, -9]
[0, 3, -2, -1, -5, 29, 39, -7]
[-1, 10, 4, 3, 6, -16, 34, -7]
[-6, 1, -4, -10, -13, -14, -24, -4]
[0, -8, -5, -8, -12, -2, 16, -17]
[-2, 4, 1, 5, -13, 2, -12, 34]
[6, 6, -1, -6, 11, 60, -24, 4]
[-3, -9, -5, -13, -6, 6, -30, -32]
[4, 0, -5, -7, 0, 24, 19, 12]
[-3, 5, 4, 3, 18, 30, 13, -6]
[0, 1, -1, 3, -1, -36, -31, -4]
[-5, -3, -2, 3, 42, -3, 23, -12]
[-7, 2, -3, 4, -26, -88, -43, 14]
[1, 2, 2, 6, -7, -12, 39, 18]
[2, -1, -2, -8, -10, -1, 20, -8]
[-4, 2, -2, 2, -11, -12, 44, 6]
[3, 0, 1, 1, 12, 36, 55, 18]
[7, -6, -4, -11, -5, -9, -78, 5]
[-4, 1, -3, 2, -10, 7, 3, -3]
[4, 12, 4, 5, 7, -21, 26, 0]
[-7, 2, 5, 6, 3, -3, -27, 0]
[-3, 2, -1, -7, -9, 1, 12, -26]
[7, 1, 1, -1, -6, 16, -34, 15]
[0, -8, -2, -11, -2, -6, -70, -39]
[0, 7, 1, 10, 5, -2, 4, 30]
[3, 1, 0, 0, 6, 14, -3, 10]
[-13, 5, 1, -14, -24, 13, -31, -81]
[2, -10, -4, 1, 2, 7, 27, 21]
[7, -8, -2, -3, -14, 1, 17, 3]
[1, 1, 2, -8, -4, -42, 21, -30]
[3, -5, -4, -13, -6, 27, -21, -26]
[2, -4, 1, 5, 16, 21, -3, 14]
[4, 1, -2, 0, -13, -25, 2, 6]
[0, 4, 3, 9, 4, -6, 1, 15]
[-4, 0, -3, -4, -1, 24, -35, -15]
[0, 5, 1, 7, 3, -5, -5, 20]
[-3, 8, 0, 6, -1, -6, 56, 18]
[-3, -2, 0, 5, 42, 14, 17, -2]
[-1, 2, 0, 1, 4, 20, 18, 7]
[6, -1, 2, -8, 6, 23, -14, -20]
[-5, 2, -1, 2, 16, -1, 21, 12]
[-6, -2, -2, -2, -14, 21, -22, -10]
[0, -5, -1, 1, -4, -36, 0, 7]
[-1, -1, 0, -5, -26, -64, 31, -11]
[2, 1, 2, 4, 21, 25, 11, 3]
[-3, 0, -5, -7, -5, 18, -23, -21]
[0, 0, -2, 0, -4, -16, -36, 1]
[0, 0, 4, 4, 4, 15, 11, 0]
[-4, -10, -2, -3, 13, 19, -7, -4]
[2, 7, 0, 2, 6, 19, 8, -2]
[-4, 5, -3, 2, 20, 72, 76, 3]
[-4, -1, -1, -8, -9, 7, -16, -45]
[-4, -8, -1, 0, 8, -7, -23, -13]
[4, 2, -2, 1, 0, -7, 23, 2]
[3, 9, -2, 0, -15, -3, -52, 24]
[-2, 3, 3, -3, 6, -13, 22, -3]
[1, -14, -5, -10, -6, -16, 21, 1]
[-10, 0, 0, 8, 17, 7, 24, -6]
[-4, 5, 2, 1, -11, 4, -17, -16]
[-1, 0, -2, -4, 0, 60, -16, 3]
[-3, 4, 4, 0, 17, -12, 11, -6]
[4, 2, -3, 6, 7, -24, -2, 1]
[5, -9, -3, -16, -16, -24, -41, -8]
[-2, 9, -2, 6, -15, -16, 25, 39]
[-3, -5, 0, -5, -10, -8, -18, -39]
[-4, -1, 3, 1, -4, -16, -64, -11]
[-1, -3, 0, -3, -6, 9, 8, 6]
[-2, 5, 1, 0, -18, -21, 16, -1]
[-6, -4, 1, 5, -18, -25, -6, -27]
[-2, -6, -3, 2, -2, 4, -31, 11]
[3, -2, -2, -2, -6, -11, -7, 10]
[-5, -3, -2, -9, -4, -22, -44, -26]
[-2, 1, -1, -2, -5, -3, 10, 8]
[-1, -1, 0, 4, 3, 36, 20, 14]
[-1, -4, 2, -14, -18, -38, -72, -75]
[2, -13, -1, 0, -5, -1, 44, 18]
[3, 3, 1, -1, 23, -9, -7, -3]
[7, -2, -2, 3, 24, 22, 14, 12]
[-7, 7, 4, 1, -14, 15, -4, 7]
[2, -4, -1, 15, 10, 5, 17, 53]
[5, 5, 1, 2, -4, 3, 34, 11]
[3, -1, -1, -4, -7, -5, -24, -7]
[3, 7, 1, 6, 14, -22, -36, 24]
[0, -11, -3, -8, 4, -25, -1, -18]
[1, 6, 0, -1, -13, -31, 30, 12]
[-5, 1, 0, -3, -9, -18, -2, -13]
[-1, -8, -3, -5, -9, -35, -36, -2]
[3, 8, -1, 1, -12, -1, 61, 8]
[3, -8, -4, -4, 4, 14, -9, -7]
[0, -9, -2, -11, 8, 8, -23, -26]
[5, -5, 1, -6, 16, 8, 24, -6]
[-3, 1, -2, -3, -7, -19, -50, -25]
[3, -5, -3, -1, 1, -1, -3, 23]
[-8, -1, 1, -4, 2, 20, -6, -43]
[-1, -3, 0, -6, -7, 2, -9, -20]
[4, 1, 0, -1, 1, 2, -31, 13]
[-3, -7, -2, -15, -9, -11, -90, -47]
[5, -7, -2, -3, 14, 13, -14, 4]
[-13, -10, -3, -3, -6, -12, -25, -36]
[-4, 5, 2, 2, 13, -11, -17, -8]
[2, -8, -2, -9, 13, 18, -27, -29]
[3, 1, -3, 7, -3, -6, 56, 51]
[-5, -1, -3, -2, -6, -11, 28, 5]
[-4, 8, -2, -7, -7, 8, 12, -25]
[-1, -9, -1, -8, 5, 26, -30, -36]
[2, 6, -1, 11, 5, -8, -4, 44]
[3, -3, -1, -1, 19, 4, 23, 2]
[-5, 5, 0, 2, -40, -61, 0, 2]
[6, -3, -2, -15, 6, -1, -7, -8]
[-6, 8, 2, 0, 30, 23, 15, -30]
[-3, -3, -3, -2, 1, -11, -52, -11]
[3, -3, 1, 5, -9, -31, -60, 19]
[-5, 13, 3, 13, 4, -33, -23, 10]
[6, -5, 1, -5, -16, -39, 21, 6]
[-6, -4, -2, -10, -19, 24, 49, -24]
[-10, 9, 7, 0, 6, 75, -6, -22]
[-4, -6, -3, -15, 11, 24, -51, -42]
[-1, 0, -1, -2, 0, -21, 11, 6]
[-2, -14, -1, -8, -12, -70, -68, -27]
[-4, 4, 5, -7, -6, -6, -55, -41]
[-2, -8, -5, 3, 0, -29, 15, 22]
[1, 0, -2, -4, -1, 15, -6, -7]
[5, -2, -4, -10, -8, 19, 41, -11]
[-1, -17, -3, -15, 26, 29, -14, -38]
[5, 2, 1, 1, -21, -8, -23, 9]
[-2, 4, 2, -3, -13, 2, 14, 4]
[0, 6, 4, 10, 12, -15, 55, 32]
[4, -3, -5, -1, 3, -78, 44, 9]
[-1, 1, 2, 2, -16, -18, -31, 5]
[1, 6, 3, 5, -2, -7, 1, 8]
[-8, -1, -5, -12, -22, -2, -18, -34]
[2, -1, 0, 3, 15, 22, 59, 15]
[6, -7, -3, -9, 1, 2, -28, 15]
[5, -2, -4, 1, -4, -34, -29, 14]
[-4, 5, 2, 3, -18, -6, -10, 0]
[-9, -5, -4, -1, -4, 16, 26, -9]
[-1, -10, -1, 4, 0, 5, -6, 17]
[-1, 5, -1, 12, 2, -1, -15, 84]
[1, 7, 1, 10, 7, 32, 4, 15]
[-3, -1, 4, 2, -9, 14, -17, -15]
[4, -5, -2, -2, -16, -58, -30, -1]
[0, -5, -3, -5, 23, 13, -10, 6]
[0, -9, -7, 0, 19, 31, 4, 4]
[-1, -3, -1, -11, -8, -10, -18, -48]
[-2, 1, -2, 2, -34, -19, 2, 29]
[-1, -2, 0, -4, 25, 16, 11, -2]
[-7, 0, -2, -4, -5, 12, -21, -20]
[1, -5, -1, 2, 5, 12, 27, 7]
[-4, -7, -4, -4, -8, -43, -4, -19]
[-4, 12, 6, 8, 1, 65, 0, -8]
[0, 3, 0, 0, -14, -30, 20, 9]
[5, -3, -3, -6, -15, -60, -9, -11]
[1, -10, -4, -8, 22, -1, 28, -4]
[3, -3, -1, 2, 1, 12, 17, 11]
[4, 9, 3, 4, -5, -21, -9, 3]
[5, -6, -4, -1, 2, -18, -25, 1]
[0, -4, -3, -1, 14, 5, -7, 10]
[-3, 2, 3, -8, -9, 82, -42, -28]
[-6, -5, -4, -17, -18, -20, -50, -22]
[8, -20, -8, -20, 3, 17, -27, -13]
[-7, -9, 0, -12, 0, -37, -63, -45]
[-5, 7, 5, 7, -10, -22, -69, -23]
[2, 0, 3, -2, 22, 3, -11, -2]
[2, -6, -5, -5, 1, -1, 11, -3]
[0, -6, 0, -2, -3, -8, 16, -8]
[-5, -9, -4, -10, 5, -29, -39, -47]
[-6, 10, 4, 1, -2, 28, 22, -15]
[-2, -1, -2, 2, 0, 53, 54, 14]
[0, 2, 1, 0, -2, 9, -11, -9]
[8, -13, -5, -17, -19, 7, -67, -2]
[2, 0, 4, 14, 4, 35, 62, 11]
[-1, 3, 0, 4, 14, 19, 0, 5]
[-4, -2, -2, -5, -2, -6, -3, -28]
[-4, -2, -2, -8, 4, -7, -6, -11]
[-1, -3, -4, -8, 0, -2, 22, -8]
[1, 6, -2, -3, -6, -12, -9, 10]
[3, 5, -2, 8, 8, 16, -22, 21]
[-9, -1, -1, -5, 7, 6, -4, -29]
[-2, 10, 1, 5, -3, -14, 40, 25]
[1, -2, -3, 8, -3, -23, -12, 17]
[6, 1, 3, 14, -16, -72, 24, 42]
[2, 5, 1, 6, 15, -17, 34, 22]
[0, -5, -1, 1, 5, -3, -70, 7]
[7, -6, -2, 4, 14, 36, -1, 20]
[-1, -4, 1, -4, 10, 25, -51, -21]
[-2, 6, 3, 7, 2, -2, 20, 23]
[-3, 0, -2, -2, -6, 3, 26, -9]
[2, -1, -1, -3, -5, -12, 17, 7]
[-10, 6, 2, 6, -10, -4, 15, -15]
[1, 12, 2, 2, -2, 9, -4, -4]
[-2, 6, 0, -1, -1, 5, 37, -22]
[5, 4, 1, 6, 22, 52, 36, 26]
[-2, -9, -1, -9, -8, 37, 1, -16]
[0, -11, -7, -4, -3, -1, -1, -2]
[-5, 0, -1, 3, 8, -6, -5, 7]
[1, -3, -1, 2, 7, 5, 3, 6]
[-4, 3, 0, 0, -10, -15, 37, 22]
[-8, 4, -1, -4, -17, -30, 4, 0]
[-3, -4, -4, 3, -5, 0, -13, 26]
[-7, 10, 5, 2, -14, -4, 9, -7]
[3, -8, -3, -10, 10, 40, 72, 4]
[3, -13, -5, -14, 20, 2, -7, -23]
[2, 4, 2, 10, 10, 15, -35, 10]
[3, -10, 0, -7, 6, 11, 14, -17]
[-3, -12, -7, -14, -1, 25, -45, -19]
[0, 1, -2, 2, 2, -3, -8, 3]
[3, 14, 5, 6, -7, -9, -45, -18]
[3, -4, 0, 0, -10, 28, -12, 6]
[-3, 9, -2, 14, 17, -16, 77, 5]
[-2, 3, 1, 14, -16, -21, 10, 65]
[-1, 7, -1, 4, -18, -38, 35, 18]
[0, -5, -1, -3, 2, -37, 55, -15]
[3, -2, -3, -3, -12, -5, 3, 3]
[-13, 5, 4, -3, -4, 52, -33, -56]
[-3, 4, 2, -3, -8, -13, 28, 0]
[1, -5, -8, -4, -12, 34, 22, 13]
[1, -11, -6, -12, -4, -44, -74, -22]
[-5, 16, 5, 9, -9, -10, 28, -12]
[0, 3, 1, 4, -36, -48, 43, 8]
[1, -1, -1, -2, -12, -26, -29, 18]
[6, 2, 0, 18, 14, 44, -5, 58]
[-10, -2, -1, -2, 3, 24, 66, -14]
[-3, 0, 1, 0, 2, -3, 9, -15]
[-7, -3, 1, 1, -3, -20, -22, -20]
[-1, 2, -3, -5, -3, -11, 0, -9]
[-1, -7, -3, -16, -2, 2, -2, -35]
[1, -1, -2, 2, 23, 0, -34, 11]
[4, -1, -2, 3, 6, 14, -17, 10]
[-2, -5, 2, 2, 6, 13, -20, 4]
[-2, 3, -5, -6, 0, 54, 18, 19]
[0, -11, -1, -3, 16, 40, 27, -12]
[-4, 3, 4, -4, -5, -9, -20, -44]
[0, 9, 4, 6, -9, -30, 28, 24]
[-1, 5, -6, 4, -3, -26, 3, 38]
[4, 0, -3, 7, 6, -86, -1, 34]
[2, 3, 1, 11, 7, 1, 8, 32]
[1, 7, -2, 12, 7, 23, 16, 46]
[1, -9, -3, -10, -10, -51, -26, -10]
[9, -10, 0, -14, 15, 47, -6, -6]
[2, -5, -3, 0, 7, 5, -11, 12]
[2, 5, -1, 5, 9, -9, 11, 8]
[-6, -3, -1, 0, 20, 8, -52, -36]
[5, -1, 1, 2, -18, -39, 12, 6]
[5, -9, -8, -9, -13, -44, 38, 17]
[-2, -1, 0, -8, 5, 16, -7, -7]
[-4, 2, 2, 9, -8, -2, -2, 8]
[-4, 5, -2, 0, -4, -19, -15, -17]
[-8, -9, -3, -16, -15, 9, -30, -63]
[3, -6, -3, -15, 1, 12, -32, -11]
[-2, 13, 2, 22, -3, 29, 55, 32]
[4, 1, -2, 8, -13, 21, -22, 27]
[-8, -7, -3, -4, -7, -15, -40, -25]
[3, 5, 1, 16, -3, -25, 4, 29]
[-1, 5, 2, 10, 19, 40, -57, 13]
[4, -4, -3, 3, 3, -59, -15, 11]
[4, 5, 0, 7, 3, -3, 57, -1]
[-6, -9, -2, -20, -4, -3, -45, -65]
[-1, -1, -3, 1, 3, 92, 45, -5]
[1, -5, -2, -2, -25, -24, 14, 12]
[1, 3, 1, -4, -13, -13, 37, -5]
[-8, 1, -3, -5, 7, 9, -40, -56]
[6, 12, 7, 16, -9, -22, 59, 63]
[0, 3, 1, 8, 15, -6, -25, 19]
[4, -6, -1, -3, 7, -30, 28, 8]
[-1, -3, -2, 1, 16, 20, 0, 18]
[-4, -2, 0, -1, 16, 1, -26, -13]
[-1, 17, 1, 24, -24, -51, 18, 44]
[3, 8, 1, 16, 17, 1, -31, 37]
[-2, -2, -3, -9, -5, 5, 0, -17]
[-4, 9, 2, -3, 2, 46, 36, -7]
[-2, 2, 2, -8, -4, 69, 32, -27]
[0, -5, -4, -9, -9, 13, 10, -21]
[6, -3, -3, -5, 2, 35, -18, -1]
[-7, 3, -3, -1, 5, 30, 56, 4]
[4, 5, -1, 6, -16, 0, -23, 41]
[-2, -3, -4, -2, 1, 32, 23, -22]
[-21, -4, 4, 0, -22, -11, -33, -44]
[3, -4, 2, -1, 12, -78, -8, 17]
[-5, -21, -7, -3, 24, -43, -55, -1]
[-11, 1, -1, 4, -14, -50, -18, -1]
[3, -2, -2, -8, 1, 0, -17, -6]
[-3, 3, -2, 4, 10, 15, 22, 4]
[0, 0, -4, 1, 3, 24, 53, 28]
[3, 7, 3, 14, -6, -6, -74, 60]
[-6, -12, -3, -4, 4, 39, -3, -36]
[-8, 2, -2, 1, 17, 36, 4, -34]
[2, -7, -2, -6, -6, 8, -8, -40]
[2, 6, 1, 1, -11, -83, -3, 25]
[0, -4, -2, -4, -1, 34, 6, 12]
[-5, 1, -1, 1, 4, 41, -6, -7]
[-3, 8, 0, 12, -3, 102, -8, 39]
[-4, 3, 3, -2, -4, -2, 59, -32]
[5, 2, 2, 2, -1, -55, 28, -2]
[4, -14, -4, 1, 26, 18, 43, 47]
[5, 1, 2, -2, 8, 38, -1, -16]
[-7, -9, -1, -7, 18, -2, -27, -41]
[-9, -9, -9, -9, -24, -4, 19, -10]
[11, -16, -6, -6, 4, 61, -10, 14]
[-3, 13, 6, 15, -10, -36, -9, 17]
[-5, 5, 4, 16, 5, -15, -77, 21]
[7, -12, -8, -9, 10, -24, -24, 7]
[-2, 9, 4, -4, 6, 60, 11, -29]
[4, 4, 0, -2, -3, -38, 3, 2]
[-3, -3, 1, 6, -12, -7, 18, 15]
[-1, 2, -4, -2, -5, -30, -51, 10]
[-4, -11, -2, -18, 9, 3, 0, -42]
[-4, -4, 1, -1, 13, -6, 10, -18]
[-6, 2, 2, -1, -12, -23, 0, -5]
[4, -1, 1, 0, 9, -5, -31, -15]
[-6, -31, -9, -28, -13, 6, 25, -31]
[-1, 2, 0, 0, 7, 9, -10, -22]
[-5, 1, -1, -3, 3, 13, -12, -26]
[-8, -16, -4, -10, 6, -57, -5, -27]
[-2, 6, 1, -2, 0, 5, -31, -25]
[0, -13, -4, -14, 14, 2, -3, -37]
[-11, 10, 1, 3, -17, -81, -32, -3]
[5, 15, -1, 13, -4, -5, 29, 39]
[0, -8, -2, -2, -18, 14, 46, 0]
[-1, -10, 1, -3, 5, -10, -14, -3]
[2, 11, 5, 12, -7, -13, 46, 32]
[-6, -20, -3, -36, -36, -11, 5, -37]
[6, 1, -2, 9, 14, 49, -106, 33]
[2, 5, 3, 9, 4, -22, 92, 10]
[-2, -5, -1, -10, 2, -9, 45, -30]
[0, -1, 0, -9, 16, 25, -91, -27]
[-6, 0, -4, 0, 13, 86, -4, 10]
[-5, -5, -2, -5, -19, 3, 58, -8]
[-1, 7, -1, 8, -13, -93, 9, 22]
[4, -7, -6, -10, -8, -76, 95, 9]
[-6, -6, -1, -9, 0, -13, -21, -31]
[2, 15, 4, 8, 17, 89, -23, -9]
[-8, -1, 2, -2, -17, -37, -30, -40]
[-2, 10, 5, 5, 3, 13, -55, -32]
[-3, 5, 0, 0, 19, 48, 67, -2]
[0, 12, -2, 1, -13, -8, 5, 26]
[10, 11, 2, 11, 12, 10, 79, 51]
[-3, -25, -4, -9, 9, -40, 54, -15]
[4, 7, -2, 11, -11, -26, -43, 53]
[4, -4, -3, -3, -2, 10, -7, 31]
[1, 3, 1, -4, -20, -62, -5, -4]
[9, 1, 2, 14, 29, -33, 24, 47]
[5, 0, 4, 6, -16, -13, 5, 16]
[5, 3, 0, 0, 14, -7, -34, 8]
[-2, -1, -2, 0, -9, 17, -1, 0]
[-8, 3, 3, 13, -13, -1, 48, 27]
[0, 2, -4, 11, -1, 26, -28, 51]
[-6, -10, -7, -11, -7, 61, 42, -28]
[-1, -4, -1, -7, 18, -28, 53, -25]
[3, -7, -2, -12, 5, 4, -1, -19]
[-10, -5, -1, -18, -2, 61, -5, -71]
[-15, 7, 4, -7, -34, -34, -101, -58]
[6, -15, -5, -2, 23, 76, 1, 0]
[1, 10, 4, 14, -6, -2, -44, 10]
[3, 0, 1, -4, -2, -2, -22, -21]
[4, -2, -2, -10, 4, -38, -2, -3]
[2, -3, -2, -1, 12, -62, -36, 2]
[0, 8, 0, 5, -5, -36, 16, 2]
[8, -12, -5, -11, -9, -27, -18, 0]
[-1, -5, -1, 5, -13, -7, 24, 0]
[7, -2, -4, -6, -16, -34, 47, 9]
[-5, 0, -2, -12, -3, 22, 19, -40]
[-9, -7, -1, -7, 24, -4, -76, -64]
[-6, 11, 6, 18, -10, -84, -28, 37]
[6, -12, -3, -8, -3, -40, -11, -5]
[-2, -5, -6, -9, -11, -6, 19, -4]
[-5, -9, -4, -4, -14, -9, -42, -35]
[-9, -14, -5, -6, -19, -8, -39, -14]
[0, 27, 10, 21, -6, -26, -14, 28]
[2, 2, -2, 1, -8, -21, 80, 4]
[7, -24, -9, -28, 8, 40, -4, -28]
[-4, 12, 4, 11, -14, 22, -73, 13]
[2, 7, 3, 14, 5, 15, 10, 18]
[7, -7, -1, -15, -8, -8, -4, -6]
[6, 0, -5, 1, 11, 8, 9, 19]
[-7, -4, 0, -1, 0, -9, 14, -10]
[-2, -1, -1, -1, 5, 41, 56, 3]
[-7, 7, 4, -7, -19, -13, -46, -48]
[1, -8, 1, -6, -5, -16, 74, 45]
[0, 4, 1, -1, -7, -21, 45, -29]
[1, 1, 0, -3, -8, -41, 68, 17]
[-8, -20, -10, -29, 19, 18, -63, -45]
[-19, 15, 6, -3, -34, -43, 33, -44]
[-6, 8, 0, 2, -34, -12, -67, -18]
[0, 13, 4, 11, 10, 74, -6, 1]
[0, 0, 4, -4, 6, -11, -1, -13]
[3, -14, 1, -23, 9, 15, 84, -56]
[0, 8, 0, 11, 0, -31, -35, 20]
[2, 1, -1, -2, -17, 17, -47, 12]
[1, -9, -7, -17, -5, 2, 56, -13]
[-10, -1, -1, 6, 1, -27, 51, 2]
[13, -9, -1, -7, 6, -30, -34, 13]
[-1, 3, 2, 8, 6, 24, 34, 25]
[4, 10, 1, 13, 7, 91, 13, 30]
[-10, 19, 7, 28, -13, -30, 3, 15]
[-16, 7, 1, 2, -28, -46, -36, -27]
[-4, -12, -7, -6, 9, 10, -18, -15]
[7, 0, 4, 3, 0, -31, -47, 17]
[-8, 2, -3, 7, -9, -76, 86, 12]
[6, -22, -5, -37, 3, 31, -36, -26]
[3, 4, -4, 50, 8, 0, -57, 62]
[-9, -7, 1, -8, -10, -13, 53, -12]
[13, -21, -2, -23, 18, 90, 44, 7]
[-11, 16, 6, 34, -6, -57, -27, -21]
[18, -42, -9, -59, 20, 19, -23, -20]
[-4, 15, 2, 14, -13, 9, -32, 5]
[-2, 10, 2, 33, 5, 2, 7, 30]
[-2, -11, -6, -12, -4, 11, -47, -1]
[1, -2, -5, 4, 7, -3, 33, 4]
[-14, -1, 5, -22, -31, -15, 1, -42]
[-6, -16, -10, -4, 12, -8, 10, 11]
[28, -29, -8, -44, 33, 45, 12, 21]
[69, -45, -34, 22, 81, 32, 37, 127]
[105, -88, -73, -40, 91, 54, 51, 102]
[-128, 85, 98, -47, -128, -74, 8, -128]
[-67, 120, 34, 127, -43, -117, -118, -14]
[2, -44, -19, -29, 19, 16, -53, 6]
[2, 5, -7, 11, 7, 13, 23, 42]
[-6, 2, 4, 23, -14, -92, -36, 11]
[-26, 34, 3, 15, -14, -27, -41, -30]
[-49, 47, 15, 38, -55, 0, -40, -84]
[-8, 20, 4, -27, -11, 3, -42, -56]
[18, -8, -2, 12, 24, 53, 43, 25]
[87, -100, -71, -79, 74, 97, -22, 50]
[127, -126, -117, -71, 127, 119, 33, 127]
[120, -69, -105, 14, 127, 70, -48, 127]
[-128, 117, 110, 52, -128, -86, 31, -128]
[-62, 121, 44, 127, -22, -117, -128, -15]
[-112, 127, 90, 121, -78, -128, -78, -59]
[-22, -59, 29, -128, -59, 43, 92, -71]
[-99, 127, 76, 127, -71, -128, -128, -65]
[127, -94, -123, -17, 127, 88, 64, 127]
[-21, -58, 29, -128, -69, 83, 127, -75]
[-114, 127, 94, 127, -84, -128, -128, -70]
[3, -71, 9, -128, -27, 85, 127, -54]
[11, -91, -9, -128, -6, 91, 127, -48]
[-128, 127, 109, 89, -128, -128, -88, -127]
[32, 57, -34, 127, 70, -58, -98, 84]
[109, -128, -94, -128, 87, 127, 117, 54]
[-123, 77, 101, -27, -128, -78, 15, -128]
[-107, 61, 96, -62, -128, -30, 69, -128]
[127, -124, -95, -81, 119, 103, 59, 127]
[80, -100, -45, -71, 66, 108, 35, 73]
[-64, -15, 40, -84, -107, 25, 120, -106]
[-128, 127, 121, 127, -109, -128, -127, -104]
[90, -30, -86, 63, 115, 25, -58, 117]
[47, -100, -33, -128, 0, 113, 127, 2]
[-128, 117, 123, 58, -128, -72, 0, -128]
[34, 54, -34, 125, 73, -60, -128, 75]
[119, -128, -96, -98, 94, 114, 121, 94]
[-93, 25, 77, -56, -114, -18, 70, -128]
[-89, 127, 59, 127, -59, -128, -125, -55]
[-128, 127, 105, 97, -113, -128, -66, -110]
[60, -112, -33, -128, 9, 99, 127, -2]
[-116, 53, 76, -34, -127, -49, 21, -128]
[10, -41, -14, 14, 13, 6, -21, 80]
[17, -42, -20, -42, 26, 29, -98, 3]
[42, -61, -23, -94, 8, 31, -35, 31]
[46, -1, -21, 82, 52, -12, -1, 127]
[-2, 49, 3, 83, 9, -37, -60, 28]
[-80, 104, 43, 102, -60, -88, -86, -52]
[-41, -2, 18, -44, -43, 45, -19, -67]
[53, -17, -40, 39, 82, 21, -62, 77]
[113, -121, -70, -73, 98, 124, 59, 92]
[98, -122, -58, -123, 65, 87, 122, 66]
[49, -103, -36, -106, 27, 110, 127, 11]
[-54, -31, 38, -121, -88, 46, 112, -128]
[-85, 57, 48, -27, -93, -29, 34, -128]
[-107, 66, 64, -16, -110, -54, 16, -121]
[-97, 127, 71, 127, -54, -128, -128, -36]
[10, -67, -9, -86, 19, 67, 71, 6]
[-73, 70, 42, 55, -74, -75, -60, -57]
[-60, 61, 29, 39, -48, -60, -48, -42]
[33, -15, -16, 42, 55, -5, -44, 60]
[3, -53, -12, -79, -28, 27, -24, -36]
[83, -128, -52, -128, 65, 127, 58, 54]
[67, -45, -34, -3, 84, 40, 47, 127]
[2, -1, -1, 0, -20, -27, -12, 34]
[-16, 62, 8, 83, -9, -53, 19, -27]
[25, -65, -19, -80, 25, 18, 83, 7]
[25, -8, -11, 8, 8, -26, 13, 34]
[13, -56, -11, -102, -3, 106, -6, -69]
[13, -28, -9, -65, -21, -47, 58, -50]
[10, -34, -13, -41, 10, 18, 67, -6]
[-2, 6, 0, 10, -2, 49, 45, 18]
[-25, 74, 16, 127, -14, -108, -36, 43]
[41, -34, -17, 2, 41, 2, -46, 124]
[-87, 109, 47, 90, -59, -35, -89, -76]
[45, -49, -23, -35, 38, 98, 49, 20]
[-47, 75, 33, 62, -34, -64, -59, -35]
[22, 16, -18, 69, 49, -41, -99, 55]
[57, -72, -35, -75, 40, 71, 55, 37]
[67, -45, -37, 10, 78, 15, -24, 94]
[91, -79, -54, -35, 102, 77, 32, 89]
[-39, 36, 20, 3, -53, -42, -39, -44]
[33, -21, -18, -3, 55, 27, -37, 36]
[59, -57, -48, -25, 57, 58, 22, 52]
[-67, 124, 37, 127, -27, -115, -128, -11]
[29, -102, -12, -128, -6, 99, 53, -32]
[-7, -64, 3, -128, -50, 77, 114, -52]
[7, 37, -8, 77, 34, 1, -73, 14]
[18, -45, -6, -52, -7, 36, 15, -7]
[-8, -23, 8, -55, -19, 39, 73, -16]
[-87, 127, 49, 127, -28, -128, -128, -6]
[-99, 127, 43, 127, -63, -128, -87, -77]
[-36, 95, 22, 125, -5, -78, -117, 18]
[45, -40, -21, 14, 74, 30, -42, 111]
[-22, -47, 6, -115, -39, 52, 67, -92]
[10, -94, -4, -128, -46, 100, 127, -46]
[3, -39, -2, -80, -46, 31, 100, -26]
[53, -82, -28, -83, 53, 97, 87, 44]
[-2, -45, -4, -69, -24, 8, 59, -38]
[9, 19, -12, 40, 7, -17, -40, 30]
[-37, 26, 21, -10, -47, -27, 8, -41]
[35, -40, -15, -30, 31, 70, 32, 46]
[-50, 44, 25, 25, -33, -15, -21, -42]
[23, -24, -14, -20, 21, 22, 8, 27]
[13, -17, -7, -16, -1, 3, 28, 13]
[95, -96, -49, -58, 90, 88, 53, 86]
[-50, 55, 23, 33, -51, -87, -20, -62]
[-83, 114, 48, 112, -51, -97, -108, -56]
[-67, 109, 41, 127, -37, -117, -128, -20]
[-23, 88, 15, 123, 14, -63, -105, 30]
[-19, 70, 13, 93, 15, -57, -96, 23]
[-11, 48, 6, 77, 28, -61, -85, 22]
[81, -25, -42, 47, 95, 40, 2, 126]
[114, -92, -65, -24, 120, 82, 3, 125]
[125, -113, -69, -39, 116, 112, 29, 125]
[103, -128, -69, -128, 62, 127, 96, 60]
[-71, 127, 41, 127, -22, -128, -128, -12]
[15, -72, -9, -115, -10, 84, 106, -9]
[-50, -19, 21, -86, -62, 39, 66, -112]
[-81, 43, 47, -32, -113, -67, 39, -104]
[-101, 86, 51, 16, -95, -70, 16, -96]
[-98, 122, 54, 105, -76, -101, -107, -92]
[61, -91, -36, -92, 42, 92, 91, 33]
[-43, 64, 21, 70, -17, -17, -54, -32]
[-39, 71, 28, 77, -26, -83, -60, 4]
[34, 13, -15, 61, 56, -18, -52, 74]
[89, -49, -51, 25, 100, 7, -35, 121]
[127, -108, -75, -34, 119, 122, 65, 127]
[-75, 0, 39, -82, -97, 24, -21, -128]
[22, -96, -18, -128, -29, 119, 127, -79]
[39, 14, -25, 90, 76, -42, -65, 73]
[-13, -41, 8, -82, -38, 38, 83, -46]
[5, -41, -3, -70, 1, 55, 55, -15]
[-48, 45, 31, 29, -55, -55, -18, -54]
[3, 25, -3, 52, 30, 8, -41, 41]
[-64, 63, 35, 25, -64, -39, -19, -68]
[3, 8, -5, 17, 11, 8, 0, 22]
[-44, 28, 33, 15, -52, -59, -50, -40]
[-80, 99, 41, 97, -41, -97, -67, -56]
[39, -84, -21, -105, 7, 82, 100, 9]
[-18, 46, -2, 83, 7, -64, -14, -13]
[-28, 40, 8, 28, -18, -26, -35, -24]
[9, -40, -4, -53, -6, 37, 54, -16]
[46, -75, -21, -105, 3, 90, 75, 5]
[-52, 79, 31, 82, -8, -96, -102, -25]
[43, -91, -24, -98, 21, 85, 69, 19]
[5, -25, -10, -29, -12, 46, 63, 3]
[-43, 59, 24, 48, -39, -55, -15, -14]
[45, -67, -27, -61, 29, 59, 25, 42]
[96, -88, -49, -51, 96, 85, 47, 112]
[36, -45, -17, -42, 10, 39, 16, 26]
[68, -50, -26, -23, 45, 31, 13, 82]
[-32, 11, 17, -6, -38, -15, -47, -47]
[-64, 64, 27, 38, -52, -40, 8, -55]
[-50, 48, 21, 28, -44, -51, 2, -49]
[-10, -4, 0, -4, -3, 5, 12, -21]
[1, -13, -5, -31, -12, 10, 74, -34]
[8, -26, -11, -15, 2, -10, 16, 0]
[8, -10, -3, -12, -6, 0, 32, 9]
[25, -32, -14, -28, 21, 39, 10, 11]
[-2, 6, 1, 2, -18, 0, -16, 5]
[-56, 60, 25, 47, -43, -81, -83, -43]
[-63, 76, 38, 48, -44, -65, -53, -47]
[-59, 102, 31, 101, -26, -97, -89, -30]
[-45, 96, 25, 119, -3, -89, -79, 7]
[4, 77, 3, 118, 59, -10, -45, 24]
[-28, 35, 12, 38, -20, -53, -1, -32]
[22, -26, -9, -27, 15, 29, 11, 31]
[-9, 28, 0, 44, -9, -46, -30, 2]
[-6, 25, -3, 34, 2, -14, -51, 21]
[7, 33, -5, 64, 48, -44, -94, 48]
[1, -10, -5, -17, -16, 4, 0, 4]
[32, -9, -18, 41, 56, -27, -68, 49]
[-45, 17, 12, -28, -40, -5, 0, -87]
[67, -30, -37, 25, 75, 16, -39, 114]
[-125, 117, 65, 49, -123, -90, -23, -123]
[-116, 127, 67, 127, -83, -128, -79, -94]
[100, -128, -70, -128, 60, 127, 96, 39]
[-25, 70, 13, 89, 11, -93, -82, 10]
[16, -57, -12, -88, -7, 68, 62, -16]
[-54, -1, 27, -69, -75, 24, 34, -99]
[77, -61, -47, 2, 92, 42, 43, 102]
[-94, 67, 47, 10, -100, -95, -24, -101]
[-86, 81, 58, 24, -79, -50, -6, -76]
[-36, 26, 19, -1, -46, 3, 14, -36]
[-40, 22, 21, 8, -42, -23, 7, -41]
[-50, 57, 25, 30, -45, -56, -79, -45]
[-18, 11, 11, 10, -20, 7, 38, -2]
[-25, 20, 14, -2, -33, -49, -3, -34]
[62, -51, -38, 5, 60, 2, -11, 97]
[24, -73, -12, -89, 4, 56, 12, 21]
[18, -39, -11, -43, 7, 59, 45, 7]
[-27, 39, 9, 45, -12, -41, -74, -18]
[21, -41, -11, -47, 6, 6, 51, 17]
[30, -41, -17, -38, 18, 57, 54, 20]
[-1, -2, 0, -5, -5, 20, 22, 6]
[-11, 14, 5, 7, -6, 27, 8, -8]
[-16, 9, 10, 2, -29, -15, -2, -14]
[-26, 25, 16, 8, -21, -29, -13, -27]
[10, -6, -1, 1, 12, -11, 34, 18]
[-38, 51, 19, 41, -28, -44, -25, -19]
[21, -21, -13, -16, 1, -12, 16, 10]
[72, -80, -35, -59, 58, 93, 31, 58]
[13, -19, -7, -22, 10, -23, 4, -1]
[8, -6, -6, -5, 4, 3, -4, 5]
[-13, 14, 3, 1, -17, 14, 42, -15]
[-21, 28, 16, 19, -22, 16, -6, -17]
[1, -15, -6, -7, -7, -24, 3, 5]
[-16, 6, 6, 9, -26, -63, -6, -13]
[45, -63, -32, -40, 38, 64, 9, 45]
[0, 11, 3, 6, 7, 11, -15, 5]
[43, -38, -25, -16, 68, 22, 28, 77]
[113, -49, -56, 62, 127, 33, -57, 127]
[51, 5, -20, 72, 72, -32, -100, 100]
[-12, -37, 2, -91, -37, 58, 74, -41]
[62, -113, -32, -123, 27, 100, 98, 29]
[-46, 88, 23, 104, -10, -104, -83, -5]
[-54, 70, 24, 76, -21, -67, -68, -40]
[86, -84, -45, -53, 67, 73, 42, 83]
[-92, 36, 56, -52, -117, 1, 63, -128]
[51, -47, -29, -18, 45, 39, 20, 58]
[-44, 37, 21, 9, -63, -42, -41, -42]
[-34, 19, 14, -10, -47, -13, 38, -56]
[20, -21, -6, -21, 18, -20, -18, 20]
[-19, 7, 11, -8, -17, -7, 46, -39]
[-19, 5, 11, -1, -20, -11, 30, -23]
[19, -38, -21, -45, 42, 22, 36, -15]
[110, -128, -59, -128, 47, 127, 127, 75]
[94, -128, -51, -128, 56, 104, 95, 80]
[-69, 92, 32, 86, -60, -89, -72, -47]
[42, -68, -30, -69, 25, 68, -40, 1]
[10, -38, -5, -52, -10, 55, 80, 10]
[-9, 23, 2, 33, 5, -30, -27, 3]
[12, -24, -3, -27, 3, 21, 22, 0]
[2, -20, -4, -23, -2, 48, 48, 4]
[-25, 17, 4, 20, -19, 56, -23, -5]
[71, -45, -42, 19, 75, 20, 27, 101]
[69, -42, -34, 8, 59, 20, -27, 77]
[33, -34, -18, -9, 27, 34, -9, 49]
[-36, 18, 15, -15, -34, -16, 14, -54]
[39, -13, -18, 22, 38, 4, 37, 57]
[25, -4, -15, 17, 38, 10, 13, 43]
[16, 2, -6, 32, 27, -31, -7, 47]
[-7, 61, 7, 108, 43, -70, -103, 46]
[0, -53, 1, -96, -36, 56, 100, -43]
[-128, 127, 76, 127, -103, -128, -114, -110]
[-116, 127, 56, 81, -98, -104, -100, -110]
[-121, 114, 60, 52, -115, -101, -59, -128]
[43, -59, -22, -60, 24, 67, 39, 27]
[35, 0, -20, 43, 45, -12, -23, 48]
[21, 8, -11, 33, 40, 35, -33, 53]
[-19, 21, 4, 25, -34, -48, -21, -16]
[34, -17, -18, 8, 44, 17, -16, 51]
[-9, -5, 3, 1, -12, 7, 20, -4]
[-54, 37, 22, 9, -51, -29, -19, -73]
[-38, 25, 10, 6, -6, -5, 41, -41]
[37, -31, -22, -3, 27, 38, 17, 40]
[-48, 14, 29, -29, -81, -16, 25, -78]
[-28, 9, 17, -22, -53, -1, 19, -31]
[25, -2, -12, 26, 42, -12, -47, 49]
[-9, 7, 3, -2, -24, -8, 21, -20]
[-19, -13, 1, -46, -25, 98, 40, -41]
[9, 49, -4, 88, 30, -34, -60, 32]
[7, 15, -5, 30, 25, -22, -8, 28]
[-6, -29, -1, -46, -12, 27, 35, -21]
[-5, -14, 0, -28, -11, -25, 21, -14]
[-10, 15, 6, 23, -5, -23, -25, -7]
[6, 32, -4, 56, 17, -26, -60, 42]
[10, 11, -13, 32, 24, 11, -39, 13]
[-5, 3, 0, -6, -10, -4, 19, -22]
[-6, -15, 10, -45, -25, 30, 3, -12]
[21, -13, -22, -24, 20, 28, -8, 7]
[-4, 22, 5, 39, 7, -26, -13, 13]
[9, 24, -9, 49, 16, -24, -79, 36]
[-2, -7, -9, -7, 0, 6, -29, -15]
[11, 1, -11, 3, 24, -7, -60, 20]
[-2, 31, 7, 56, 21, -36, -36, 35]
[-56, 9, 31, -65, -79, 12, 68, -78]
[38, 2, -12, 51, 61, -12, -35, 73]
[73, -27, -37, 39, 96, 23, -17, 109]
[45, -20, -27, 27, 69, 64, -6, 61]
[21, -8, -11, 17, 29, -27, -26, 36]
[23, -11, -14, 9, 30, -10, -25, 28]
[28, -10, -16, 7, 28, 5, -15, 42]
[-45, 30, 20, 9, -63, -35, -57, -47]
[69, -67, -33, -36, 58, 42, 6, 65]
[36, -33, -15, -19, 40, 36, -6, 36]
[54, -48, -30, -35, 39, 50, 17, 41]
[0, -9, -1, -6, -19, -32, 1, 3]
[-16, 7, 3, 6, -20, 12, 10, -29]
[-67, 54, 31, 26, -63, -52, -16, -62]
[8, 3, -4, 15, 35, 6, -25, 25]
[3, 25, 1, 40, 19, -4, -26, 18]
[2, 10, -2, 8, -5, -24, -13, 10]
[-27, 15, 9, 9, -36, -27, -21, 6]
[-45, 24, 19, 2, -52, -21, -6, -59]
[-56, 24, 30, -28, -74, 15, 48, -75]
[3, 2, -4, 25, 27, -2, -14, 18]
[46, -21, -25, 16, 55, 20, -27, 66]
[-49, 26, 22, -18, -51, -17, 21, -62]
[60, -44, -37, -12, 52, 40, 10, 72]
[75, -71, -42, -31, 77, 57, 76, 75]
[81, -73, -41, -50, 49, 40, 29, 73]
[60, -55, -32, -36, 47, 45, 11, 54]
[0, 7, -6, 26, 16, -16, -21, 5]
[24, -32, -17, -16, 20, -12, 17, 32]
[18, -33, -10, -20, 30, 34, 10, 21]
[23, -59, -14, -87, -3, 83, 74, -18]
[79, 7, -36, 97, 107, -22, -95, 127]
[103, -46, -51, 39, 110, -8, -74, 127]
[-93, 53, 46, -31, -118, -3, 27, -119]
[-112, 127, 64, 123, -72, -117, -104, -95]
[72, -84, -35, -74, 54, 64, 49, 64]
[-56, 70, 34, 76, -40, -89, -73, -47]
[-12, -48, 1, -101, -26, 65, 85, -56]
[-6, -39, 10, -72, -12, 58, 79, -32]
[-22, 40, 1, 37, -3, -40, -25, -5]
[8, 23, -2, 60, 45, -32, -63, 22]
[73, -24, -41, 37, 95, 13, -38, 117]
[72, -36, -41, 16, 77, 11, -13, 99]
[-127, 127, 64, 75, -113, -128, -92, -114]
[94, -109, -53, -102, 66, 99, 127, 70]
[62, -110, -39, -118, 36, 122, 127, 7]
[-86, 16, 39, -78, -117, 38, 62, -128]
[-34, -12, 19, -63, -39, 24, 6, -71]
[-89, 57, 52, -6, -108, 13, 68, -100]
[-70, 53, 33, 11, -73, -55, 20, -68]
[-90, 101, 50, 53, -68, -59, -45, -73]
[-26, 104, 15, 127, 38, -128, -119, 16]
[4, 68, -4, 127, 27, -117, -128, 52]
[-6, 52, 3, 95, 21, -75, -58, 40]
[23, 19, -14, 66, 42, -1, -75, 68]
[6, 27, -1, 55, 17, -51, -52, 35]
[-53, 43, 21, 12, -16, -20, -17, -47]
[6, 36, -7, 41, 33, 7, -14, 15]
[-8, 16, 5, 25, 9, -29, -18, -7]
[-2, 3, -7, 14, -1, -15, 4, 7]
[-12, 11, 7, 23, -10, -19, -12, -11]
[1, 3, -5, 16, 17, -9, -31, 2]
[30, -12, -18, 13, 32, -27, -33, 50]
[41, -18, -23, 9, 37, 15, 3, 66]
[30, -21, -19, 4, 45, 12, -20, 42]
[41, -19, -23, 7, 28, 11, 14, 73]
[103, -102, -50, -59, 92, 112, 29, 101]
[120, -128, -67, -128, 84, 127, 127, 85]
[84, -128, -40, -128, 41, 122, 110, 49]
[56, -98, -28, -104, 33, 96, 79, 20]
[39, -79, -23, -90, 9, 77, 98, 5]
[9, -65, -10, -90, -21, 66, 0, -19]
[26, -22, -7, -21, 33, 29, 10, 34]
[33, -29, -19, -19, 30, 29, 28, 26]
[13, 23, -5, 66, 36, -19, -56, 47]
[-32, -2, 8, -39, -40, 13, 39, -31]
[48, -12, -16, 24, 69, 72, 15, 86]
[-78, 42, 41, -7, -73, -32, 1, -111]
[-114, 107, 62, 54, -94, -96, -77, -116]
[-4, 48, 4, 86, 30, -55, -57, 41]
[-88, 91, 44, 49, -73, -66, -4, -85]
[-69, 84, 34, 63, -48, -35, -36, -57]
[-49, 106, 21, 127, -8, -113, -124, -11]
[-38, 75, 11, 100, 11, -91, -108, -5]
[-30, 62, 19, 74, -24, -72, -67, 0]
[14, -48, -14, -61, -5, 54, 63, -29]
[12, 34, -3, 85, 42, -50, -89, 40]
[88, -22, -41, 54, 112, 13, -47, 127]
[115, -68, -60, 3, 119, 43, -12, 124]
[105, -128, -70, -128, 64, 127, 126, 61]
[29, -95, -13, -128, -24, 104, 124, -9]
[-105, 54, 59, -9, -118, -28, 43, -115]
[-107, 108, 67, 60, -96, -81, -48, -104]
[-79, 105, 41, 103, -48, -121, -120, -45]
[-47, 80, 24, 83, -27, -71, -61, -19]
[-5, 41, -5, 99, 34, -58, -98, 35]
[0, 37, -2, 70, 35, -22, -80, 18]
[23, 18, -8, 56, 39, -19, -34, 61]
[33, -5, -15, 39, 47, -26, -37, 58]
[9, 6, -10, 30, 16, -19, -31, 21]
[31, 2, -12, 20, 38, 22, -26, 53]
[41, -16, -24, 12, 49, 3, -10, 38]
[52, -41, -28, -23, 61, 32, 22, 55]
[-85, 80, 47, 44, -76, -62, -42, -89]
[102, -128, -53, -128, 64, 127, 94, 76]
[84, -57, -44, 6, 95, 64, -19, 116]
[35, -94, -27, -115, 19, 93, 125, -14]
[-58, -18, 30, -100, -96, 37, 108, -118]
[-64, 112, 31, 122, -12, -73, -119, -16]
[100, -60, -54, 5, 117, 56, -6, 124]
[-102, 68, 54, 2, -124, -77, -16, -120]
[-90, 104, 48, 93, -69, -109, -32, -71]
[-51, 87, 20, 97, -24, -92, -84, -26]
[-36, 85, 25, 97, -14, -61, -86, 17]
[93, -66, -48, -26, 89, 57, -4, 98]
[119, -62, -71, 24, 127, 53, -30, 127]
[127, -128, -81, -58, 127, 110, 53, 127]
[-128, 127, 72, 107, -95, -128, -69, -118]
[41, -98, -20, -128, -18, 102, 119, 4]
[87, -43, -58, 32, 112, 35, -43, 123]
[-120, 76, 60, -8, -119, -82, 2, -128]
[-108, 112, 59, 80, -90, -128, -83, -99]
[-69, 60, 31, 23, -66, -48, -43, -70]
[-59, 63, 29, 41, -46, -17, -2, -54]
[36, 34, -17, 102, 68, -40, -88, 77]
[127, -92, -82, 5, 127, 91, -13, 127]
[127, -128, -86, -104, 122, 127, 71, 127]
[77, -124, -41, -119, 37, 123, 124, 40]
[-14, -32, 8, -82, -33, 36, 52, -44]
[28, 16, -12, 47, 27, -21, -59, 66]
[-54, 28, 32, -23, -53, -8, 42, -72]
[-62, 45, 30, 8, -75, -48, 27, -72]
[-76, 62, 40, 22, -66, -61, 3, -71]
[-84, 120, 43, 122, -48, -117, -104, -61]
[-51, 80, 11, 81, -22, -66, -118, -36]
[-47, 61, 28, 62, -30, -76, -64, -34]
[-18, 75, 20, 108, 14, -90, -107, 44]
[80, -2, -41, 98, 100, -32, -109, 127]
[-128, 103, 78, 12, -128, -95, -23, -128]
[127, -128, -88, -92, 127, 127, 76, 127]
[-55, 98, 19, 127, -14, -121, -126, -18]
[-61, 10, 33, -63, -93, 23, 75, -97]
[92, -57, -49, 2, 91, 54, 21, 103]
[-99, 102, 59, 52, -99, -128, -75, -93]
[-90, 117, 49, 120, -63, -128, -128, -60]
[-2, 57, 0, 105, 54, -64, -83, 33]
[66, -1, -41, 80, 97, 20, -38, 126]
[127, -86, -69, -10, 127, 38, 0, 127]
[126, -128, -75, -121, 90, 127, 112, 113]
[62, -115, -28, -128, 0, 109, 127, 19]
[-104, 127, 58, 120, -72, -118, -94, -59]
[-89, 61, 44, -12, -79, -92, 32, -114]
[-93, 83, 54, 21, -97, -69, -27, -100]
[0, 62, -4, 121, 33, -74, -101, 47]
[29, 21, -23, 83, 68, -32, -95, 76]
[44, -7, -27, 33, 56, 7, -10, 74]
[114, -99, -70, -40, 106, 105, 7, 104]
[90, -128, -54, -128, 34, 127, 127, 39]
[51, -111, -26, -121, 6, 114, 42, 10]
[-31, -43, 20, -117, -53, 59, 127, -84]
[73, -39, -43, 28, 96, 30, -33, 101]
[-87, 54, 44, -13, -94, -72, 50, -101]
[-76, 53, 40, 7, -70, -48, 16, -85]
[84, -93, -41, -64, 45, 102, 82, 72]
[-66, 85, 29, 80, -49, -71, -58, -56]
[-52, 99, 30, 114, -23, -100, -121, 1]
[5, 55, -3, 117, 41, -74, -123, 44]
[127, -128, -96, -86, 127, 127, 26, 127]
[21, 58, -25, 127, 67, -74, -123, 83]
[-102, 85, 55, 17, -93, -64, -50, -106]
[57, -108, -31, -113, 24, 112, 110, 11]
[15, 32, -12, 92, 68, -8, -80, 60]
[-128, 87, 72, 11, -125, -72, 6, -128]
[127, -128, -78, -76, 121, 88, 14, 127]
[84, -128, -50, -128, 36, 127, 127, 22]
[2, -77, -7, -128, -51, 91, 127, -44]
[-68, 15, 41, -56, -98, 13, 52, -99]
[-93, 69, 57, -7, -104, -49, 14, -112]
[-104, 127, 65, 110, -61, -128, -91, -62]
[51, 13, -32, 77, 99, -14, -69, 105]
[102, -58, -58, 7, 119, 50, -30, 120]
[3, -55, -4, -100, -20, 68, 102, -38]
[84, -101, -44, -78, 55, 82, 127, 79]
[54, -109, -36, -120, 26, 117, 114, 9]
[-25, -47, 15, -122, -80, 61, 108, -68]
[-86, 35, 53, -46, -128, -27, 21, -128]
[-128, 127, 83, 70, -128, -128, -53, -128]
[75, -115, -44, -101, 71, 108, 100, 45]
[-58, 107, 31, 122, -14, -101, -105, -10]
[35, 31, -18, 94, 72, -57, -98, 88]
[106, -61, -59, 12, 120, 57, -23, 127]
[108, -90, -60, -29, 90, 127, 54, 113]
[106, -116, -61, -112, 84, 109, 91, 91]
[-10, -71, 7, -128, -63, 58, 125, -106]
[-105, 27, 49, -53, -113, 31, 78, -126]
[-108, 109, 57, 77, -92, -121, -103, -97]
[-66, 71, 30, 68, -53, -75, -49, -62]
[-47, 86, 29, 91, -22, -92, -83, 6]
[-56, -15, 30, -86, -95, 25, 78, -111]
[81, -29, -48, 50, 114, 22, -62, 104]
[40, -3, -19, 41, 46, -3, -25, 82]
[-79, 54, 46, 10, -89, -11, 15, -88]
[111, -105, -64, -44, 88, 93, 47, 117]
[-32, -17, 7, -67, -59, 21, 50, -51]
[61, -63, -26, -43, 36, 19, 32, 62]
[59, -87, -33, -104, 29, 73, 72, 38]
[14, -72, -16, -128, -34, 98, 101, -36]
[109, -47, -60, 39, 127, 62, -56, 127]
[-128, 90, 76, -5, -128, -58, 38, -128]
[-128, 127, 70, 111, -92, -128, -20, -118]
[24, -80, -13, -126, -34, 66, 112, -9]
[16, 51, -7, 105, 71, -52, -118, 66]
[27, 10, -16, 72, 38, -31, -80, 73]
[-95, 106, 40, 81, -72, -101, -53, -82]
[80, -94, -52, -69, 67, 101, 69, 67]
[51, -106, -31, -122, 5, 117, 107, 3]
[-31, -42, 16, -119, -61, 68, 126, -83]
[-110, 54, 62, -33, -128, -21, 43, -128]
[-104, 60, 49, -1, -108, -36, 7, -121]
[-90, 110, 45, 107, -60, -110, -35, -71]
[62, -99, -35, -105, 9, 105, 127, 29]
[80, -4, -47, 83, 122, -10, -112, 127]
[127, -84, -76, 12, 127, 60, -13, 127]
[120, -121, -61, -90, 89, 119, 84, 113]
[-53, 101, 29, 109, -27, -87, -103, -6]
[-52, -19, 26, -85, -87, 25, 86, -95]
[-69, 34, 39, -27, -96, -20, 60, -95]
[-96, 73, 53, 17, -94, -40, -4, -105]
[-101, 110, 57, 78, -80, -116, -68, -90]
[-6, 72, 0, 127, 45, -64, -121, 26]
[44, 27, -20, 93, 67, -39, -85, 96]
[-123, 97, 66, 27, -110, -96, -29, -128]
[124, -128, -70, -76, 100, 81, 63, 117]
[86, -92, -41, -57, 54, 67, 22, 81]
[-56, 90, 28, 99, -29, -74, -78, -14]
[26, -87, -18, -114, -15, 101, 119, -25]
[-40, -28, 20, -96, -72, 52, 111, -85]
[-82, 30, 45, -47, -111, 1, 34, -117]
[-102, 71, 51, 5, -119, -63, -31, -120]
[-112, 116, 64, 72, -71, -123, 0, -100]
[-77, 127, 31, 127, -28, -104, -112, -45]
[16, -68, -9, -110, -33, 85, 102, -7]
[6, 50, -1, 107, 45, -77, -93, 48]
[-128, 92, 67, 4, -128, -79, -30, -128]
[97, -115, -46, -110, 45, 108, 107, 86]
[-17, -46, 9, -110, -46, 60, 75, -61]
[-72, 18, 44, -49, -98, -15, 47, -104]
[69, -114, -30, -115, 34, 115, 112, 34]
[-58, 101, 32, 111, -20, -115, -96, -10]
[15, 41, -11, 96, 41, -60, -106, 59]
[109, -69, -51, -13, 94, 26, 19, 110]
[80, -128, -49, -128, 49, 127, 126, 31]
[-13, -65, 11, -128, -72, 80, 124, -60]
[127, -125, -79, -56, 127, 127, 36, 127]
[92, -105, -45, -85, 73, 100, 81, 79]
[-78, 98, 44, 80, -44, -99, -84, -49]
[81, -36, -44, 31, 113, 32, -80, 112]
[120, -101, -66, -30, 111, 83, 43, 119]
[113, -124, -61, -111, 75, 124, 99, 95]
[44, -103, -24, -128, -17, 107, 120, -1]
[-82, 7, 53, -82, -128, 22, 111, -128]
[-128, 127, 81, 77, -128, -113, -73, -128]
[116, -128, -67, -109, 93, 124, 100, 90]
[37, 39, -21, 106, 86, -49, -105, 94]
[124, -109, -82, -32, 123, 101, 24, 127]
[91, -128, -49, -128, 37, 101, 127, 46]
[103, -123, -60, -103, 65, 127, 97, 74]
[-87, 30, 51, -42, -106, -14, 33, -123]
[-96, 102, 54, 71, -83, -97, -20, -87]
[-54, 107, 23, 119, -19, -98, -128, 6]
[30, 42, -23, 110, 78, -44, -97, 94]
[101, -49, -55, 28, 125, 33, -56, 127]
[119, -91, -65, -20, 112, 83, 35, 122]
[-88, 116, 45, 108, -55, -116, -109, -61]
[56, -105, -29, -112, 14, 103, 115, 11]
[-27, -48, 10, -111, -77, 30, 98, -85]
[-101, 47, 46, -25, -110, -76, 55, -128]
[-66, 24, 37, -22, -78, -8, -24, -88]
[-96, 81, 54, 16, -79, -59, -37, -100]
[-101, 122, 58, 122, -66, -111, -36, -70]
[-12, 78, 9, 127, 36, -32, -128, 49]
[68, -2, -42, 83, 97, -54, -80, 117]
[31, -88, -17, -128, -29, 101, 119, -5]
[121, -126, -68, -103, 87, 127, 86, 112]
[44, -100, -21, -128, -4, 111, 119, 6]
[118, -63, -63, 18, 125, 57, -32, 127]
[-123, 110, 70, 27, -122, -90, -16, -128]
[-101, 114, 51, 100, -73, -110, -72, -81]
[39, -81, -13, -99, -10, 77, 90, 10]
[-22, 62, 11, 102, 14, -23, -92, 5]
[71, -4, -39, 64, 105, -11, -83, 114]
[-115, 86, 61, 19, -100, -88, -29, -123]
[113, -94, -56, -40, 97, 79, 48, 116]
[90, -125, -40, -125, 59, 127, 77, 66]
[72, -97, -35, -98, 36, 75, 101, 58]
[-24, 35, 5, 30, 3, -29, -6, -39]
[-7, 23, 4, 53, 11, -23, -41, 26]
[-5, -20, 0, -45, -25, 8, 35, -20]
[36, -53, -21, -48, 11, 36, 28, 21]
[17, -57, -5, -81, 1, 56, 78, -10]
[18, -46, -9, -62, 7, 54, 47, -7]
[3, -35, -3, -58, -9, 33, 29, -21]
[-22, -27, 4, -79, -63, 17, 99, -62]
[-32, -12, 13, -62, -54, 29, 56, -62]
[-63, 15, 23, -41, -80, -13, 36, -103]
[-93, 61, 43, 2, -90, -34, 26, -112]
[-38, 51, 20, 50, -28, -47, -37, -27]
[-38, 20, 20, -7, -42, -16, -18, -60]
[-68, 42, 32, 23, -79, -39, -4, -69]
[-93, 99, 46, 62, -72, -106, -57, -84]
[-85, 116, 46, 95, -55, -117, -71, -59]
[-68, 109, 39, 127, -29, -109, -128, -30]
[-19, 91, 8, 127, 50, -93, -116, 31]
[1, 63, -2, 112, 25, -64, -98, 35]
[41, 19, -23, 76, 63, -16, -62, 109]
[-128, 117, 68, 41, -128, -89, 6, -128]
[119, -107, -56, -54, 103, 116, 71, 126]
[99, -111, -44, -93, 70, 96, 40, 91]
[64, -107, -37, -111, 22, 115, 82, 12]
[-121, 116, 59, 72, -93, -76, -24, -115]
[-48, -18, 22, -80, -83, 46, 75, -93]
[-87, 47, 45, -26, -106, -19, 67, -114]
[-61, 31, 32, -12, -73, -37, 6, -80]
[-69, 54, 31, 13, -74, -73, 4, -75]
[-88, 96, 45, 57, -60, -79, -64, -74]
[-70, 80, 34, 65, -48, -75, -10, -58]
[-48, 64, 17, 56, -25, -59, -42, -40]
[10, -68, -8, -100, -36, 63, 99, -35]
[124, -112, -66, -68, 98, 114, 70, 112]
[74, -5, -42, 76, 108, -7, -98, 127]
[-128, 127, 72, 52, -126, -109, -13, -128]
[-37, -43, 21, -117, -76, 55, 93, -95]
[90, -128, -51, -126, 56, 127, 127, 48]
[52, 30, -25, 93, 84, -30, -44, 109]
[-100, 45, 52, -36, -126, -80, 72, -128]
[-126, 122, 69, 84, -110, -118, -109, -118]
[59, -107, -33, -109, 14, 109, 96, 11]
[-31, 79, 13, 116, 25, -74, -94, -4]
[63, -7, -40, 75, 84, -17, -68, 111]
[-128, 127, 76, 120, -93, -128, -106, -98]
[75, -128, -34, -128, 0, 127, 127, 30]
[-33, -52, 11, -120, -78, 20, 86, -97]
[51, -12, -32, 43, 69, 10, -56, 72]
[-73, 45, 41, -6, -71, -6, 8, -85]
[60, -127, -38, -128, 17, 127, 113, 3]
[-53, -36, 33, -123, -120, 4, 95, -121]
[71, -8, -39, 67, 117, -8, -66, 116]
[78, -38, -46, 27, 44, 18, -32, 107]
[-107, 110, 56, 92, -88, -110, -84, -93]
[37, -93, -17, -117, 13, 102, 86, -3]
[-44, -31, 17, -103, -82, 33, 96, -104]
[60, 6, -29, 83, 113, 52, -62, 115]
[-80, 36, 33, -18, -105, -65, -72, -82]
[-62, 42, 30, -1, -68, -86, -30, -71]
[-13, 10, 0, -15, 2, -5, 57, -34]
[41, -53, -19, -53, 24, 92, 47, 28]
[3, -25, 1, -26, 41, 57, 19, -20]
[-27, 10, 12, -1, -41, -46, -1, -28]
[-78, 62, 31, 38, -84, -61, -49, -69]
[-82, 119, 47, 98, -45, -121, -56, -51]
[-55, 100, 23, 123, -19, -74, -86, -23]
[-32, 97, 20, 127, 7, -94, -128, 33]
[23, 26, -21, 103, 55, -50, -100, 48]
[-45, -16, 19, -71, -79, 8, 75, -101]
[-94, 56, 43, -10, -95, -51, 24, -119]
[69, -36, -36, 15, 78, 45, 17, 98]
[-21, -13, 7, -36, -35, 14, 20, -40]
[23, 4, -6, 19, 39, 63, -28, 42]
[-30, 21, 11, 28, -28, -65, -30, -38]
[26, -18, -13, -3, 28, -2, -51, 29]
[36, -17, -20, 3, 46, 14, -17, 61]
[29, -18, -11, -6, 31, 27, 22, 41]
[-50, 51, 23, 33, -49, -53, -22, -49]
[74, -70, -35, -51, 59, 63, 34, 65]
[92, -128, -62, -128, 33, 118, 127, 29]
[-15, -96, 3, -128, -92, 91, 127, -128]
[-99, 22, 54, -65, -118, 2, 67, -128]
[-122, 85, 70, 3, -124, -70, -6, -128]
[39, -11, -31, 36, 39, -85, -39, 52]
[-42, -4, 25, -47, -65, -47, 49, -59]
[-69, 77, 38, 46, -55, -73, -45, -58]
[-40, -48, 20, -128, -85, 70, 93, -114]
[99, -29, -53, 75, 126, -38, -88, 127]
[127, -128, -91, -45, 127, 127, -1, 127]
[92, -128, -49, -126, 43, 127, 106, 48]
[-25, -48, 15, -110, -47, 48, 121, -89]
[-91, 58, 46, -9, -101, -18, 11, -111]
[-91, 110, 46, 105, -57, -118, -87, -62]
[-7, 73, 1, 127, 59, -93, -116, 38]
[-128, 74, 79, -15, -128, -61, 44, -128]
[127, -116, -79, -46, 116, 60, 51, 127]
[104, -106, -56, -53, 91, 78, 43, 101]
[90, -116, -48, -107, 59, 127, 102, 63]
[15, -73, -12, -114, -27, 93, 104, -21]
[-92, 28, 42, -53, -118, 10, 28, -127]
[-127, 110, 70, 32, -117, -107, 0, -128]
[72, -126, -50, -128, 26, 123, 112, 16]
[61, 4, -30, 72, 89, -5, -110, 108]
[93, -124, -50, -119, 42, 127, -1, 77]
[23, -84, -11, -128, -48, 87, 127, -17]
[-71, 8, 36, -67, -99, 35, 84, -108]
[-125, 99, 73, 24, -106, -45, 4, -128]
[-96, 127, 52, 120, -54, -128, -117, -59]
[-35, 85, 12, 127, 22, -116, -104, 2]
[-77, 40, 43, -37, -113, -17, 58, -110]
[114, -76, -63, 0, 126, 88, -2, 127]
[-6, -50, 4, -96, 2, 78, 80, -44]
[84, -114, -53, -110, 52, 101, 93, 41]
[15, -89, -5, -128, -51, 89, 123, -24]
[-79, -12, 36, -78, -88, 23, 37, -119]
[-128, 127, 77, 62, -128, -104, -18, -128]
[-88, 127, 46, 121, -52, -128, -128, -43]
[-94, 113, 42, 109, -21, -120, -100, -57]
[85, -34, -44, 34, 101, -33, -10, 125]
[123, -117, -58, -87, 98, 118, 56, 116]
[109, -110, -52, -56, 94, 92, 18, 96]
[26, -75, -20, -98, 6, 70, 95, 17]
[40, -66, -16, -82, -11, 75, 40, 8]
[-75, 47, 42, -7, -75, -44, -15, -99]
[-128, 127, 68, 75, -112, -128, -74, -121]
[-122, 87, 63, 7, -125, -93, -12, -128]
[-9, 81, 7, 127, 46, -71, -128, 47]
[109, -45, -67, 39, 127, 19, -48, 127]
[-68, 118, 32, 127, -12, -128, -102, -25]
[-6, -63, 6, -125, -62, 80, 127, -62]
[-88, 39, 45, -23, -111, -17, 50, -113]
[93, -82, -48, -44, 81, 90, 80, 92]
[-83, 94, 48, 86, -59, -99, -76, -73]
[2, 77, 6, 127, 60, -75, -125, 66]
[106, -40, -59, 47, 127, 34, -51, 127]
[127, -128, -85, -98, 103, 127, 115, 115]
[36, -101, -15, -128, -20, 96, 117, 10]
[-1, 52, 5, 83, 23, -37, -76, 37]
[-36, -25, 17, -71, -61, 20, 42, -85]
[-74, 54, 31, 2, -77, -38, 8, -81]
[-32, 3, 18, -24, -36, -5, 35, -44]
[3, -33, -2, -47, 4, 49, 22, -31]
[-43, 31, 19, 6, -43, -41, -6, -55]
[-39, 34, 15, 20, -38, -56, 3, -39]
[57, -62, -30, -42, 24, 31, 50, 48]
[-69, 86, 36, 68, -50, -110, -88, -49]
[-52, 85, 25, 105, -15, -90, -93, -28]
[0, 16, 5, 21, 4, -2, -10, 16]
[-43, 64, 24, 78, -24, -82, -60, 1]
[-8, 70, 4, 110, 30, -40, -112, 53]
[99, -36, -51, 55, 127, 26, -49, 127]
[87, -39, -48, 31, 104, 53, 14, 113]
[-128, 127, 68, 91, -100, -120, -59, -122]
[111, -128, -59, -125, 61, 115, 114, 95]
[17, -99, -12, -128, -33, 69, 98, -96]
[-43, 112, 20, 127, 16, -114, -128, 18]
[-105, 114, 50, 96, -79, -128, -88, -75]
[29, 52, -15, 113, 67, -36, -128, 89]
[7, 47, -13, 102, 43, -43, -101, 47]
[98, -101, -45, -61, 78, 104, 53, 102]
[76, -101, -37, -97, 42, 84, 94, 54]
[99, -73, -49, -16, 88, 76, 15, 105]
[-15, -44, 5, -100, -56, 47, 44, -53]
[-77, 19, 38, -54, -88, -10, 49, -118]
[-82, 59, 36, 12, -89, -64, -2, -89]
[-88, 90, 47, 46, -83, -116, -85, -81]
[36, -96, -16, -121, -15, 75, 118, -1]
[110, -45, -58, 50, 127, 41, -43, 127]
[92, -128, -51, -121, 58, 127, 118, 61]
[25, -78, -10, -119, -33, 80, 107, 6]
[40, -75, -17, -91, 8, 59, 71, 16]
[-55, 8, 31, -50, -78, -8, -9, -102]
[-103, 81, 60, 21, -105, -68, 15, -124]
[94, -128, -54, -128, 58, 127, 98, 43]
[-57, 120, 16, 127, 14, -112, -128, -4]
[29, 45, -21, 118, 68, -65, -116, 106]
[-117, 68, 60, -7, -117, -42, -23, -128]
[126, -119, -74, -87, 106, 111, 59, 111]
[56, -114, -27, -128, -6, 127, 127, 17]
[-75, 22, 37, -62, -101, 4, 78, -108]
[-113, 83, 58, 12, -107, -51, -5, -128]
[-104, 110, 57, 97, -68, -112, -69, -81]
[-107, 37, 62, -57, -128, -15, 61, -128]
[127, -97, -74, -18, 127, 122, -34, 127]
[100, -119, -49, -93, 68, 101, 64, 86]
[-14, 58, 0, 102, 60, -81, -86, 7]
[44, 13, -26, 75, 58, -16, -54, 98]
[-67, 20, 37, -40, -85, -20, 35, -96]
[-123, 125, 67, 71, -111, -123, -57, -118]
[63, -127, -35, -128, 0, 127, 127, 5]
[-13, 76, 8, 126, 37, -95, -100, 35]
[57, 12, -29, 83, 96, 17, -71, 112]
[-124, 127, 70, 107, -88, -128, -93, -89]
[76, -128, -38, -128, 7, 127, 127, 27]
[-55, -20, 25, -96, -92, 32, 112, -100]
[103, -76, -50, -17, 90, 63, 25, 110]
[-96, 103, 50, 61, -75, -89, -50, -90]
[-62, 109, 34, 113, -35, -113, -100, -14]
[-115, 57, 62, -29, -128, -33, 73, -128]
[127, -93, -75, 1, 127, 108, 30, 127]
[107, -128, -68, -109, 74, 119, 112, 78]
[-32, -52, 21, -117, -91, 53, 125, -93]
[78, -15, -43, 58, 107, -14, -73, 119]
[-101, 99, 56, 50, -72, -97, -41, -97]
[-49, 108, 26, 127, 11, -114, -124, -4]
[62, 15, -34, 96, 109, 4, -120, 116]
[127, -109, -76, -29, 121, 106, 39, 127]
[-83, 122, 41, 113, -52, -119, -116, -37]
[35, -89, -15, -121, -23, 54, 108, -5]
[-84, 20, 46, -61, -126, 3, 59, -124]
[-128, 126, 80, 84, -109, -113, -86, -126]
[-31, 99, 15, 127, 56, -93, -128, 32]
[100, -49, -63, 34, 127, 51, 3, 127]
[121, -112, -64, -89, 83, 115, 44, 116]
[39, -88, -22, -128, -26, 85, 98, 9]
[-73, 8, 40, -60, -108, -34, -12, -108]
[-110, 79, 52, 20, -89, -73, 12, -124]
[-20, 92, 12, 127, 34, -75, -122, 34]
[-110, 56, 49, -22, -113, -57, 7, -128]
[121, -100, -63, -29, 106, 91, 101, 127]
[92, -118, -52, -106, 33, 127, 127, 63]
[-128, 127, 72, 101, -97, -128, -64, -128]
[-102, 46, 54, -27, -128, -48, 18, -128]
[-127, 123, 68, 92, -85, -82, -103, -123]
[-84, 109, 34, 99, -37, -117, -64, -65]
[-33, 85, 20, 117, 22, -86, -89, 3]
[72, -16, -42, 54, 96, -13, -68, 114]
[-128, 127, 74, 100, -109, -120, -59, -124]
[112, -128, -56, -118, 67, 127, 106, 84]
[28, -92, -18, -128, -22, 59, 96, -20]
[127, -97, -74, -25, 124, 70, -42, 127]
[-128, 125, 66, 89, -90, -84, -60, -125]
[-68, 114, 29, 127, -15, -128, -128, -19]
[52, 6, -31, 79, 106, -20, -74, 104]
[-100, 40, 52, -27, -118, -48, 48, -128]
[99, -117, -53, -101, 67, 86, 51, 75]
[18, -88, -18, -128, -37, 96, 127, -8]
[-79, 19, 43, -56, -121, -14, 52, -117]
[-128, 112, 72, 40, -126, -94, -45, -128]
[-77, 127, 47, 127, -27, -128, -128, -23]
[47, -79, -20, -80, 11, 69, 80, 26]
[-24, 63, 19, 93, 1, -65, -82, -13]
[29, 17, -17, 69, 52, -52, -48, 67]
[79, -50, -42, 6, 104, 48, 1, 106]
[123, -111, -66, -54, 93, 107, 60, 122]
[-66, 127, 38, 127, -4, -128, -128, -6]
[-59, 76, 19, 86, -36, -79, -79, -48]
[24, -61, -10, -85, -11, 57, 85, -16]
[-15, 43, 10, 56, 49, -27, -20, 21]
[36, 7, -18, 52, 64, -21, -55, 65]
[-49, 10, 22, -47, -84, 5, 52, -82]
[-32, 87, 18, 106, 5, -87, -87, 16]
[-121, 105, 53, 50, -98, -114, -54, -114]
[-24, 15, 7, -4, -8, -12, -5, -45]
[-15, 32, 11, 34, -10, -36, -36, 7]
[-44, 30, 20, 10, -42, -43, 8, -50]
[-75, 90, 37, 70, -55, -66, -112, -58]
[46, -108, -29, -128, 10, 83, 127, -14]
[-34, 96, 17, 127, 18, -109, -126, 22]
[5, 49, -9, 108, 49, -27, -67, 36]
[-75, 20, 35, -59, -112, 19, 39, -127]
[109, -70, -56, 5, 116, 48, -9, 127]
[79, -51, -40, 7, 87, 65, -41, 100]
[-91, 86, 40, 34, -89, -88, -18, -89]
[72, -68, -31, -29, 44, 31, 61, 74]
[61, -58, -30, -31, 53, 53, 57, 63]
[-45, 82, 24, 98, -13, -83, -82, -24]
[-79, 48, 29, 0, -89, -29, -29, -91]
[15, -68, -11, -93, -18, 64, 110, -32]
[-104, 116, 44, 77, -69, -102, -59, -90]
[-47, -4, 22, -66, -71, 18, 84, -107]
[-54, 4, 26, -49, -81, 5, 27, -70]
[-45, 29, 16, 5, -40, -26, -8, -51]
[22, -20, -6, -8, 21, 27, 2, 33]
[4, 8, -8, 19, 18, -9, -31, 11]
[4, -12, -3, -11, -8, 2, 2, 11]
[21, -16, -13, -2, 11, -2, 26, 22]
[35, -13, -15, 16, 26, 2, -36, 60]
[-54, 22, 22, -18, -50, -20, -65, -94]
[-58, 23, 22, -2, -50, -38, 12, -37]
[17, -10, -6, -12, 17, 43, 25, 14]
[34, -17, -14, 8, 24, 8, -3, 38]
[-1, -2, 5, -14, -15, 25, 25, 2]
[20, -6, -5, 15, 18, -11, 4, 26]
[26, -15, -15, -4, 7, 11, 11, 18]
[-41, 21, 17, -16, -56, -15, 15, -62]
[-54, 26, 18, 0, -36, -60, 1, -80]
[88, -84, -43, -51, 72, 60, 54, 86]
[-93, 87, 35, 46, -55, -63, -26, -87]
[-23, 17, 6, -1, -22, -39, -79, -31]
[35, -32, -18, -23, 38, -8, 15, 32]
[8, -12, -3, -12, 17, 36, 5, 4]
[1, -3, 0, -9, 17, -24, 24, -4]
[-66, 67, 35, 48, -61, -76, -36, -59]
[-5, -9, -8, -2, 5, -3, -17, -6]
[-58, 68, 23, 48, -48, -32, -42, -44]
[21, -28, -5, -21, 20, 29, 7, 23]
[-34, 30, 13, 21, -27, -15, 16, -23]
[-30, 32, 14, 19, -29, -58, -41, -20]
[-1, -33, -3, -45, -39, -34, 1, 10]
[-2, -3, 2, -2, 1, -9, 8, -1]
[-18, 18, 5, 10, 2, -20, -7, -6]
[5, 9, -6, 15, 6, -47, 12, 8]
[0, -3, 3, -13, -16, 13, -14, -2]
[-21, 59, 11, 87, -7, -68, -78, 24]
[7, 65, -5, 115, 49, -69, -127, 62]
[35, 18, -18, 91, 70, -28, -57, 89]
[127, -85, -68, 5, 127, 124, -25, 127]
[127, -128, -92, -122, 106, 127, 39, 127]
[15, -99, -2, -128, -53, 92, 127, -56]
[-85, 32, 46, -34, -101, -37, 12, -109]
[91, -96, -49, -88, 55, 110, 83, 64]
[-49, 102, 24, 122, -10, -105, -107, 5]
[27, 37, -18, 106, 83, -50, -88, 65]
[-62, 16, 30, -40, -68, -9, 52, -97]
[103, -68, -55, -4, 101, 0, -9, 126]
[115, -128, -57, -78, 84, 122, 69, 105]
[60, -128, -32, -128, -17, 127, 73, -25]
[127, -128, -76, -116, 106, 127, 28, 127]
[-122, 102, 65, 33, -117, -99, -21, -122]
[2, -69, 1, -124, -59, 77, 97, -54]
[119, -98, -64, -26, 117, 90, 45, 127]
[86, -126, -43, -120, 33, 121, 115, 51]
[17, -78, -11, -120, -48, 83, 121, -21]
[-92, 102, 40, 85, -64, -120, -70, -83]
[-66, 33, 39, -27, -94, -9, 47, -95]
[-125, 122, 62, 68, -103, -128, -55, -117]
[-90, 100, 38, 84, -60, -80, -61, -73]
[-63, 98, 28, 104, -11, -95, -68, -30]
[81, -13, -42, 60, 116, 33, -80, 127]
[125, -84, -58, -5, 102, 81, -23, 127]
[-128, 127, 74, 87, -114, -128, -128, -124]
[-12, -72, 4, -128, -71, 64, 126, -74]
[-81, 26, 41, -43, -118, -60, 58, -116]
[-116, 113, 66, 93, -80, -97, -54, -107]
[-63, 117, 32, 127, -16, -101, -104, -10]
[67, 3, -36, 75, 107, -21, -70, 109]
[127, -127, -74, -50, 126, 119, 42, 127]
[77, -126, -39, -128, 19, 127, 126, 27]
[-96, 25, 49, -53, -126, -16, 74, -128]
[48, -103, -21, -128, -30, 106, 127, 5]
[25, 52, -12, 114, 68, -62, -109, 88]
[122, -101, -68, -25, 122, 79, 11, 127]
[-100, 38, 55, -47, -124, -29, 35, -128]
[-119, 110, 56, 81, -87, -102, -35, -114]
[-55, 100, 25, 127, 8, -118, -128, -13]
[78, -26, -47, 54, 108, -8, -61, 121]
[116, -88, -60, -26, 94, 96, 28, 127]
[-51, 107, 22, 127, 18, -118, -109, -11]
[39, 37, -22, 112, 88, -34, -116, 114]
[-92, 39, 50, -36, -116, -30, 47, -123]
[102, -128, -58, -128, 53, 127, 127, 62]
[-57, 113, 22, 127, 14, -104, -125, -17]
[36, 44, -19, 107, 64, -55, -106, 102]
[-128, 127, 69, 104, -97, -128, -77, -123]
[-6, 90, 2, 127, 65, -90, -124, 65]
[-61, -8, 34, -96, -116, -6, 83, -105]
[78, -128, -40, -128, 38, 114, 125, 37]
[95, -37, -45, 25, 118, 42, -34, 121]
[-81, 127, 48, 127, -40, -128, -128, -24]
[32, -90, -14, -128, -36, 79, 115, -24]
[-100, 32, 41, -35, -120, 0, 6, -128]
[87, -128, -48, -118, 45, 127, 114, 53]
[-53, 100, 20, 127, 10, -109, -122, -16]
[70, -21, -47, 66, 102, -29, -100, 115]
[123, -109, -70, -55, 115, 119, 36, 124]
[74, -128, -40, -128, 2, 127, 127, 32]
[10, 77, 1, 127, 58, -74, -128, 88]
[85, -128, -50, -128, 36, 122, 98, 41]
[120, -63, -64, 16, 127, 49, -20, 127]
[84, -128, -62, -128, 39, 127, 126, 41]
[-62, 20, 29, -41, -98, -25, -30, -81]
[-115, 98, 55, 39, -93, -87, -35, -121]
[28, 61, -3, 127, 85, -57, -90, 109]
[92, -32, -50, 31, 119, 35, -32, 117]
[72, -114, -40, -113, 26, 119, 109, 33]
[-31, -58, 9, -119, -62, 73, 105, -91]
[121, -91, -62, -13, 107, 113, -24, 127]
[-124, 119, 63, 78, -96, -121, -33, -119]
[-58, 114, 31, 127, -7, -123, -128, -14]
[52, 11, -32, 83, 92, -41, -107, 103]
[61, -16, -31, 38, 90, 47, -43, 82]
[109, -88, -56, -25, 99, 13, 39, 115]
[72, -128, -42, -128, 2, 127, 127, 27]
[-67, -20, 32, -105, -117, 66, 125, -128]
[-128, 81, 63, 1, -122, -63, 19, -128]
[67, -114, -36, -118, 17, 114, 92, 24]
[-14, 82, 7, 127, 35, -44, -124, 48]
[107, -52, -52, 16, 120, 25, -33, 127]
[-85, 127, 37, 127, -31, -128, -128, -30]
[21, -93, -13, -128, -42, 94, 127, -20]
[-112, 52, 63, -31, -127, -31, 52, -128]
[81, -128, -42, -127, 28, 122, 111, 34]
[-39, 85, 5, 124, 33, -112, -99, -10]
[120, -62, -61, 27, 119, 41, -23, 127]
[-55, 108, 22, 127, 14, -123, -123, -11]
[-15, -63, 6, -123, -70, 32, 111, -39]
[-76, 26, 38, -38, -94, -35, 38, -104]
[53, -117, -27, -128, -37, 127, 127, -3]
[40, 53, -21, 127, 96, -61, -127, 102]
[83, -38, -43, 25, 96, 54, 3, 114]
[-95, 90, 50, 65, -76, -78, -23, -91]
[60, -70, -31, -64, 31, 66, 68, 45]
[117, -48, -61, 44, 127, 30, -53, 127]
[-105, 127, 45, 127, -46, -128, -126, -49]
[10, -62, -8, -104, -57, 17, 66, -38]
[45, 9, -23, 72, 78, -26, -88, 86]
[124, -105, -68, -36, 109, 103, 68, 126]
[-112, 114, 48, 91, -70, -103, -59, -102]
[29, -90, -21, -124, 11, 92, 119, -3]
[-19, -51, 3, -99, -47, 55, 58, -58]
[-46, -11, 21, -59, -69, 60, 33, -89]
[-31, 78, 9, 101, -1, -85, -103, 13]
[-118, 115, 59, 64, -95, -115, -45, -115]
[-73, 127, 36, 127, -22, -128, -128, -15]
[127, -91, -72, -14, 126, 81, 27, 127]
[110, -124, -54, -100, 51, 127, 72, 88]
[-1, -65, 0, -108, -42, 68, 113, -39]
[-128, 95, 77, 12, -128, -92, 15, -128]
[-117, 127, 54, 116, -73, -126, -128, -85]
[-46, 91, 16, 123, 2, -109, -120, -16]
[56, 6, -34, 76, 103, -22, -63, 102]
[127, -128, -78, -83, 119, 118, 92, 127]
[-48, 98, 18, 127, -6, -93, -102, -18]
[-120, 70, 65, -11, -128, -79, -47, -128]
[59, -110, -26, -128, -9, 108, 127, 20]
[-54, -29, 24, -91, -94, 54, 102, -101]
[109, -45, -54, 24, 125, 54, -74, 127]
[124, -128, -72, -102, 79, 127, 90, 87]
[9, -85, -6, -128, -32, 93, 127, -41]
[-107, 51, 58, -25, -121, -51, -32, -128]
[77, -128, -40, -128, 20, 127, 127, 24]
[56, 16, -30, 76, 96, -6, -89, 98]
[-125, 116, 50, 91, -84, -128, -61, -115]
[5, -73, -3, -122, -45, 54, 124, -57]
[127, -128, -78, -101, 98, 127, 127, 119]
[-87, 127, 33, 127, -14, -128, -118, -46]
[2, 64, -3, 118, 49, -60, -118, 58]
[85, -36, -38, 16, 98, 7, -14, 120]
[-128, 67, 65, -17, -128, -57, 49, -128]
[-35, -54, 21, -128, -83, 21, 86, -101]
[0, 77, 1, 127, 54, -87, -128, 61]
[-85, 126, 42, 118, -47, -107, -128, -31]
[-11, 66, 2, 113, 29, -98, -109, 37]
[-126, 97, 62, 21, -125, -73, -25, -128]
[127, -122, -62, -74, 95, 124, 54, 120]
[67, -125, -34, -128, 11, 126, 127, 16]
[87, -24, -47, 53, 119, -22, -97, 114]
[-127, 88, 68, 1, -127, -96, 6, -128]
[-103, 127, 49, 120, -64, -128, -67, -62]
[35, -76, -19, -103, -6, 88, 111, 5]
[104, -109, -53, -72, 84, 47, 36, 95]
[96, -43, -43, 15, 115, 71, -31, 116]
[127, -128, -70, -72, 117, 127, 77, 124]
[85, -128, -38, -128, 35, 115, 127, 34]
[-21, -63, 5, -128, -77, 63, 116, -67]
[-92, 37, 44, -35, -120, -49, 43, -124]
[-128, 123, 62, 99, -95, -128, -90, -122]
[-31, 92, -4, 127, 39, -95, -128, 21]
[116, -52, -59, 31, 127, 82, -23, 127]
[111, -128, -56, -114, 56, 127, 75, 78]
[11, -70, 0, -123, -46, 64, 127, -40]
[-103, 44, 58, -22, -115, -60, 18, -125]
[-119, 120, 57, 90, -58, -128, -114, -110]
[-60, 112, 24, 127, -9, -128, -125, -13]
[96, -23, -53, 58, 123, 25, -46, 127]
[127, -126, -65, -81, 99, 127, 83, 127]
[71, -119, -33, -115, 30, 122, 127, 23]
[-10, -55, 6, -108, -63, 50, 87, -60]
[-125, 72, 56, -4, -120, -91, 2, -128]
[-122, 127, 57, 116, -81, -128, -108, -92]
[-47, 96, 20, 127, 18, -108, -118, 7]
[106, -35, -49, 42, 118, 32, -47, 127]
[119, -128, -62, -114, 76, 127, 121, 83]
[-1, -71, 4, -126, -44, 80, 104, -60]
[-114, 72, 59, -6, -120, -93, -74, -128]
[-112, 122, 57, 102, -66, -114, -91, -77]
[-5, 67, 3, 125, 40, -85, -109, 56]
[110, -56, -55, 21, 125, 97, -26, 127]
[122, -119, -57, -87, 90, 91, 80, 113]
[79, -113, -42, -105, 42, 92, 81, 55]
[10, -64, -7, -102, -31, 78, 116, -22]
[-20, -39, 5, -89, -67, 27, 105, -78]
[-77, 50, 36, -13, -87, -22, 32, -105]
[-126, 124, 63, 70, -103, -128, -47, -111]
[-90, 91, 41, 55, -83, -89, -50, -89]
[-39, 105, 16, 127, 23, -80, -128, 8]
[-105, 43, 51, -40, -128, -16, 49, -128]
[122, -71, -53, 3, 115, 34, 16, 127]
[113, -110, -53, -69, 88, 98, 55, 110]
[57, -110, -30, -115, 1, 115, 111, 13]
[67, -123, -33, -128, 24, 125, 127, 22]
[-125, 69, 51, -10, -112, -66, 13, -128]
[-122, 127, 55, 118, -72, -122, -112, -88]
[124, -87, -64, -6, 127, 73, 8, 127]
[107, -123, -49, -102, 59, 112, 50, 77]
[17, -74, -14, -115, -44, 72, 108, -53]
[-128, 80, 73, 6, -128, -88, -5, -128]
[-107, 127, 53, 121, -60, -128, -118, -66]
[14, 66, -7, 126, 75, -81, -121, 82]
[82, -35, -40, 32, 97, 48, -24, 117]
[117, -117, -64, -95, 87, 98, 96, 99]
[108, -128, -51, -115, 69, 127, 115, 84]
[-80, 26, 40, -50, -89, -1, 54, -115]
[-128, 122, 75, 78, -113, -128, -52, -124]
[122, -54, -61, 32, 127, 65, -73, 127]
[106, -128, -57, -106, 62, 127, 127, 77]
[17, -75, -10, -119, -42, 71, 119, -17]
[-107, 48, 59, -21, -128, -40, 13, -128]
[-103, 127, 58, 127, -46, -128, -128, -49]
[-119, 60, 58, -25, -128, -61, 11, -128]
[122, -108, -56, -65, 108, 105, 76, 120]
[80, -107, -43, -99, 47, 100, 106, 45]
[-13, -46, 3, -100, -54, 30, 88, -64]
[-128, 118, 72, 32, -128, -78, -37, -128]
[-104, 127, 47, 127, -61, -128, -81, -51]
[5, 63, -6, 127, 60, -79, -102, 70]
[93, -36, -44, 25, 107, 41, -55, 118]
[110, -126, -60, -104, 66, 126, 96, 83]
[-29, 69, 2, 115, 23, -73, -93, 6]
[15, -56, -6, -96, -23, 73, 86, -15]
[-55, -18, 19, -71, -83, -23, 50, -107]
[125, -115, -62, -55, 116, 123, 61, 124]
[-113, 125, 51, 94, -87, -128, -73, -99]
[-32, 104, 19, 127, 33, -117, -128, 30]
[57, 7, -31, 103, 107, -52, -106, 111]
[110, -70, -47, -13, 89, 52, 36, 127]
[81, -61, -37, -12, 70, 42, 16, 96]
[-72, 97, 34, 102, -31, -108, -77, -17]
[26, -82, -7, -128, -34, 96, 113, -20]
[-77, -4, 34, -81, -107, 28, 37, -128]
[127, -128, -68, -124, 82, 127, 119, 104]
[-81, 127, 32, 127, -29, -128, -125, -38]
[38, 30, -23, 99, 80, -24, -97, 93]
[-110, 106, 58, 61, -84, -125, -72, -104]
[74, -79, -38, -48, 50, 73, 28, 88]
[64, -100, -39, -100, 38, 105, 92, 20]
[124, -56, -66, 30, 127, 45, -32, 127]
[127, -128, -64, -107, 90, 127, 90, 127]
[-122, 117, 54, 99, -93, -125, -105, -100]
[-50, -20, 24, -93, -99, 28, 76, -100]
[46, -106, -18, -128, -27, 86, 120, 4]
[124, -128, -58, -107, 70, 127, 97, 109]
[-19, 74, 10, 117, 42, -17, -121, 29]
[-41, -37, 17, -102, -93, 9, 90, -104]
[-128, 97, 67, 19, -114, -72, 24, -128]
[-113, 127, 57, 106, -75, -128, -80, -79]
[127, -128, -69, -113, 79, 126, 117, 90]
[127, -96, -68, -20, 127, 87, 30, 127]
[91, -127, -52, -115, 62, 116, 80, 32]
[-40, -36, 18, -102, -88, 31, 79, -96]
[-120, 76, 63, 0, -126, -78, -6, -128]
[-106, 101, 46, 52, -87, -105, -41, -100]
[-22, -62, 9, -128, -70, 72, 125, -84]
[82, -15, -41, 75, 109, -30, -94, 127]
[127, -114, -74, -41, 123, 120, 35, 127]
[-128, 124, 68, 81, -91, -126, -59, -128]
[-117, 60, 64, -31, -125, -57, 5, -128]
[-83, 111, 38, 106, -43, -80, -88, -51]
[-53, -19, 22, -80, -96, -12, 84, -109]
[82, -39, -40, 31, 98, 48, -46, 113]
[116, -100, -60, -48, 89, 58, 35, 118]
[-50, -42, 24, -113, -81, 25, 77, -109]
[-128, 127, 68, 88, -106, -121, -73, -125]
[111, -60, -56, 13, 107, 51, 9, 127]
[11, 49, 1, 92, 26, -33, -53, 52]
[44, -11, -27, 53, 79, -1, -54, 89]
[-125, 127, 60, 120, -72, -128, -119, -99]
[83, -128, -44, -128, 27, 127, 127, 13]
[-93, 15, 46, -72, -128, -21, 88, -128]
[-108, 63, 58, -14, -123, -96, -12, -126]
[-8, 73, 5, 109, 61, -72, -128, 38]
[123, -70, -65, 11, 118, 32, -29, 127]
[64, -124, -27, -128, -15, 127, 127, 16]
[-106, 31, 50, -53, -128, -31, 81, -128]
[-97, 125, 58, 109, -67, -103, -96, -54]
[-128, 110, 76, 47, -128, -109, -31, -128]
[115, -128, -68, -128, 69, 127, 127, 63]
[-100, 33, 51, -49, -119, -27, 11, -128]
[-1, -78, 0, -128, -60, 74, 127, -65]
[78, -17, -42, 58, 115, -22, -68, 98]
[124, -116, -65, -72, 97, 102, 50, 117]
[-118, 55, 58, -26, -125, -51, -14, -128]
[-95, 127, 48, 122, -19, -56, -92, -47]
[-112, 53, 54, -22, -125, -50, 35, -128]
[112, -82, -45, -17, 86, 42, 11, 117]
[95, -98, -44, -68, 58, 90, 61, 92]
[-59, 55, 29, 24, -43, -31, -9, -57]
[58, -71, -36, -68, 23, 59, 48, 37]
[5, -60, 0, -107, -49, 63, 105, -32]
[97, -32, -49, 40, 125, 3, -48, 127]
[127, -128, -61, -88, 98, 127, 100, 127]
[-128, 117, 55, 71, -83, -112, -91, -125]
[-74, 120, 35, 123, -32, -107, -123, -25]
[4, 70, -9, 127, 61, -88, -128, 67]
[127, -80, -65, 6, 127, 79, 1, 127]
[116, -128, -56, -115, 61, 127, 107, 88]
[65, 0, -36, 71, 115, -38, -65, 106]
[-119, 69, 60, -24, -127, -50, 29, -128]
[-112, 113, 57, 89, -78, -117, -74, -103]
[60, 8, -34, 83, 111, -18, -82, 116]
[127, -123, -73, -71, 120, 124, 71, 127]
[-15, 79, 6, 127, 50, -82, -128, 36]
[-121, 81, 55, 11, -117, -109, -19, -128]
[33, -97, -23, -128, -39, 95, 127, -64]
[67, 1, -39, 83, 121, 4, -85, 118]
[127, -122, -68, -75, 111, 127, 67, 127]
[-41, 84, 18, 116, 5, -90, -108, 5]
[-39, -35, 25, -98, -84, 48, 114, -98]
[-125, 75, 59, 18, -113, -73, -28, -128]
[-16, 77, -4, 126, 51, -92, -124, 10]
[18, 50, -1, 95, 34, -48, -79, 77]
[120, -69, -54, 0, 123, 84, 46, 127]
[119, -128, -61, -119, 72, 127, 119, 94]
[48, -107, -26, -128, -13, 96, 108, 14]
[127, -116, -77, -48, 113, 115, 15, 127]
[12, 69, -6, 124, 72, -61, -128, 78]
[-126, 120, 63, 96, -87, -124, -60, -113]
[79, -128, -39, -128, 15, 127, 127, 22]
[26, -79, -12, -110, -16, 71, 73, 2]
[92, -46, -46, 20, 104, 25, -60, 127]
[-128, 127, 75, 66, -120, -128, -33, -128]
[-88, 127, 36, 127, -13, -128, -128, -34]
[63, 3, -35, 78, 101, -10, -85, 108]
[127, -120, -73, -83, 102, 64, 51, 114]
[36, -96, -11, -128, -31, 95, 127, 0]
[115, -80, -63, -6, 102, 82, 40, 127]
[-46, 104, 15, 127, 24, -114, -127, 9]
[16, 66, -6, 127, 70, -62, -91, 89]
[121, -128, -62, -103, 67, 120, 100, 98]
[-9, -67, 0, -122, -57, 70, 109, -64]
[127, -128, -67, -98, 99, 122, 51, 127]
[-94, 127, 48, 127, -43, -128, -128, -40]
[36, 54, -15, 118, 94, -36, -104, 97]
[110, -59, -53, 19, 101, 38, 6, 127]
[-92, 100, 39, 97, -41, -102, -40, -64]
[48, -108, -27, -126, -4, 99, 107, 1]
[-82, 16, 43, -71, -120, -26, 51, -128]
[-128, 127, 75, 101, -97, -128, -88, -128]
[-58, 107, 24, 127, 10, -115, -128, -13]
[90, -33, -47, 35, 102, 29, -46, 124]
[119, -118, -56, -97, 87, 119, -69, 113]
[46, -96, -13, -128, -4, 113, 127, 12]
[-90, 24, 37, -53, -128, -31, 85, -128]
[105, -128, -48, -128, 34, 127, 78, 61]
[-58, 109, 24, 127, 11, -107, -118, -19]
[35, 27, -18, 89, 85, -16, -59, 90]
[52, -14, -29, 39, 60, -3, -23, 79]
[114, -108, -53, -59, 84, 113, 10, 113]
[67, -128, -31, -128, -1, 124, 127, 7]
[-23, -60, 8, -128, -85, 38, 114, -92]
[-123, 70, 61, -18, -125, -65, 15, -128]
[-107, 127, 52, 127, -47, -121, -45, -57]
[15, 64, -10, 127, 57, -57, -93, 76]
[127, -117, -62, -86, 86, 59, 24, 125]
[70, -121, -35, -128, 11, 127, 126, 12]
[-81, 22, 38, -42, -108, -17, 83, -112]
[-121, 104, 59, 63, -96, -96, -100, -117]
[-79, 110, 28, 109, -51, -95, -101, -41]
[-57, -6, 27, -84, -85, 56, 73, -114]
[124, -106, -57, -48, 112, 97, 53, 124]
[-85, 105, 34, 104, -8, -99, -99, -52]
[55, -104, -26, -111, 2, 91, 116, 4]
[-42, -38, 16, -104, -90, 30, 86, -105]
[-126, 118, 67, 63, -104, -113, -118, -121]
[-73, 127, 27, 127, -19, -128, -126, -14]
[15, 54, -11, 121, 65, -64, -96, 77]
[93, -33, -40, 37, 109, 32, -57, 123]
[122, -119, -55, -78, 76, 121, 76, 120]
[-51, 101, 21, 121, -6, -114, -102, -5]
[13, -70, -12, -116, -31, 75, 110, -26]
[-60, 5, 31, -60, -86, 2, 84, -105]
[-128, 118, 69, 49, -106, -127, -42, -128]
[-84, 127, 45, 127, -5, -128, -128, -27]
[42, 35, -25, 108, 93, -36, -108, 102]
[-115, 98, 49, 53, -103, -106, -22, -114]
[84, -127, -44, -128, 24, 122, 65, 31]
[-121, 109, 56, 51, -107, -104, -62, -125]
[-88, 122, 42, 110, -30, -118, -102, -44]
[5, 55, -6, 115, 61, -64, -82, 21]
[99, -46, -49, 26, 121, 48, -26, 127]
[127, -128, -61, -120, 83, 127, 122, 113]
[11, -79, 1, -128, -75, 61, 127, -40]
[-103, 49, 47, -32, -121, -5, 24, -120]
[56, -100, -21, -128, -17, 127, 127, 11]
[27, 53, -15, 119, 67, -54, -102, 99]
[127, -75, -67, 5, 126, 39, -31, 127]
[91, -122, -48, -111, 45, 127, 95, 56]
[23, -88, -15, -127, -18, 97, 112, -34]
[-128, 104, 72, 28, -125, -111, -11, -128]
[120, -72, -63, 18, 127, 61, 27, 127]
[13, 58, -5, 112, 58, -43, -85, 81]
[127, -124, -65, -83, 113, 109, 68, 124]
[-38, -27, 11, -87, -71, 52, 88, -92]
[-88, 49, 47, -15, -109, -52, 45, -112]
[97, -108, -45, -93, 64, 114, 103, 93]
[-76, 116, 40, 121, -15, -113, -128, -28]
[55, 29, -23, 104, 97, -29, -86, 114]
[-18, -68, 14, -128, -91, 66, 71, -87]
[78, -119, -37, -128, 13, 125, 127, 38]
[-74, 11, 39, -61, -117, -4, 41, -119]
[92, -114, -43, -102, 41, 119, 102, 61]
[-60, 107, 29, 127, 1, -113, -109, -16]
[41, -112, -20, -128, -29, 111, 127, -11]
[-5, 85, 1, 127, 50, -73, -118, 46]
[-39, -18, 21, -93, -85, -5, 44, -86]
[-108, 82, 43, 32, -81, -79, 32, -112]
[31, -85, -15, -128, -33, 87, 127, -8]
[8, 49, -12, 113, 88, -66, -85, 71]
[127, -76, -66, -4, 116, 43, 20, 127]
[-84, 124, 43, 121, -34, -124, -128, -33]
[37, -88, -17, -127, -23, 99, 121, -1]
[-84, 17, 43, -56, -103, -3, 76, -123]
[104, -101, -47, -65, 88, 98, 90, 108]
[-97, 97, 45, 69, -76, -101, -55, -89]
[-38, 94, 14, 124, 31, -77, -95, 6]
[-74, 14, 36, -57, -101, -33, 32, -115]
[112, -53, -50, 7, 120, 53, 3, 127]
[113, -98, -54, -33, 91, 81, 23, 124]
[90, -115, -41, -116, 33, 118, 122, 55]
[-40, -62, 9, -128, -91, 84, 127, -110]
[-128, 87, 63, -4, -128, -82, -85, -128]
[-100, 127, 47, 122, -39, -128, -110, -53]
[45, -95, -19, -127, -30, 84, 127, 6]
[-98, 34, 52, -28, -121, -19, 51, -128]
[127, -98, -61, -26, 112, 75, 44, 127]
[88, -128, -40, -126, 24, 127, 127, 43]
[-122, 127, 60, 113, -69, -121, -128, -81]
[69, -121, -29, -128, -13, 105, 127, 27]
[-14, -63, 1, -119, -63, 51, 95, -78]
[52, -117, -26, -128, 13, 127, 127, -17]
[-128, 89, 73, -1, -128, -87, -17, -128]
[-89, 121, 42, 111, -47, -123, -95, -46]
[53, -6, -31, 71, 82, -51, -71, 97]
[127, -128, -66, -101, 99, 127, 103, 127]
[28, -93, -18, -128, -39, 94, 127, -19]
[-116, 51, 53, -27, -125, -68, 10, -128]
[-114, 127, 55, 114, -52, -122, -127, -71]
[127, -126, -72, -86, 110, 127, 52, 127]
[9, -86, -2, -128, -48, 93, 127, -52]
[-128, 110, 69, 64, -109, -97, -40, -128]
[-91, 14, 48, -53, -126, -4, 23, -128]
[127, -108, -68, -34, 115, 121, 35, 127]
[13, 65, -7, 121, 68, -65, -95, 88]
[-105, 36, 50, -40, -121, -35, 61, -128]
[-126, 127, 58, 112, -75, -128, -59, -93]
[23, 53, -9, 120, 70, -76, -127, 84]
[114, -57, -52, 16, 110, 39, -4, 127]
[111, -110, -56, -105, 75, 110, 77, 99]
[46, 33, -21, 109, 104, -7, -118, 111]
[-88, 32, 47, -46, -120, -25, 39, -125]
[-124, 114, 60, 87, -91, -113, -69, -123]
[-29, -56, 8, -120, -80, 62, 102, -88]
[68, -7, -40, 57, 102, -23, -11, 110]
[127, -121, -65, -77, 103, 127, 57, 123]
[31, 58, -13, 120, 78, -51, -100, 98]
[-111, 87, 56, 24, -107, -91, -49, -118]
[23, -92, -9, -128, -61, 69, 127, -18]
[44, 41, -19, 110, 90, -47, -96, 106]
[127, -98, -60, -32, 114, 96, 3, 127]
[-51, 93, 16, 126, 18, -98, -119, -18]
[-19, -59, 8, -116, -64, 79, 87, -81]
[-128, 100, 69, 29, -125, -93, -22, -128]
[-70, 119, 25, 127, 25, -70, -119, -22]
[64, -2, -33, 71, 89, -14, -87, 105]
[114, -85, -53, -25, 108, 68, 28, 122]
[1, 68, -4, 125, 62, -78, -116, 64]
[-53, -30, 23, -95, -84, 26, 116, -112]
[-128, 116, 67, 55, -128, -120, -47, -128]
[-75, 123, 28, 127, -9, -128, -105, -30]
[117, -124, -59, -104, 63, 123, 101, 89]
[-19, -69, 4, -128, -75, 43, 124, -72]
[-121, 85, 64, 12, -128, -96, -24, -128]
[-94, 127, 41, 127, -42, -128, -103, -44]
[67, 5, -41, 74, 103, 5, -82, 102]
[127, -120, -65, -72, 113, 124, 71, 127]
[35, -98, -20, -128, -15, 81, 120, 3]
[-98, 44, 52, -27, -124, -45, 54, -128]
[55, 11, -35, 78, 94, -19, -70, 103]
[-15, 85, 8, 127, 47, -79, -128, 53]
[127, -74, -66, 14, 127, 79, 0, 127]
[-8, 82, 4, 125, 45, -88, -106, 55]
[-57, -4, 33, -80, -105, 8, 42, -99]
[-123, 120, 55, 95, -73, -113, -52, -121]
[-47, -28, 28, -104, -96, 28, 94, -100]
[121, -62, -55, 21, 127, 54, -41, 127]
[107, -128, -62, -128, 49, 127, 125, 49]
[-88, 19, 37, -60, -121, -15, 39, -119]
[65, 7, -31, 71, 93, 5, -62, 100]
[-76, 96, 37, 84, -43, -94, -81, -48]
[30, 28, -6, 77, 73, -32, -57, 73]
[127, -83, -66, -11, 126, 78, -30, 127]
[-72, 127, 28, 127, 25, -125, -128, 6]
[-127, 127, 55, 119, -80, -128, -89, -87]
[-117, 96, 54, 37, -102, -102, -37, -122]
[-64, 99, 26, 114, -18, -116, -110, -21]
[67, -4, -37, 70, 114, -10, -36, 104]
[127, -125, -63, -60, 102, 94, 40, 127]
[-4, 81, 4, 127, 54, -86, -113, 58]
[-57, -24, 26, -91, -107, 15, 55, -102]
[-126, 113, 62, 63, -98, -103, -17, -125]
