[-6, -28, -8, -1, -2, -1, -2, -2]
[-5, -10, -3, -5, 1, -6, -4, -2]
[1, 14, 7, 2, 6, 7, 4, -3]
[-2, -14, -4, -1, -4, -3, -4, 0]
[2, -2, 1, 2, 8, 11, -1, 1]
[-1, 9, 3, -1, -1, -4, 1, -2]
[1, -2, -4, 2, -2, 1, -2, 2]
[-1, -3, 2, -3, -3, -10, 1, 2]
[-1, -9, 1, 0, -3, -1, -5, -1]
[3, -2, 1, -2, -6, -5, -1, -1]
[-4, -2, 2, 3, 2, -3, -9, -3]
[1, 7, 3, -1, 1, 0, 1, 1]
[3, -8, -3, -4, -4, 5, 2, -1]
[-3, 3, 0, -1, 1, -4, 0, 0]
[-1, 1, 1, -1, -3, -3, -1, 0]
[0, -4, -3, -1, 5, 2, -2, -1]
[-2, -3, -4, -1, -2, -4, 0, -3]
[-2, -8, -5, -2, 0, -2, 1, -1]
[1, -7, 3, 2, -3, -3, 0, -1]
[1, 2, 0, 1, 2, 6, 2, 2]
[-2, 4, -1, -4, -3, -4, 1, 1]
[0, 5, 2, -1, 2, 0, -3, -3]
[0, 1, -3, -2, -3, -2, -1, 1]
[0, -3, 2, 0, 1, -2, -1, -1]
[0, -1, 2, 1, -3, -2, 1, -1]
[0, -1, 2, 0, -2, 1, -2, -2]
[0, -1, 2, -2, 3, -1, -4, -19]
[-2, 2, -3, -1, 1, 3, 0, 9]
[2, 0, 0, -1, 0, 1, -1, 3]
[-1, -2, 4, 5, 3, -1, 0, 0]
[-1, -4, -2, -2, 0, 1, 2, -1]
[-3, -1, -1, -2, 5, 0, -1, 5]
[4, 5, -1, -4, -5, -2, -3, -5]
[-2, -5, -7, 0, 1, 5, 0, 0]
[-4, -2, 1, -1, 1, -2, -1, -3]
[2, -2, -1, 1, -1, 1, -1, 1]
[0, 2, 2, 1, 2, 0, -3, -2]
[-2, 0, -1, 2, 2, 2, -6, -3]
[-2, -4, -4, -3, 0, 1, -1, 0]
[-1, -2, -1, -2, -3, 0, 1, -2]
[-2, 1, 1, -2, -4, -4, -4, -5]
[0, 0, 1, -2, -1, -1, -1, 8]
[5, -2, -2, -2, -5, -2, -1, -12]
[0, 0, -2, -1, 0, 2, 4, 3]
[-6, -3, 1, -1, -4, -1, 1, -6]
[-1, 0, 3, -1, 1, 3, 0, 0]
[-8, -2, -3, -3, -2, -1, 20, 8]
[1, 6, 1, -1, 1, -3, -2, 2]
[-9, -1, 5, -6, -3, -8, -15, 12]
[-36, 27, -5, -22, -10, -10, -9, -12]
[10, 32, 10, 5, -1, 1, 4, -59]
[1, -11, -6, 2, 4, -15, -8, -63]
[2, 10, 4, 15, 0, -20, 14, 7]
[27, 0, -8, 4, -5, -13, -5, 34]
[-6, -11, 8, -6, 5, 4, 4, -29]
[7, -3, -3, 0, -2, 0, -3, 8]
[-20, -3, -3, 3, -2, 7, -1, -15]
[-3, -10, -4, 4, 2, -3, 4, 11]
[9, -2, -7, 5, -1, -4, -4, 41]
[34, 1, 3, 2, 3, 7, 3, -2]
[-6, -4, -10, -4, -2, 12, 7, 47]
[0, 2, 4, 2, -2, 3, 3, 38]
[-23, 4, -3, -7, -3, 1, -5, 26]
[-65, -4, 1, -4, 3, 0, 3, -51]
[27, -1, -5, 1, 3, -3, -3, 42]
[2, -7, 9, -11, -3, -3, -6, -33]
[-18, 5, 7, 6, 1, -2, 8, 36]
[37, 4, 2, 3, 2, 2, 3, -49]
[-12, -2, -1, 8, 1, -8, -2, -38]
[-5, -3, 6, -8, -4, -9, -15, -73]
[23, 11, 10, -2, 2, 9, 8, 22]
[11, 5, 4, -3, -2, -2, -4, 10]
[0, 1, -9, -4, 2, -9, 1, -23]
[4, 1, -1, 3, 1, 5, -1, 8]
[6, 0, 8, 13, 5, -6, 2, 61]
[29, -1, -11, 2, -4, -4, 7, 0]
[16, -3, -4, -12, -2, -3, -2, -23]
[29, 16, 7, -8, -4, 4, 5, 66]
[22, -5, -7, 0, 0, 0, 1, -5]
[-15, -1, 11, 8, 5, -2, 1, 29]
[-60, -6, 5, 3, 2, -12, -20, -72]
[6, -10, -4, -7, 0, 12, -7, -48]
[15, -6, -14, 3, 3, 4, 14, 47]
[2, 0, 13, 0, 1, 0, -1, 7]
[-51, -7, -6, -2, 4, -1, 2, -32]
[0, 4, 3, 13, 1, -5, -11, -4]
[-25, 7, 3, 9, 4, 12, 22, 58]
[-53, 0, -11, -10, -5, -1, 22, 37]
[12, -3, 6, 1, 0, 0, -5, -23]
[18, 4, -5, 2, -1, -1, 0, 10]
[17, 5, 1, -5, 0, 1, 0, 9]
[2, -6, -5, -7, -4, -2, 14, -20]
[13, -1, 15, 2, -2, -4, -6, -6]
[11, 0, 5, -4, -7, -1, -5, 6]
[-15, 14, 4, 1, 1, 8, -4, -14]
[4, -7, -2, -1, -1, 4, -5, -4]
[-1, -3, -5, -6, 0, 24, -13, -9]
[16, 17, 7, 2, 3, -10, -13, 4]
[6, 26, 10, 1, -1, 1, 0, 4]
[1, -13, -4, 4, -2, 10, 7, 10]
[5, -26, -8, 3, -4, -5, 11, 13]
[-13, 56, 1, -10, 8, 23, -27, -29]
[2, -11, -2, 3, 0, -43, -5, -2]
[-6, -57, 2, -8, -5, 46, 9, -19]
[-16, -94, -19, -13, 12, 42, 5, 15]
[-10, 9, 1, 1, -20, -95, -3, -28]
[24, 101, 24, 16, 15, 18, 7, 9]
[-3, 6, -10, -8, 1, 7, -24, -14]
[-13, 22, 7, 1, 1, 33, -7, -15]
[0, 8, 2, -9, 2, -18, -46, -11]
[6, 49, -10, -1, 4, -24, 1, 5]
[19, 42, 6, -1, -2, -10, 2, 40]
[12, -3, 12, 11, -2, -10, 1, 10]
[-7, -9, 19, 24, 0, -13, -7, -14]
[30, 36, 5, -5, -6, 42, 14, 78]
[-53, -5, -13, 28, 13, 35, 16, 4]
[-1, -7, -5, -17, -3, -18, 5, 67]
[-35, -11, 11, -4, 1, -12, -11, -7]
[52, 16, 0, 1, 0, 24, 6, -2]
[-47, -16, -7, -2, -6, -38, -17, -6]
[21, 9, 0, -1, -1, 0, 2, -6]
[-74, -25, -8, 28, 6, -11, -15, -46]
[58, 16, 19, 31, 6, 12, 8, 3]
[-23, -14, 1, -4, 0, -2, 5, -61]
[-78, -6, -10, -16, 0, 8, 21, 95]
[47, -2, -10, -12, 1, -3, 3, -54]
[21, -3, -7, 7, -2, -11, 2, 127]
[15, 3, 11, 2, -1, -12, -14, -8]
[-19, 2, 1, -24, 4, -15, -8, -86]
[47, 0, -9, 8, -1, -9, 5, 66]
[-7, 5, 15, -9, -5, 16, 11, 80]
[-55, 4, -21, 0, 1, -10, -1, -88]
[74, -5, -7, -4, 2, -4, -29, -57]
[22, 3, -7, 17, -3, -9, 11, 82]
[26, -13, -18, -21, -5, 14, -21, -2]
[-113, -16, 0, -14, 4, -7, -4, -56]
[-23, -1, 17, 14, 0, -4, -13, -42]
[19, 9, 2, 10, 4, 25, 19, 62]
[-35, 4, 12, 19, -4, -23, 2, 55]
[16, 8, 12, 37, 3, 10, -3, 51]
[17, 1, -1, -2, -4, -6, -7, 12]
[7, -2, -21, -31, -4, -13, 13, 50]
[-28, -27, 6, -12, 2, 19, -1, -77]
[-66, -11, -21, -12, -6, -2, 0, -74]
[17, 16, -22, -4, 0, 5, 10, 72]
[26, 9, -19, -11, -3, -3, -4, 64]
[-47, -12, 47, 16, 5, -11, -13, -113]
[-27, 4, 8, -4, 0, -8, -11, -58]
[-56, -17, -8, 3, -3, 33, 8, -30]
[-17, -17, -10, -3, 6, 4, 12, -8]
[37, -8, 29, 1, -3, -4, -15, -79]
[80, 8, -11, -3, -1, 4, -16, 8]
[1, -4, -10, 14, 12, 16, 27, -33]
[41, 13, 6, 18, -2, -13, 11, 34]
[8, 7, -26, -3, -7, 33, 19, -18]
[3, -13, -7, -12, -7, -16, -13, 37]
[5, 0, 13, -1, -2, -2, 1, -10]
[44, 10, 1, 0, -9, -5, 4, 100]
[-41, -2, 5, -23, -4, 3, -4, 12]
[-21, -5, 25, 31, -1, -16, -12, -49]
[27, 14, -1, 2, 1, 0, 9, 49]
[58, 0, -13, 1, -1, -2, 3, 65]
[-6, -11, -2, 7, 0, -7, -21, 3]
[-94, -18, 3, -11, 0, 5, -5, -44]
[0, 6, 6, 3, -2, -27, -1, -18]
[20, 6, -28, -8, -5, -7, 2, 2]
[-4, 1, 8, 12, -2, -6, 7, 19]
[-32, 3, 7, -8, 3, 4, 22, 60]
[20, 11, 1, 14, 1, 6, -3, -37]
[-69, -17, -25, -23, 0, -5, -2, -4]
[4, 0, 19, 4, 0, 12, -2, -27]
[7, 9, -4, -8, -3, -14, -16, -41]
[16, 5, -2, 7, -5, 5, -2, 23]
[30, 3, 16, 9, -2, 11, 22, 57]
[-27, 1, 28, 17, -4, -4, 8, 68]
[67, 23, 4, 1, 4, -7, 6, 75]
[8, -15, -34, 4, -1, 3, 4, -12]
[-10, -21, 5, -1, -1, -10, -19, -24]
[36, -3, 13, 5, -3, -11, -5, -26]
[0, 5, -2, -11, -3, -8, -17, 18]
[3, -2, 18, 7, -2, -22, -10, 28]
[16, 5, 3, 5, 3, -9, -29, -6]
[-3, -1, 7, 13, -4, 4, 9, -18]
[24, -3, -23, -10, -2, 6, 16, 4]
[25, -11, -3, -6, 0, -1, 3, 21]
[-15, 1, -3, -16, 3, -5, 10, 6]
[-25, 0, -8, -4, -1, -4, -12, -33]
[-3, 9, -5, 3, 4, 23, 14, 33]
[18, -6, -4, 2, 4, 10, 11, 31]
[-3, 0, 10, 5, -3, 7, -7, -63]
[-11, -15, -8, -13, -4, -13, -14, 3]
[-44, -7, -26, -2, -2, 13, 14, -20]
[20, 3, 1, 20, 3, 1, 8, -28]
[-1, -4, 7, 2, 1, -6, -1, 14]
[-21, -6, 11, -2, 0, 12, -1, -3]
[0, 0, 18, 10, -3, 1, -5, -3]
[17, -2, -13, 7, 0, -4, -1, 56]
[12, 7, -6, -10, -3, 7, 3, -33]
[-10, -5, 2, -4, -7, 25, 2, -16]
[-13, 4, -26, -12, -2, -5, 9, -4]
[0, -3, -3, -9, 1, 15, -14, 5]
[36, 0, -13, 11, 5, -1, 1, -15]
[-6, -4, -1, -6, 0, 4, -4, -15]
[-22, -6, 3, -21, -9, -21, -10, -39]
[-1, 3, -4, -16, -2, -11, -16, -65]
[-2, -12, -2, 4, 5, -19, -10, 18]
[-19, -4, -7, -7, -2, 8, -9, -17]
[-19, -10, 3, 4, 6, 3, 1, 66]
[-20, 7, 7, -11, -2, 2, -1, -7]
[6, -2, 4, 2, 0, -2, 1, -5]
[6, -4, -9, -9, -8, 5, -4, -19]
[21, -1, 19, 11, 2, 0, -3, 28]
[28, 1, 6, 22, -1, 4, -4, 42]
[-8, -5, -22, -21, -5, 2, -11, -15]
[-50, -7, -25, -8, 1, -4, 4, -77]
[-36, -7, 16, 22, 7, 6, 14, 3]
[-29, 7, 15, -1, -7, -1, 31, -15]
[21, -3, -5, 4, 2, 10, -1, -4]
[-10, 4, 7, -2, 2, -18, -24, -16]
[-58, -12, 4, -11, -2, -14, -10, -30]
[12, -7, 4, 4, 6, -9, -5, -7]
[-15, -7, 5, 8, 0, 13, 13, 5]
[1, -8, 2, 5, -5, -17, 1, -5]
[-3, 0, -8, -4, 7, 5, -8, -2]
[0, 4, 7, 1, -5, 8, 0, 5]
[-12, 16, -9, -9, -3, 8, 7, 25]
[15, 0, -4, -5, 5, 6, -4, -13]
[-16, -13, -5, -2, -1, -27, -3, 1]
[17, -1, -20, -6, -1, -2, -2, 16]
[9, 5, 7, -3, -6, 14, 6, 5]
[24, 0, -3, 10, 4, -9, -1, 13]
[-10, 10, -1, -5, -9, -14, -13, -28]
[-7, 0, 5, -7, 1, -1, -18, -21]
[14, 4, -2, 8, 0, 4, 7, 15]
[-28, 3, 9, 0, 4, -21, -4, 15]
[13, 0, 8, 4, -4, 9, 9, 10]
[12, 8, 4, 6, 6, -11, -2, 19]
[19, -2, -14, -19, -8, -4, -12, -19]
[3, 1, -1, 1, -2, 12, -1, -14]
[3, 3, 12, -6, -4, -1, -3, 13]
[-15, 9, 4, 9, -2, -8, -2, -2]
[-5, -4, -17, -19, -2, -1, 3, 6]
[11, 9, 0, 11, 3, -8, -2, -8]
[-15, -2, 1, 1, 7, -12, -2, 14]
[-8, -16, 5, 6, -2, 7, 1, -17]
[4, 3, 3, 0, -5, -8, -6, 13]
[3, 0, -11, -3, 1, 7, 0, -8]
[-2, -1, -8, -1, 2, 7, -1, 13]
[13, 5, -1, 7, 3, 6, 11, 13]
[-1, -13, 10, 2, -1, 6, 7, 13]
[-2, -6, 1, -1, -2, -5, -1, 12]
[6, -3, 22, 11, 1, 1, -3, -11]
[10, 6, -5, -2, 1, 0, -5, 2]
[2, -2, -13, -6, 1, 17, 3, 22]
[-1, -9, 20, 0, 4, -1, -4, 2]
[-9, -2, -14, 1, 3, -9, -9, -3]
[-2, 0, -4, 2, 6, -8, 7, -3]
[-10, -8, -3, -5, -6, 3, -4, -33]
[-16, -1, -15, -5, -8, -15, -3, -4]
[-15, 4, -8, -13, -5, -3, -9, 38]
[-12, -14, -4, -5, -10, -17, -10, 3]
[12, 0, -4, 0, -4, -19, -6, 0]
[21, 6, 2, 7, 4, -1, -21, -4]
[7, -5, -2, -3, -2, 7, -1, -2]
[-8, -3, 0, 2, -5, 6, 2, -5]
[-8, -6, -14, -11, 1, -2, 7, -8]
[1, 5, -6, -2, 2, 9, 5, -21]
[-11, -5, 8, -3, -7, -12, -2, 7]
[9, -2, -9, -3, -6, -5, -1, -16]
[0, 2, 2, -6, 2, -27, -18, -3]
[-24, -8, 10, 9, 0, -1, 13, 17]
[13, 7, 0, 3, 5, 17, 12, 5]
[4, -1, -6, -4, 7, 24, -24, -9]
[7, 10, 1, -2, -1, -13, -8, -9]
[-15, -4, 11, 4, -3, -39, 14, -3]
[-2, -8, 12, -6, 7, 7, 4, -2]
[-4, 6, -8, -1, -3, -16, 3, 0]
[14, 5, 1, 8, -3, 3, 1, -2]
[0, 4, 0, 5, -1, -6, 5, 7]
[-11, -1, 4, 1, -4, -13, -7, -1]
[13, 9, 5, 10, 0, 1, 9, 2]
[-10, -3, -16, -9, -1, 54, 4, -1]
[-11, -2, -5, -5, 3, -10, -3, -3]
[-19, -6, 0, 2, 1, -12, 10, -3]
[8, -6, -4, -1, 2, 3, 2, -1]
[7, -8, -5, -7, -3, 2, -2, -4]
[9, 9, 18, 12, 1, 28, 16, 1]
[-6, 3, 4, -2, -4, -13, -7, -7]
[20, -2, 4, 4, -2, -3, 3, 2]
[12, 6, -5, -6, -5, -7, 8, -2]
[-6, -10, -3, -9, 1, -19, -9, -2]
[13, 1, 9, 2, 1, 19, 7, -5]
[-6, -2, -9, -10, -7, -10, -10, 2]
[8, 2, 6, 6, 8, 6, 10, -8]
[-4, 6, -7, -9, -2, -9, -7, -1]
[1, -1, 4, 7, -1, -3, -8, 0]
[16, 2, -11, -12, 1, 8, -3, 1]
[-4, 2, 9, 3, -1, -1, -10, -6]
[-10, -10, 5, -5, -1, -2, 8, 0]
[-6, -8, 0, 3, 0, 6, 1, -1]
[-11, -2, 9, -1, 2, -4, -4, 3]
[3, -9, -3, -2, 5, 6, 0, 0]
[-2, 1, 6, 3, -6, 1, -2, -2]
[0, -22, -3, -1, 3, 2, 4, 2]
[0, 0, 0, 0, -2, -8, 1, 2]
[1, 9, 1, -4, -1, 6, -12, -4]
[-35, -10, -1, 4, 1, 4, 1, -12]
[4, 6, 2, 2, 3, 16, 1, -5]
[4, 5, -5, 1, -4, -14, 5, 4]
[9, 1, 2, 0, -2, -30, -5, 0]
[0, -9, 1, 0, -3, -5, 13, -3]
[-15, -9, -4, -7, 0, -4, -1, 0]
[-8, 4, 0, 10, 3, 3, 1, -2]
[2, 1, 0, -6, 0, 9, 0, 0]
[-8, -14, -1, -8, 1, -8, -13, -4]
[4, 10, -2, -1, -1, 7, 9, 1]
[11, 6, -5, -4, -4, 8, 5, 0]
[5, 3, 2, 3, -2, -6, 0, 0]
[-5, -11, -3, -6, -1, -63, -35, -6]
[-19, 0, 7, 5, -2, -18, -2, -1]
[11, 8, 5, 4, -1, 21, 16, 1]
[18, 10, 0, -4, -1, 24, 17, 3]
[-28, -16, 2, 5, 1, 17, 11, -5]
[-3, -14, 1, -1, 0, 3, -3, -2]
[4, -9, -12, 3, 2, -3, 3, 2]
[20, -18, -11, -4, 0, 15, 10, 3]
[-6, 0, 8, 0, 0, 21, -9, -1]
[0, 6, -4, -1, -6, -17, -10, 0]
[-3, 4, -1, -5, -1, 17, 0, -1]
[12, -3, 3, -2, 1, -22, -9, 2]
[-3, -5, 6, 5, -4, 23, -28, -2]
[-1, 5, 1, 2, 10, 4, 20, 0]
[5, 2, 0, 3, -3, -16, 10, 2]
[-7, -15, -5, -2, -4, -6, -1, -3]
[2, -15, -14, 0, -3, 33, 2, -3]
[-7, -11, -3, -2, -1, -22, -9, -3]
[-4, 6, -2, -2, 0, -3, 4, 1]
[11, 7, -2, -3, -3, -8, 5, 2]
[0, 7, 1, 1, -3, -21, 1, 2]
[-19, 7, -10, -6, -4, 1, 3, -2]
[-3, -6, -4, 3, 1, 10, -3, 5]
[-8, 0, -10, -2, -1, -26, 4, -2]
[-9, -7, -4, -11, -5, 5, -1, -3]
[6, -14, 1, 1, -5, 10, 2, -1]
[-4, -7, 4, -1, -1, -4, -7, -3]
[3, 8, 10, 2, -4, 3, 0, 8]
[-2, -2, 7, 10, -2, 15, 0, -4]
[14, 9, -6, -1, -4, 26, 0, 2]
[10, -5, -1, -4, -3, -11, 1, 2]
[-1, 0, -2, -3, -1, -2, -2, 0]
[-8, 3, 14, 10, -2, -12, -8, 1]
[9, 1, -6, 9, 2, 11, 10, 28]
[-1, 0, -7, 0, -4, 47, 26, 6]
[-2, 8, 8, -6, 1, -9, -6, -1]
[18, 7, 4, -9, -4, -19, -7, -30]
[6, 7, 0, -5, 3, 7, 7, -4]
[-9, -14, -26, -5, -8, 23, -2, -4]
[-23, -10, -5, -10, -2, -16, -12, 2]
[-21, -6, 10, 0, -1, -3, 4, 10]
[-1, -2, 20, 15, 3, -7, 2, -9]
[31, 9, -5, -3, 0, -2, 15, 19]
[37, -2, -10, 0, 0, -2, -1, 27]
[-6, 4, 6, 3, -5, -2, -2, 12]
[-9, 7, 11, 8, 0, -13, -4, -13]
[34, 13, 16, 20, 3, 4, 12, 17]
[-16, 9, 0, -2, 1, 8, 1, -21]
[13, -3, 5, -3, 0, 20, 1, -31]
[28, -3, 7, 1, -5, -5, -6, 23]
[-3, 5, 8, 4, 1, 5, 6, 30]
[-7, -11, -11, 1, -1, -5, -1, -28]
[2, -4, -1, 2, -1, -10, -2, 24]
[19, 8, -11, 10, 0, -3, -6, 29]
[-1, 6, 6, 8, 11, 14, 3, 3]
[-9, -14, -6, -6, 1, 3, 1, 11]
[-16, 1, 0, 0, 0, -21, -7, -3]
[2, 13, -11, -2, -1, 14, 9, -1]
[-1, -12, -4, -10, -5, -16, 5, 5]
[-7, 0, -1, 1, 0, 22, 11, -5]
[7, 5, -5, -4, -5, -25, -9, -23]
[9, 5, -2, -4, -12, -26, -5, -5]
[0, 2, -3, -1, 2, 13, 7, 3]
[-3, -5, -10, -2, 3, -8, -16, -1]
[-2, -10, -12, -2, 2, 4, -11, 2]
[8, 2, -10, 4, -4, 6, -17, -16]
[-4, 0, 1, -4, 2, 2, -14, 0]
[-15, -8, -6, -12, -1, 7, 5, 11]
[-20, 5, 9, 1, 2, 25, 11, -7]
[5, 10, -3, 5, 4, 4, 20, 2]
[-5, 9, 4, 1, -5, -18, -7, -2]
[-12, 8, -5, -3, 3, -12, 4, 4]
[7, 4, 6, 1, -1, -4, 3, 1]
[5, -5, -3, -4, -1, -15, -28, -5]
[5, -8, 6, 4, -4, -18, 3, 0]
[6, -1, -9, -1, -5, -10, 8, 2]
[6, 0, 2, -7, -1, 25, -2, -2]
[-14, 0, 2, 1, 2, 27, 0, -4]
[9, 8, 19, 3, 2, -6, -2, -3]
[-7, 1, 4, 3, -1, -10, -5, 2]
[-3, -3, 0, 3, 0, 3, 11, 1]
[-6, -5, 1, 9, 1, -6, 1, -3]
[-8, -4, 0, 4, -3, -14, 2, -1]
[6, 0, 5, 6, -2, -6, -3, 0]
[5, 1, -4, 2, 1, 14, 13, 1]
[-3, 0, 3, -5, -3, -11, -1, 3]
[5, 6, -1, 3, -1, -4, -1, 2]
[2, 1, 3, -1, 0, 1, -3, -2]
[0, -4, 3, -3, 5, -2, -9, -3]
[-14, 1, -1, 5, 3, -1, 9, -1]
[1, -13, -4, -1, -5, -5, -12, 3]
[-2, -19, 3, 0, -2, 8, 23, 3]
[0, 0, -4, -2, -4, -2, 0, -4]
[4, 8, 2, 0, -2, 6, 5, -4]
[12, 6, 4, 2, 1, 8, 7, 6]
[0, -2, 3, 1, -7, 0, 1, 0]
[-33, -3, -3, -3, 1, 3, -10, -6]
[13, 7, -2, -2, 2, 25, 6, 4]
[-3, -8, -14, -10, -3, 0, 1, 1]
[-15, 1, -5, -6, 2, 6, -1, -4]
[-6, -3, 6, 4, 1, 0, -11, -2]
[10, 2, 5, 1, -3, 1, 11, 5]
[4, 1, -5, -2, -1, 9, 9, 4]
[-24, -10, -2, 2, 1, 3, 0, 4]
[4, -14, 0, -4, 2, -9, -6, -5]
[3, -3, -5, -4, -1, 28, 3, -3]
[9, 11, 7, 2, 0, -11, -1, -1]
[-19, 3, -2, -7, -2, -11, -4, -2]
[4, -3, -5, -4, -2, -2, -6, -1]
[18, 0, 9, 2, -1, -15, -2, 2]
[2, 3, 19, 10, -2, 7, 39, 2]
[9, 2, -13, -1, -5, 0, -9, -1]
[-2, -4, -4, -2, 3, -1, -4, -3]
[2, 0, 5, 8, 4, -6, -5, -4]
[-17, -12, 4, -1, 1, -5, -9, -3]
[0, -2, -7, -7, -6, -13, -11, 0]
[-31, -9, -3, -4, -5, 4, 6, -7]
[-11, -5, -1, -3, 0, 0, -10, -8]
[2, -1, -1, 2, -3, 10, 5, 2]
[3, 4, -13, 4, 6, 12, 0, 4]
[15, -4, -4, -8, -1, -3, -2, -2]
[-6, -7, 6, 3, 0, -9, 5, -4]
[4, 1, 9, -4, 1, 7, -1, -4]
[-8, -12, -2, -7, -4, -16, -11, 1]
[9, 2, -2, -6, -7, -9, 15, 2]
[3, 9, 0, 3, 1, -2, -2, -1]
[3, 5, 7, 0, -2, -9, 10, 0]
[10, -3, -6, -2, -1, 1, -1, 2]
[24, -4, 1, -7, -5, -9, -11, 0]
[-4, -1, 1, 6, -2, 3, 4, 3]
[-12, 1, 0, 3, -1, -5, 2, -5]
[1, -10, -3, -1, -1, -8, 0, 0]
[-1, 1, 1, 3, 0, 13, -2, -2]
[10, 13, 0, -3, -7, 10, 34, 1]
[-35, 1, -17, -5, 0, 22, -9, 1]
[6, 4, 7, 4, -2, -21, -3, 4]
[2, -1, 1, -5, -1, -12, -3, -3]
[4, -4, -3, -5, 2, -10, 0, -3]
[5, 6, 3, 5, 5, 4, -9, 2]
[-6, 8, -3, -3, 0, 4, 1, 5]
[5, 0, 19, 16, 0, -7, -1, 0]
[-14, 8, -11, -3, -1, -9, -5, -9]
[7, -9, -5, 1, -4, 3, -3, 2]
[-3, -10, -4, -1, 0, 2, 6, -3]
[9, -3, -7, -3, -2, 12, -7, 0]
[-5, -17, -11, -3, 1, -2, 7, -8]
[10, -3, 5, 2, -1, -2, 2, 4]
[6, 3, -1, -4, 1, 10, 6, 1]
[-13, 12, 8, -4, 1, 7, -5, -3]
[-10, -3, -5, -4, -3, -6, -1, -3]
[0, -2, -3, -2, -1, 4, 5, 2]
[1, -9, -5, -10, 2, 14, 8, -4]
[9, 5, -11, -5, -5, -11, 8, 6]
[6, 10, -6, -6, -2, -5, -5, 3]
[-3, -2, 1, 15, 0, 11, -10, -1]
[5, -4, 2, 2, 0, 0, -14, -2]
[-1, -2, 3, 2, 0, 2, 7, -2]
[7, -4, 0, -2, 5, 14, 2, -2]
[0, -5, 1, -2, -2, 10, -9, -1]
[-10, -8, 0, 0, -2, -11, 2, -5]
[0, 4, -8, -7, -3, -8, -4, 3]
[-1, -1, 2, 0, -1, 8, 5, -1]
[2, 5, 5, 0, -3, 0, 4, -1]
[-15, 2, 13, 15, 5, 2, 1, 1]
[-33, -10, 5, -3, 1, -8, -3, -6]
[-2, -1, -9, -3, 2, 31, -2, 0]
[-12, 2, 5, 9, -9, -2, -11, -5]
[-8, 8, -7, 4, -5, -11, -9, -1]
[1, -4, -2, -11, -2, 5, 4, -3]
[-2, -3, 3, 3, 0, 10, 0, 3]
[8, 8, -4, 1, -1, 1, 8, 2]
[8, 4, -2, -6, -2, -3, 2, 4]
[7, 0, -5, -1, 7, 8, 2, 1]
[6, -2, 0, -1, -1, 11, -8, 0]
[0, -5, 0, -6, 2, -11, -6, -1]
[5, -2, -5, 1, -7, -22, 2, -3]
[9, 2, -10, -4, 2, 12, -8, 0]
[13, 10, 1, 4, 0, 15, 7, 0]
[-6, -10, 5, 7, 3, 1, -11, -1]
[0, -18, 7, -4, -1, -3, -4, -1]
[8, 3, -3, -2, -5, 4, 3, 3]
[-6, -7, -5, 4, 3, 3, 9, -1]
[-7, -6, -5, -2, -1, 2, -3, -4]
[3, 7, -6, -5, 0, 6, 7, 0]
[12, 0, -5, -5, -1, -3, 6, 0]
[-20, -12, 0, -4, -4, -3, -5, -1]
[2, 1, -2, 15, 3, 12, 2, -2]
[-10, 7, -4, -6, 0, -10, -13, -3]
[-12, -3, -2, 5, 7, -7, -11, 1]
[-11, -7, 3, 1, 0, 22, 37, 4]
[-12, 6, -2, -3, 0, -2, -2, -9]
[4, -1, 2, -5, -7, 6, 10, 6]
[-4, -6, -1, -1, 4, -9, -5, -3]
[-5, -9, 8, 4, 2, 24, 7, 2]
[0, -7, 1, -5, 1, -15, -6, 2]
[3, -13, -1, -13, -6, -40, -30, -3]
[-5, -8, 7, -6, -2, -14, -8, -1]
[12, -8, -8, -3, 4, 17, -1, 3]
[-10, 3, 1, 11, 2, 6, 18, 0]
[15, 14, 1, -5, -2, -6, 6, 3]
[4, 4, 3, 0, 0, 30, 8, 0]
[7, 8, -2, 2, -4, -11, -4, -3]
[-13, -13, -1, -8, -10, -14, 9, -1]
[13, 10, 1, 0, 2, -10, 2, -2]
[-7, -7, -9, -2, 0, 1, -1, -4]
[-16, -11, -11, -6, -5, -9, 5, 0]
[11, 1, 2, 0, 4, -16, -7, -1]
[1, 4, 2, 4, -2, 1, -3, 5]
[-3, -3, -2, 6, 5, 8, 4, -2]
[7, 3, -1, -3, -2, 19, -7, 0]
[27, -1, 2, -2, -9, -3, -3, 3]
[0, 4, 2, -6, -2, 17, -1, 1]
[-4, 2, 6, -11, -3, -6, -2, -3]
[-17, 0, -1, -4, -2, 0, 8, 2]
[-7, -11, -10, -1, 3, -17, -8, 2]
[7, 12, -1, 1, 1, 6, 10, -2]
[-6, -5, -12, -4, 3, 0, -2, -6]
[-17, 9, 8, 8, 3, 7, 3, 1]
[16, 0, -9, 0, 2, 28, 2, 3]
[2, -2, -2, 3, 1, -4, -15, -5]
[-14, -12, 1, -2, -5, -9, -2, -2]
[-45, -29, -3, -7, -3, 18, -9, -8]
[-2, 0, 3, -1, 0, 0, 6, 0]
[7, 2, 2, 0, -1, -8, 0, 2]
[10, 10, 2, 0, -5, 3, 4, -1]
[11, 8, 4, -3, 2, 5, -2, 1]
[6, -1, -7, -5, 2, -5, 0, 1]
[4, -4, 4, 4, 1, -8, 1, 2]
[-8, -10, -3, -3, 0, 14, -5, -6]
[18, 0, -2, 1, 2, 1, 4, 2]
[-2, 3, 2, 5, -1, -14, -2, 0]
[-2, -1, 12, 5, -1, -8, -6, -3]
[-1, -1, 4, -3, -1, -2, -4, 0]
[-10, 2, -6, -6, 1, 5, -7, 0]
[-14, -1, -2, -4, -4, -5, 2, -1]
[3, 6, -3, 0, 1, 3, 14, 1]
[-13, 5, 1, 3, -1, -16, 3, 2]
[-1, -5, -7, -7, -9, -34, -20, -3]
[5, 5, 1, -3, -3, 1, 8, 7]
[13, 9, -2, -1, -5, -5, -1, 0]
[-5, 0, 15, 8, 2, 3, 3, -3]
[3, -8, 2, -2, 0, 10, 2, -1]
[0, -12, -15, -8, -2, 15, 7, -2]
[12, 9, -5, -2, 0, -13, -1, -1]
[-8, 6, -4, 2, 0, 0, -3, -1]
[-2, 0, 6, -6, 0, -25, -9, -1]
[-9, 0, 4, -3, -2, -9, -6, -3]
[3, -10, 8, -4, -1, -5, -5, -3]
[12, 1, 0, 3, -1, -3, -1, -1]
[4, 16, -3, -2, 4, 3, -3, 0]
[5, 12, -6, -3, -1, 8, 2, 3]
[12, 9, 9, -5, -2, 19, 3, 0]
[-15, -7, -3, 4, 3, -5, 2, 3]
[-7, -4, 1, 2, 1, -22, -3, -2]
[-5, -5, -13, 2, 3, 0, -2, 0]
[-15, -5, 3, 7, 4, 1, -13, -7]
[3, 4, -6, 1, -1, -5, 0, 1]
[11, 2, 0, 0, -5, -19, -3, 1]
[-20, -6, 1, -3, 1, -1, -5, -5]
[17, 3, 0, 3, 1, 11, 0, -2]
[3, -3, -1, -4, -5, 5, -3, 5]
[-7, 4, 4, 3, -1, 0, -3, -5]
[-8, -20, -1, -2, 3, 6, 7, 1]
[-8, -4, 2, 3, 0, -6, 3, -7]
[0, 11, -4, 5, 1, 5, 6, -2]
[27, 4, -3, 5, 4, 16, 5, 1]
[9, 7, 2, 3, -4, -13, 1, 4]
[-9, -9, 7, 8, 3, -3, 6, -3]
[2, 10, -3, -4, 6, 8, 0, 4]
[6, 9, 11, 5, 0, 11, 5, 3]
[10, -2, -1, -9, -4, 6, 0, 3]
[-10, -3, -10, 0, -1, 3, 0, -4]
[14, 1, 0, -3, -2, 6, 12, -3]
[-1, -9, 0, -4, 3, 5, -1, 1]
[-8, 3, -2, -4, -4, 0, -1, -1]
[2, 9, 1, 8, -1, 33, 9, 0]
[-17, -16, -12, 4, 1, -16, 3, 5]
[15, 10, 10, 4, -2, -23, -10, 4]
[5, -3, -8, -8, -6, -21, -4, 11]
[5, -3, -13, -3, 1, 6, 10, 7]
[-12, -1, 2, -4, 1, -5, -4, -3]
[7, 5, 5, -2, -3, -17, -22, -6]
[3, -1, -6, 0, 0, -8, -8, -4]
[-8, -8, -4, -6, 0, -9, -11, -3]
[-13, -25, 6, 5, 1, -2, 5, 2]
[2, 4, 6, 10, -4, -5, 1, -2]
[6, 11, 4, 1, -1, 18, -2, -5]
[0, -3, 2, 2, -2, 32, 6, 6]
[-11, -4, -3, -13, -3, 0, -4, -1]
[-8, -3, -4, 0, -1, 6, 7, 2]
[10, 0, -7, 4, 1, 1, 12, 8]
[-9, -21, -3, -3, 6, -1, -7, -21]
[2, 3, 4, 13, 2, 3, -2, 1]
[9, 6, 8, 9, 5, 5, 11, 5]
[10, 12, -9, -1, 1, 2, 1, -10]
[-14, 7, 3, 2, -2, 2, 8, 0]
[-17, -20, 4, -6, -1, -11, -17, 10]
[7, -3, 12, 5, 0, -4, -20, 11]
[-1, -11, -10, -5, -3, -2, -2, -9]
[0, -21, 2, -1, -3, -13, -3, 4]
[-2, 1, 5, -6, -2, 23, 1, 10]
[-4, -2, -15, -1, -1, 11, 11, -1]
[-10, -1, -8, -6, -2, -5, 3, -41]
[6, 11, -4, 0, 1, 2, 0, 3]
[3, 9, -16, -1, -1, -3, 4, 15]
[12, 1, -6, -3, -3, 24, -4, 4]
[-45, -10, 3, -6, 2, 0, -14, 7]
[6, 1, 14, -2, -4, -8, 2, 13]
[-13, -2, -1, -4, -9, 1, -2, -7]
[-40, -17, 16, 11, 2, -14, 2, 5]
[1, 6, -3, 3, 2, 2, -5, -22]
[-15, 1, -1, -3, 1, -16, -1, -19]
[19, 8, -10, -7, -1, -17, 0, 0]
[-2, 0, 1, -5, -4, 1, 18, 14]
[-14, -6, -3, 4, 0, -5, 6, 10]
[-24, -6, 1, 3, 7, 8, 5, 5]
[5, 1, 2, 1, -4, -3, 7, 4]
[-31, -6, -1, 7, -4, -6, 4, -3]
[2, 10, 17, 1, -5, -1, 2, -8]
[0, -9, -5, -3, 0, 2, -5, -3]
[2, -4, 1, 2, 2, 1, -7, 20]
[-6, 0, -7, 1, -3, -4, -2, 12]
[37, 1, -16, -4, -1, -1, -3, -4]
[-1, 7, 8, -11, -1, -7, -7, -13]
[15, -2, -10, 7, 1, 12, 4, -12]
[-13, -17, -6, -5, 5, -6, 4, -8]
[14, 11, 4, -1, -4, -4, 4, 13]
[-1, -14, -7, -8, 0, -12, -6, 6]
[11, 3, -20, 7, 5, 24, -5, 11]
[-5, -3, -3, -4, -7, -2, 1, 0]
[0, -2, -2, -3, -3, -6, 0, -13]
[-3, 2, 11, 6, 0, -4, 3, -6]
[0, 4, 7, -1, -2, -1, 1, -1]
[-7, 3, 17, 2, 2, -8, -5, 14]
[14, 11, -12, -6, -2, 3, 11, 13]
[-3, -13, -10, -3, -2, 0, -3, -3]
[10, 5, -8, -3, 4, -1, 8, 17]
[-12, 1, -1, 5, -1, 1, -2, -8]
[-34, -3, 1, -11, -1, 13, 1, 8]
[-7, 4, 12, 2, 4, 3, -22, -10]
[-7, 1, 0, 2, 1, 11, 9, -4]
[7, 1, 8, 8, 0, 10, 6, -7]
[-19, -3, -8, -6, -3, -7, 3, -4]
[8, 7, 1, 8, 0, 15, 5, 17]
[-6, 4, -10, -10, -5, -40, -25, -7]
[4, 0, 0, -5, 1, -3, -3, -8]
[6, 2, -3, 2, 2, -7, -3, 8]
[9, -5, -3, -1, -3, 3, 3, 19]
[-22, 10, 0, -4, -1, -30, -16, -13]
[32, 9, 3, 0, -2, -5, -6, 13]
[1, -4, -1, 6, 2, -5, -3, -7]
[-2, 3, -4, -7, 0, 9, 7, -11]
[-12, 5, 4, 0, -2, 4, 12, 33]
[21, -5, 2, -5, 3, 35, 17, -7]
[-4, -1, -2, 4, 7, 0, -9, -11]
[3, 6, 0, -4, -2, -14, -10, -3]
[-34, -7, 6, 7, 0, 3, 0, -10]
[7, 5, 2, -13, -4, -9, 1, 7]
[1, 1, 5, -6, -2, -9, -13, 0]
[9, 0, -4, 4, 6, -9, 1, -4]
[4, 7, 7, 6, 2, 7, 3, 2]
[-9, 0, -4, 3, -3, 9, 0, -12]
[35, 5, 1, 6, -4, -18, -5, 8]
[18, 3, 8, 4, -2, 0, 8, 11]
[-16, -7, 5, 10, 4, 14, 2, -14]
[-5, 10, -8, -13, -6, -17, -1, -2]
[4, -15, -7, -10, -3, 17, 0, 33]
[13, 5, 2, -5, -3, -3, -5, -6]
[-6, 4, 1, -4, -5, -3, 1, -4]
[-23, -11, -4, 0, 2, 9, 1, 20]
[-13, 6, -9, -9, -3, -5, -11, 0]
[-29, 2, 7, 5, 1, 7, -2, -34]
[-10, 7, 7, -2, -1, -7, -5, -6]
[13, -12, 0, 6, -2, 5, 1, 19]
[-10, 7, -2, -3, -2, -11, -8, -15]
[4, 7, 3, 6, -5, -2, 8, -3]
[-4, -10, -3, -1, 3, 9, 6, 1]
[8, -5, -8, -6, -1, -19, 2, 26]
[0, 7, -4, 3, 2, -7, -1, 6]
[29, -4, -2, -6, 0, 2, -12, -10]
[6, 9, 3, -9, -3, 16, 6, 7]
[-1, 1, 6, 5, -2, -7, -6, -22]
[-2, -6, -12, -2, 3, 10, 1, -3]
[-12, 5, 6, 7, -2, -12, -2, -11]
[18, 0, 5, -7, -9, -10, -2, 9]
[-13, 1, 14, 15, 0, -5, 1, -7]
[-20, -15, 2, 4, 3, 7, 2, -10]
[8, 2, -4, -1, 4, 20, 5, 9]
[10, -2, -5, -3, 2, 5, -1, 14]
[-4, 8, -3, -8, -3, -10, -6, -20]
[-15, 6, -4, -3, 4, -2, 3, 12]
[-7, -2, -4, -4, -3, 6, 4, -8]
[-4, -11, -5, 5, 4, -5, -3, 5]
[-39, -2, -6, -6, -2, 14, 9, -6]
[9, -3, -7, 0, -2, -1, 17, 8]
[-9, -12, -15, -5, 0, 5, 0, 5]
[15, 10, 9, 0, -1, -3, -4, -8]
[-13, -7, -7, -16, -2, 17, -8, -5]
[9, -2, 2, 8, -4, -13, -9, -14]
[6, 9, 6, 16, 3, 1, 6, -1]
[28, 12, 6, -3, 4, 2, -2, 7]
[-3, 10, 3, -4, -6, -10, -1, 2]
[-7, -2, -1, 8, 0, 5, 8, 1]
[5, 6, 11, 14, 7, 2, 3, 13]
[-13, 5, -3, -8, 0, -10, -10, -1]
[6, -7, -7, -4, -2, -17, -5, 6]
[-9, 2, 1, -8, -5, -15, -6, -23]
[1, -3, 2, -3, -4, 3, -1, -8]
[5, -4, -3, -11, -6, 3, 1, -2]
[1, 6, -1, 8, -2, -4, -3, 26]
[18, -5, -7, 1, 1, 11, 3, 12]
[-6, -10, -3, -4, 0, 5, -2, -7]
[-15, 3, 1, -2, 7, 0, -12, -13]
[-82, -32, -5, -10, -7, -14, -15, -41]
[10, -10, -7, -2, 0, 5, 4, 8]
[15, 2, -3, 3, 2, 6, 1, 19]
[5, 15, 9, 3, -3, -16, 1, 7]
[-41, -2, 10, 11, -3, -10, 0, -32]
[14, 5, -4, 0, -1, 3, 0, 5]
[17, 4, -6, 1, 6, 10, 1, -33]
[11, 11, -1, -3, 1, 0, -4, -8]
[-15, -9, 1, -4, -7, -20, -5, 33]
[13, -12, -2, -1, 0, 6, 9, 23]
[-2, -4, -1, -8, -1, 4, 4, 13]
[0, -2, -7, -10, -1, -9, -14, 4]
[-21, 7, -1, -1, 0, 9, 2, -4]
[-1, 2, -11, -7, 0, 4, 9, -8]
[4, -9, -2, -3, -5, -5, 6, 0]
[3, -8, -1, 1, -4, -11, -2, 21]
[1, 6, -3, 2, 2, 26, 8, -12]
[11, 0, 7, -2, -5, -7, -5, -1]
[-13, -5, 3, -3, -4, -6, 1, 15]
[-9, -9, 1, 7, -2, 0, 2, -2]
[8, 10, -12, -7, 1, 13, 1, -4]
[-3, 9, 9, 10, 0, 5, 1, 8]
[6, 13, 3, 1, -1, 2, 6, 4]
[-9, -2, 3, 1, 5, -3, -1, -12]
[15, 2, 3, 8, -3, -8, -3, 8]
[17, 2, -1, -1, -1, -12, -1, 3]
[1, 12, -2, 1, 0, -3, -3, 26]
[1, -7, -17, -2, 0, -18, -6, -15]
[-4, 2, 17, 16, 3, 10, 7, 12]
[-3, -13, -6, -1, 3, -13, -7, 16]
[0, 5, 8, 2, -4, -14, -6, 14]
[-24, 0, 5, 5, 0, -7, -12, 1]
[-3, -4, 25, 1, 1, 5, -1, 1]
[-3, -4, 1, -3, 4, 14, -3, -25]
[9, 4, -4, -7, -1, -2, -3, -6]
[4, -1, 12, 10, -2, 10, 5, -13]
[-11, -10, 7, 12, 4, 12, -1, 12]
[12, -3, -14, -6, -1, 20, -6, -34]
[-9, -12, -12, -6, 0, 7, 2, 16]
[6, 0, 4, 4, 0, -17, -2, 5]
[-19, 7, 8, 0, -2, -15, -10, -5]
[15, 5, -10, -1, -2, -14, 3, 7]
[1, -5, 1, 4, -1, -36, -6, 9]
[2, 12, 5, 1, -1, -14, -5, 3]
[8, 4, 5, -3, 2, 0, -2, 13]
[35, -2, 14, -6, -3, 4, -10, 19]
[13, 10, -9, -11, -1, -13, -7, -22]
[-8, 8, -1, 7, 3, 2, -1, -20]
[3, -4, 0, -2, 1, 1, 5, 2]
[7, 5, 8, -1, -1, -24, -22, 7]
[-29, 0, -5, -1, -3, -3, 5, 15]
[1, 6, -3, -3, 2, 7, 5, -11]
[-6, 6, -6, -6, -4, -9, 6, 5]
[2, -15, -9, 0, 0, 21, 12, -8]
[-7, -1, 1, -1, 5, 1, 0, -39]
[-23, -13, 4, -4, -1, -11, -1, -41]
[16, 12, -4, -2, -4, -16, -6, 16]
[3, -8, -8, -10, -7, -15, -5, 45]
[10, 8, 7, -2, -1, -3, -6, 4]
[-1, 2, -7, -8, -2, 13, 8, 0]
[3, 2, 6, 1, 0, 8, 7, -2]
[13, 9, -7, -9, 2, 47, 4, 4]
[3, 5, -4, -1, -3, -17, -12, -3]
[12, -2, -1, 7, 0, 2, -7, 15]
[-6, -3, -7, -4, -3, 35, 15, 6]
[2, 0, -1, 6, 2, -12, -3, -2]
[3, 0, -4, -2, -5, -6, 5, 0]
[10, 7, 11, -2, -1, -15, -6, -1]
[25, -7, 6, 5, 15, 19, 13, 19]
[0, 8, -8, -6, 2, -10, 3, -12]
[19, 4, -4, -9, -3, -27, -3, 12]
[25, 14, -4, -3, -7, -12, -8, 14]
[-6, -10, 3, 5, 2, -1, 3, -1]
[-3, 7, 3, 8, 0, -29, -7, -12]
[-12, -8, -2, 6, -1, 5, 2, -3]
[4, -5, -5, -5, -3, -3, -22, -5]
[18, 7, 1, 5, -4, -8, -1, -1]
[-14, -6, 3, -6, 4, 5, -3, -2]
[-13, -4, -5, 3, -2, -13, 6, -9]
[7, 7, -3, -9, -2, -5, -4, -17]
[-6, 9, 19, 14, 4, -4, -7, -9]
[2, 1, -7, 0, -1, 19, 2, 18]
[9, 3, 4, -3, -5, -5, -6, 23]
[-4, 2, -12, -7, 1, 1, -5, 1]
[8, -18, -7, -1, 1, -10, -2, 11]
[12, -21, -8, -10, -9, 16, -8, -19]
[11, 5, 1, 0, 0, -7, -1, -2]
[-16, 8, 1, -2, 2, -13, -2, -4]
[0, -4, -2, 3, -1, 7, 10, 19]
[0, 8, 6, 8, 2, -7, -2, -7]
[-23, -1, 9, -6, -1, -6, 5, 4]
[-13, 3, -9, 1, 0, 3, 6, 11]
[15, 6, 13, 10, 3, -10, 2, -8]
[6, -5, -11, -10, -1, -1, 5, -1]
[-2, 3, 7, 14, 1, 11, -8, -10]
[14, 5, -5, -2, 11, 11, 0, 6]
[-9, 1, 0, -1, -4, -10, -1, 1]
[-32, 16, -5, -9, -4, 14, 1, -2]
[5, -11, -6, 0, -3, -2, -5, 16]
[-31, -3, 14, 5, 2, -13, 7, -15]
[20, 8, -2, 1, 0, 9, 1, 17]
[24, 1, -1, 0, -5, 33, -1, 10]
[-35, -9, -20, -7, 4, 7, -10, -18]
[9, -5, 3, 4, -2, -10, -1, 11]
[5, 13, 12, 0, -3, 6, 3, -20]
[13, 7, 3, 3, 8, 5, 8, 4]
[-12, -13, -13, -8, 3, -11, -32, -3]
[-15, -14, -8, -4, -9, -12, -3, -6]
[-22, -6, -10, -5, 1, 2, -17, -10]
[-6, -6, -1, -6, -1, -6, 4, -17]
[20, 9, 2, -4, 5, 12, -1, -5]
[1, -22, -7, 17, 4, -9, -10, 0]
[-10, 15, -17, -25, -7, 4, 1, 3]
[-20, -8, 1, 1, 6, 10, 12, 10]
[24, 20, -11, 5, -2, -1, 16, 25]
[-12, 5, -1, 2, -5, 24, 3, -5]
[-2, -3, -2, -1, 2, -15, -6, -13]
[15, 22, 12, 12, -3, -9, -6, 3]
[19, -1, 4, 4, -6, -8, 14, 16]
[8, 3, 3, -2, 1, 12, -1, -3]
[-9, 1, -1, -5, -2, -2, 3, 16]
[-6, 5, 2, -5, -14, 11, -2, 16]
[-19, 3, 1, -2, 4, 3, 3, -3]
[5, 3, 11, 11, 0, -2, 1, -4]
[-9, 4, 6, -1, 4, 19, -8, -2]
[-13, -17, -4, -8, -3, -9, 7, 5]
[27, -4, -6, -1, -2, -13, -7, 8]
[5, 3, -2, 6, 0, -6, 3, -1]
[7, 22, 2, 1, 1, 16, 2, -26]
[-9, 0, -6, -7, -4, -12, -8, -17]
[-4, -5, 24, 13, -2, 0, -6, 16]
[-6, -8, 0, 5, -3, 5, -5, 14]
[13, 0, 7, 9, 2, -16, -1, 8]
[-29, -15, -13, 4, 6, 20, 6, -18]
[18, 2, 11, 13, 3, -7, -3, 27]
[-13, -6, 4, -7, -3, -7, 14, -3]
[26, -1, -9, 15, 0, -12, 5, 6]
[21, 6, 11, 11, 3, 15, 1, -1]
[-5, 0, 2, -1, -2, -12, -12, -3]
[-8, -17, -1, -1, -3, 1, -10, -29]
[5, 3, -7, -3, -1, -4, -5, 1]
[-21, -17, 7, 1, -6, -15, -9, -22]
[-5, 2, -8, -4, -2, 8, 7, 10]
[-17, 4, 8, -3, 0, 12, -4, -12]
[-17, 3, 10, -2, 0, -1, -3, 16]
[12, 11, -15, -6, -2, 11, 15, -21]
[-14, 0, -3, 7, 0, -5, 2, -16]
[-3, -5, -5, -8, -2, -30, -4, 3]
[-6, -4, -5, -5, 2, 3, -5, 0]
[18, 6, -4, -3, -4, 3, 6, -20]
[4, 7, -12, -6, -1, 12, -1, 0]
[-4, 2, -6, 3, -3, -4, 5, -15]
[4, -6, -11, -8, -4, 3, -4, -12]
[3, 2, 0, -10, -3, -1, -3, -7]
[5, -6, 10, 11, 3, -4, 1, 17]
[2, 14, 6, -1, -2, -1, -1, -3]
[0, 11, 5, 4, 0, 8, 16, -9]
[-12, 10, 10, 3, 3, 6, 8, 7]
[10, 8, -13, 5, 2, 4, 8, 6]
[14, -19, -2, -4, -3, 4, -2, -6]
[1, 2, -3, -1, -4, 2, -4, 12]
[-22, -24, -3, -2, -6, -16, 17, -17]
[19, -5, -24, -10, 1, -6, -1, 12]
[-42, -11, -8, -6, 0, 2, -4, -15]
[-4, 0, -6, -6, 2, 10, 0, 3]
[13, 5, 1, -5, -3, -15, -8, -17]
[-8, 6, -4, -14, -4, 5, 6, -6]
[34, 7, 9, 8, 3, 12, 5, 2]
[10, -1, 12, 7, 0, -13, -2, 1]
[0, 4, -13, -7, -4, 1, -7, 2]
[-2, 6, 1, -3, -9, -8, -7, 11]
[8, -1, -6, -4, 1, -8, -8, -18]
[2, -6, 3, -5, -4, 0, -5, -4]
[-15, -16, 16, 6, 2, 4, 8, 11]
[14, -1, -10, 4, -4, 5, 7, 10]
[11, -6, 3, 2, 5, -12, -1, 8]
[11, -1, -15, -4, 4, 24, 18, -2]
[-15, -19, -11, -10, -3, -4, 6, -7]
[-19, -6, -4, -2, -1, -11, -5, -4]
[-14, -4, -8, -5, -2, 13, 3, 4]
[17, 2, 0, -3, -5, 16, -1, 30]
[-7, 2, -5, 4, -4, 13, 22, 20]
[-8, -18, -7, 8, 5, 1, 5, -13]
[22, -2, 7, 9, 1, -10, -16, 15]
[-15, -14, -2, -9, -4, -16, 9, -21]
[13, 8, 5, 4, 6, 16, -15, -17]
[-8, -1, 10, 14, 4, -4, -5, 2]
[4, 20, 7, 19, 1, 10, 4, 6]
[9, 1, -3, -2, -3, -8, -8, 9]
[4, 10, -6, -6, 3, -3, -2, -27]
[-26, -16, -4, -5, 0, 1, -6, 18]
[6, -6, 0, -6, -2, -13, -1, 1]
[-15, 6, 22, 28, 7, 7, 2, 27]
[3, -3, -3, -17, -7, -25, -1, -82]
[3, 3, -2, -5, -6, 0, 4, 3]
[11, 10, 3, 3, -6, -14, -2, 3]
[-17, -26, 1, 1, 1, 5, 6, 28]
[-11, -2, -6, 0, 2, -19, 1, -7]
[23, 7, -3, -3, -1, 1, 3, 33]
[19, 5, -2, -4, 3, -4, 1, -23]
[-6, -9, 5, 2, -1, -5, -4, -2]
[-17, -31, -18, -9, -2, 9, 10, 0]
[-2, 25, 6, 4, -5, -15, -1, -6]
[5, 10, 9, 5, -3, -1, 11, -28]
[-46, -12, -13, -5, -3, -7, 0, -38]
[0, 3, 17, 6, 0, 22, -1, 5]
[1, 3, 17, 2, 2, 7, 8, 32]
[15, -7, -6, -3, -2, -7, -3, 6]
[8, 1, 1, -5, -4, -18, -20, 15]
[-40, -9, -10, -9, -5, -17, -8, -4]
[-23, -8, -4, -5, -4, -12, -13, -20]
[-29, -3, 3, 1, 2, -3, 5, -39]
[4, -7, 9, -8, 2, 17, 1, -11]
[9, 2, -13, -2, -6, -11, 6, 7]
[15, -2, -10, 0, 1, 7, 0, 6]
[4, -10, -1, 6, 1, 17, 0, 23]
[18, -12, -14, -2, 3, 4, -8, 12]
[-21, -19, 7, 6, -5, -9, -7, 14]
[-4, -14, 5, 2, 2, 16, -5, 10]
[2, -5, -14, -7, -4, -15, -12, -7]
[-3, 1, -8, 3, -5, 4, 0, 10]
[8, 6, -2, -4, 1, -2, 1, -7]
[21, 10, 2, 9, 7, -1, 10, 0]
[-11, -9, 18, 5, 3, 2, 0, 5]
[8, -4, -7, -9, -5, 17, 5, 5]
[15, 4, -7, 4, -6, 3, 0, -3]
[0, 10, 11, -3, -1, -2, -5, -10]
[1, -5, -6, 0, -5, 5, -4, 12]
[-30, 8, 1, -5, -7, -31, 2, -24]
[-21, -2, -5, 3, 2, -4, -10, 16]
[3, 0, 9, -4, -1, 0, 4, -1]
[6, -3, 2, 0, -1, 28, -12, -16]
[0, -18, -15, -1, 2, 10, 9, -21]
[-5, 10, 22, 2, -3, -4, 6, -7]
[-15, 2, -11, -8, 2, 0, 5, 13]
[-22, 4, 5, 2, -5, -21, -4, -19]
[5, -28, -5, -3, 1, -21, -4, 13]
[7, -8, 5, 3, 1, 5, -5, -19]
[7, -8, 1, 6, 3, 1, 1, 21]
[18, 12, 3, 8, 3, -12, 6, 2]
[-11, -23, -1, 0, -7, -11, -2, 15]
[29, 7, 5, 5, -2, 10, 11, 15]
[0, -8, -2, 9, 0, -1, 1, -10]
[9, 2, 1, 1, 0, -3, 4, 7]
[-9, -14, -5, -4, 4, 13, -8, 17]
[6, 20, 6, -10, -7, -3, -18, -11]
[7, 8, -12, -7, -4, -3, 5, -21]
[-14, -2, -7, 0, -2, -2, 18, -4]
[3, 3, -3, -2, 2, 18, 10, 31]
[2, 3, -16, -4, -4, 16, -1, -26]
[9, -1, -6, 3, 12, 17, 5, 17]
[-2, 12, 7, -2, -6, -1, -9, -10]
[8, 5, -2, -7, -4, -1, 5, 3]
[28, 22, -11, -10, -7, -9, -9, 8]
[16, 6, 1, 1, 4, 24, 10, -3]
[5, -14, 0, 0, -3, 1, -2, -12]
[-19, 4, -3, 5, -4, -5, -12, -1]
[14, 4, -11, -10, -5, 18, 8, -36]
[-12, -1, 4, -1, 6, -3, -1, -16]
[-8, -7, -2, -3, 3, -11, -17, 7]
[-8, -4, -3, -7, -7, -5, 3, 17]
[4, -7, -9, -6, -1, 7, 18, 5]
[6, -4, 7, 5, 7, 22, 3, -10]
[-24, -5, 10, 0, -3, -16, 0, -1]
[-6, -1, -1, 2, 2, -12, -5, -8]
[-10, -2, 1, -1, -2, -13, -3, -6]
[0, 10, 4, 1, -5, -14, -3, 17]
[28, 0, 3, 4, 6, 1, 9, 12]
[14, -1, -8, -5, -3, 5, 4, 31]
[20, -7, -9, 14, 2, 10, 0, 7]
[-12, 1, -18, -9, -7, -26, -22, -4]
[1, -9, -7, -9, -5, -3, 3, 2]
[-20, 11, -17, -4, -4, -3, 6, 14]
[23, 15, 14, 2, -2, -5, -6, -8]
[3, -2, -2, -1, -6, -8, -3, 18]
[10, 5, 16, 0, 3, -6, -11, 2]
[0, -2, -14, -3, 1, 7, 0, -4]
[-7, 9, 1, 1, -5, 2, 0, 0]
[-1, -8, 0, -2, -2, -7, -8, -4]
[-9, -2, 6, 2, -2, 1, -1, -35]
[-30, -14, 9, 5, 2, -4, -12, -9]
[-3, 0, 6, -4, -4, -11, -8, -49]
[19, 5, 4, 2, 0, -3, 9, 24]
[-18, -4, -4, -9, 1, 0, -4, 3]
[-2, -5, -10, 4, -4, -4, 2, 16]
[0, -2, -4, -5, -3, 11, -7, 13]
[12, 5, 4, 0, -4, 7, -2, -1]
[8, 8, 5, 5, 3, 8, 2, -1]
[25, 3, 9, 6, 6, -6, -11, 4]
[-8, -11, -9, -1, -5, 3, -3, -1]
[-7, 18, -12, -6, -5, -13, -2, 0]
[-11, -11, 1, -6, -9, 6, -3, -31]
[6, -21, 16, 22, 11, -5, 9, 6]
[18, 4, -7, -5, 1, -7, 0, 1]
[-39, -11, -1, 3, -4, 14, -5, -36]
[0, -1, 7, 3, -2, 2, 5, 13]
[19, -19, -23, 0, 2, 17, 3, 3]
[33, -5, 5, 3, -1, -7, 10, 56]
[-11, -6, 0, -9, -1, -25, -13, -7]
[-48, 6, 22, -3, -1, -1, 1, -28]
[4, -19, 2, 0, -1, -1, -6, -5]
[-9, -2, 11, 4, 1, 6, -6, -33]
[19, -11, 0, 2, 2, 9, 13, -6]
[27, 4, -3, 8, 2, 17, 7, -58]
[18, -2, -5, -1, 8, 7, 1, 21]
[-26, -9, -7, 1, 2, 14, 6, 11]
[-20, -11, 10, -4, -1, 0, -1, -8]
[8, -15, -2, -7, -2, 2, -2, 8]
[-8, -19, -5, -4, -4, -1, 1, 5]
[8, 4, 9, 0, -1, -10, -1, 11]
[3, 8, -8, 2, -1, -7, 12, -3]
[-6, 2, -3, 4, 1, -16, 7, 34]
[25, 1, -10, -3, 0, 29, 12, 7]
[-23, 16, 0, -6, 0, 18, 12, -10]
[3, -22, -5, 1, 3, 31, -3, 3]
[-2, 14, -1, 8, 4, 13, 5, -41]
[6, -7, 22, 5, -1, 3, 5, 14]
[-21, 10, 13, -3, -4, -18, -5, -18]
[-6, 4, 2, 7, -5, 1, 7, 10]
[24, 9, 1, 3, -2, 12, 5, -22]
[19, 5, -4, 3, 6, 8, -5, 5]
[11, 3, 4, -2, 1, 11, -13, -3]
[-5, -18, -14, -12, -7, 14, 7, 26]
[9, 14, -2, -11, -1, -14, 1, -17]
[-10, -3, -8, -3, 0, 2, 0, 5]
[9, -3, -12, -6, -1, -5, -4, 18]
[-9, -12, -24, -7, 2, -9, 2, -45]
[-6, 6, -5, 0, -3, -16, -2, -7]
[-1, -7, 2, -2, 1, 12, -1, 5]
[8, -23, -8, -1, 3, -12, -15, 10]
[-1, -9, 3, -9, -8, -16, 4, 16]
[-7, -3, -6, -12, -2, 25, -1, -15]
[15, 5, -2, 1, 3, 4, -2, 7]
[-3, -1, -5, -6, 0, -4, -20, 5]
[-1, -3, -4, 3, 0, 12, 6, 9]
[1, 10, -18, -7, -6, 11, 14, -2]
[16, 8, -2, -4, 1, 2, 1, -16]
[2, -11, 0, 3, 1, -11, -9, 23]
[-9, 2, 8, 2, -1, 3, 13, 10]
[-8, 9, 9, 2, 0, -10, 5, 17]
[-7, -4, 13, 8, 12, 5, 0, -9]
[-13, -2, 3, -7, -4, -1, -16, 12]
[-36, -8, -6, -11, -5, -16, -8, -19]
[-8, -1, -9, -3, -2, 7, 1, -6]
[-15, 6, -6, 4, -3, -7, -9, -23]
[-17, 4, 1, -3, -1, -1, -6, -26]
[-15, -6, 4, 9, -5, -6, 3, -10]
[-6, 4, -8, 2, 0, 18, -2, -9]
[27, 6, 0, 2, -4, 2, 1, 0]
[3, 12, 10, 0, -4, -17, 7, 23]
[-13, 7, -4, 2, -4, -9, -3, 7]
[4, -6, -1, 3, 5, 5, 1, -9]
[-8, 10, -2, -5, -1, 4, 1, -2]
[6, 5, 15, 9, 3, 6, 3, -6]
[8, 0, -2, -7, 0, 3, -17, 8]
[-3, -4, 8, 7, 0, -6, -4, -7]
[16, 3, 1, -7, -3, 12, 35, 6]
[-26, 5, -1, 5, 0, 4, -1, -41]
[17, 4, -8, -11, -1, -13, -7, 5]
[9, 4, 2, 7, 11, 5, -3, 2]
[-11, -12, 12, 0, -2, -16, -15, 14]
[-21, -12, -7, -9, -4, 9, 2, -6]
[4, -9, -20, -10, -7, -4, -7, -8]
[-4, -7, -3, -2, -4, 15, 12, -5]
[14, 10, -5, -1, 6, 8, -3, 13]
[6, -21, 2, 1, -8, -33, 19, -5]
[-15, -11, -14, -12, -5, -24, -16, 9]
[0, -18, -10, -5, -5, -1, 4, -15]
[-6, -2, 3, -9, -2, 2, 0, -30]
[5, 2, 2, 3, 4, 12, 2, -3]
[-4, -2, -2, -2, -4, -12, -19, -6]
[-4, -5, -6, 0, -3, -9, -2, 7]
[16, 12, -5, 3, -4, -2, -1, 17]
[-7, 4, 2, -5, -4, -19, 14, -9]
[13, 4, -7, -2, 1, 8, 0, 7]
[8, 9, -10, -2, -1, 5, 3, 2]
[11, 4, 4, 1, -3, 8, -2, 4]
[7, -1, -2, -5, -3, 2, 3, 14]
[5, 7, -20, 10, 2, 3, 2, 9]
[-21, -6, -5, -9, -4, 4, 4, -7]
[-4, -5, -2, -11, 1, 32, 7, -10]
[-18, 6, 11, 7, -1, -1, -7, -15]
[10, -11, -6, -9, 0, -9, 11, 2]
[12, 3, 6, 0, 1, 5, 20, 15]
[-4, -5, 3, 3, -1, -16, -8, 1]
[27, 12, 3, 2, -1, -7, -1, 17]
[0, -1, 2, -4, 1, 15, 9, -20]
[-2, -3, 1, 2, 0, 0, -4, -4]
[-34, -19, -7, -1, -8, -4, -29, 3]
[-29, -4, 4, 0, -4, -1, 3, -2]
[7, -2, -2, -6, -3, 9, -6, 17]
[-3, 10, 20, 7, 1, 6, 10, 4]
[5, -4, 2, 4, -4, 0, 4, 11]
[4, -4, 2, 5, 6, 1, -4, 0]
[7, 2, -8, -4, -2, 5, 3, 23]
[8, 22, 1, 3, 1, -1, -2, -3]
[23, 0, -1, -9, -1, -7, 1, 9]
[-7, 0, 11, -1, -4, -11, -6, -15]
[5, -4, -7, 9, 11, 24, 7, -4]
[4, -3, -14, -6, -1, -19, -2, 0]
[-31, -6, 10, -1, -2, -13, -7, -9]
[-6, -7, -9, -8, -2, -11, 0, -3]
[-14, -7, -21, -9, 1, -16, 9, -17]
[-17, 9, 0, 0, -3, -12, -3, -10]
[-18, -25, -3, 2, 3, -15, -9, -4]
[25, 7, -7, -4, -4, -21, -7, -8]
[19, -7, 2, 2, -9, -15, -4, 3]
[-6, -26, -14, -7, -2, 9, 6, -6]
[0, 1, -3, 3, 2, 7, -3, 5]
[16, 6, -4, -4, 0, 3, -2, 31]
[-26, -11, 2, 1, -4, 23, 3, -19]
[-9, 3, 9, 1, 0, 2, 4, -11]
[17, 19, -18, -7, -2, -2, 2, 6]
[6, -5, 12, 13, -3, -7, -4, 1]
[2, -4, 6, 11, 0, 11, 8, 3]
[15, 3, -2, 1, -6, 3, -7, -12]
[5, -5, -3, -4, -3, 22, 8, -12]
[1, -1, 4, 1, 4, -3, 6, 9]
[1, 3, 0, -6, -2, 1, -5, -19]
[-9, -19, -6, -10, -6, 0, 8, -7]
[7, -10, -6, 1, -2, -11, -2, 7]
[-1, 9, -1, 2, -5, -12, -2, 8]
[-8, 2, -9, -7, 5, 1, -2, -13]
[32, 13, 1, 4, -2, -5, 2, 30]
[-5, -4, 6, 0, -3, -9, -5, 1]
[9, -9, -6, -6, -6, -5, -9, 4]
[-5, 3, -4, 0, 5, -1, -17, 9]
[-2, 3, 0, 2, -3, 6, -6, -10]
[2, 1, 8, 3, 2, 1, 2, -8]
[-1, 2, -3, -2, 2, 20, -14, -24]
[23, 7, 10, -8, -7, -6, 1, -5]
[-6, -2, -6, -2, -2, -4, 11, 3]
[-12, -6, -6, 1, 1, -6, -15, -9]
[-14, -4, 9, 23, 6, 5, 6, -3]
[-19, 1, 2, 4, -1, -2, -5, -30]
[31, -9, -4, 0, -3, -14, 2, 6]
[-10, 15, 11, 11, 0, 4, 11, 4]
[-14, -14, -6, -15, 0, 6, 16, -5]
[-65, -16, -4, -9, -3, -5, -3, -40]
[1, 18, 6, 2, 7, 14, 3, -12]
[-2, -4, 0, 1, -5, -5, 3, 3]
[20, 9, -10, 0, 2, -6, -3, 17]
[-16, -11, -6, -2, -2, 4, -4, -39]
[-7, -4, -10, -10, -1, -11, -7, -11]
[5, 0, -6, 6, 1, -12, -5, 14]
[-13, 1, 5, -4, -1, -4, 0, 3]
[-8, 5, 2, -1, -5, -9, -5, -10]
[10, 1, -5, -11, -13, -31, -36, 2]
[-18, -8, 5, -4, 4, 13, 3, -12]
[2, -12, 6, 4, 5, -8, 3, 5]
[12, -3, -3, -1, -4, 11, 10, 3]
[-2, 4, 1, -4, 1, 1, 5, 3]
[6, 5, -4, -4, 1, 8, 2, -6]
[10, 13, -8, -6, -2, -5, 2, 10]
[-44, -13, 14, 4, 1, 18, 13, -10]
[-28, -11, 5, -5, -3, 7, -5, -13]
[19, 11, -5, -6, -11, -25, -9, 5]
[8, 1, 6, 0, -3, -22, -17, 6]
[6, -12, -5, -3, -1, -9, -13, -6]
[-1, 6, 5, 6, -3, 17, 2, -2]
[15, 12, 0, -10, -6, 29, 8, 0]
[-22, -7, -4, -2, 2, -6, -7, -2]
[5, -13, -11, -4, 1, -6, -10, 2]
[26, 14, 1, 3, 6, 5, 1, -2]
[11, -32, 0, 10, 2, -1, -4, -2]
[2, 7, 5, -2, -2, 4, 4, 10]
[-17, 4, 1, -4, -2, -4, 3, -4]
[8, 0, -18, -12, -2, 16, -10, -1]
[-15, -14, -2, -1, -1, -3, -10, 10]
[-13, 9, -14, -2, -2, -18, -3, -20]
[12, 0, -10, -3, -1, 5, -1, 7]
[14, -1, -3, 0, -3, -13, 2, -41]
[10, 0, 12, 7, 0, 13, 19, 22]
[7, 7, -3, 8, 0, 25, -7, -9]
[2, -3, -5, 5, -1, -5, 9, 24]
[-2, -15, 7, -7, 2, -28, -12, 10]
[-1, 7, -8, 1, -2, -11, 4, 7]
[-11, 1, -12, -3, -1, -6, 3, 2]
[-15, 2, 4, 2, -5, 2, 3, 1]
[4, -5, 0, 7, 17, 23, 12, 11]
[13, 4, -5, -5, -4, 4, 2, -9]
[6, -6, 4, -3, -1, -14, -1, 3]
[-28, -10, -4, 1, 1, 0, 8, -1]
[4, -1, 4, -3, -3, -14, 1, 9]
[30, 12, 3, 5, -5, 2, -4, -8]
[2, 6, -5, 4, 0, 7, 15, 17]
[-11, -17, 5, 1, -7, -17, -15, -4]
[36, 6, 0, -8, -4, -16, -16, -20]
[10, 4, -5, -4, -2, 2, 6, 4]
[-12, -6, 2, 3, 0, 5, 6, 5]
[-1, 6, -15, -13, -4, -18, -12, -46]
[-25, 1, 11, 10, 11, 2, -6, -20]
[4, 0, 8, -4, 1, -21, -1, 27]
[4, 0, 1, 3, 0, 1, 3, 3]
[-32, 7, -5, 2, 1, -16, -3, -25]
[-7, -5, -12, -2, -2, -5, -3, -6]
[-49, -33, -1, 2, 0, -10, -4, -7]
[4, 16, 5, 5, 0, -8, -1, -9]
[24, -2, -2, -5, -3, -11, -2, 9]
[0, -3, 13, 9, 1, -2, 0, 7]
[-1, -10, -26, -3, 3, 17, -6, -7]
[4, 4, -10, -6, 4, 3, 2, -2]
[14, 1, -2, -5, -3, -2, -2, 6]
[-13, -4, -1, -7, -8, -9, -4, 20]
[13, -10, -3, 0, 2, -13, -9, -6]
[-10, -5, -6, 3, 3, 5, 2, 9]
[8, 11, -2, -5, 0, -14, -20, -12]
[15, -5, 7, 1, -9, 13, 6, 2]
[-2, -1, -2, -4, -3, 3, -10, -7]
[-26, -26, 5, 4, 3, 18, 14, 8]
[-3, -11, 4, 2, -2, -7, 1, -11]
[-5, -29, -5, 2, 1, -2, 9, 19]
[17, 8, -4, 0, 1, -16, -4, -18]
[9, 11, 9, 3, -5, 1, -8, 1]
[-10, -9, 1, 4, 0, -22, -6, -17]
[-16, -11, -3, 3, 2, -2, 2, -36]
[15, 21, -2, -4, 2, 10, 9, -10]
[26, 5, 3, 5, -2, 17, 1, 34]
[-9, 2, -11, -5, -4, -6, -2, 7]
[-7, -6, -4, -8, -2, -9, -6, -13]
[-2, -1, -3, 1, 1, -3, 2, 10]
[3, 22, 2, -5, -1, 12, 6, 2]
[0, -3, -7, -3, 3, -14, -2, -25]
[4, -19, -7, -5, -1, 9, 14, 8]
[20, 27, -10, -5, -2, 3, 5, -7]
[-26, -19, -4, -8, -1, -5, -2, -5]
[22, 8, -3, -2, -4, -14, -1, 1]
[32, 7, -1, 4, 1, 38, -1, -14]
[-17, 8, 1, 13, 1, 2, 2, -9]
[-14, -15, -12, -6, 3, 0, -1, -11]
[31, -6, -10, -8, -2, -17, 1, 3]
[-22, 3, 5, -5, -5, -2, -6, -3]
[-2, -9, 3, -3, 3, -5, 2, -20]
[8, -4, 19, 11, -5, -3, 0, -8]
[27, -6, -5, -4, 6, 6, -15, -5]
[39, 4, 20, 18, 3, -20, -3, 9]
[10, 7, 5, 0, -5, -6, 2, -3]
[-29, -17, -7, -9, -3, -28, -11, -15]
[1, 18, 3, 2, -1, -4, -4, -50]
[8, -12, -4, 3, 2, -8, 1, 3]
[7, -2, -11, -1, 2, 8, 0, 26]
[14, -7, 6, -1, 2, 7, 0, 4]
[2, -2, -7, -5, -1, 2, 2, -16]
[-4, -7, 15, 7, -2, -14, -7, 8]
[-12, -4, -6, -3, 3, 18, 3, 6]
[8, 1, -9, -2, 0, 29, 5, 0]
[-25, 4, 0, 5, 3, -3, -1, 1]
[6, 5, 3, 6, 2, 5, 4, 1]
[-10, -22, -1, -6, -2, -2, -2, -4]
[13, 11, -2, -5, -1, 2, -1, -4]
[-16, -8, -10, -3, -4, -14, -22, -12]
[3, 2, 0, -7, 1, 9, 9, 26]
[34, -7, 11, 4, -2, 2, -5, 6]
[1, 9, 11, -6, -1, -7, -3, -3]
[21, 6, -3, -2, -1, -10, -14, 17]
[-3, -4, 3, 6, 2, 1, -12, -12]
[-44, -3, -20, -6, 3, -5, 6, -27]
[-32, -8, 19, 10, 0, 13, 14, -14]
[3, -3, 1, -5, 4, 3, -1, 12]
[-7, -5, 13, 6, -1, 5, 23, -1]
[10, 4, 12, -7, -2, 5, 12, -5]
[-29, -7, 8, 19, 0, 17, 3, -1]
[9, -9, -10, -9, -2, -7, -13, -13]
[12, -6, -7, -2, 2, 5, -8, 14]
[17, -4, -7, -6, 0, -1, -12, 15]
[8, 11, 1, -3, 2, -3, 0, -3]
[-10, 5, 8, 0, 4, 5, -1, 4]
[35, 2, -10, -1, -5, 5, -3, 7]
[12, -10, -5, -1, 3, 10, -13, -13]
[5, -10, -7, -5, -13, -25, 2, 13]
[-34, -8, 6, 1, -2, -2, 1, -31]
[11, 2, -13, -1, -2, -6, 3, -17]
[1, -10, -9, 8, 5, 4, 1, 5]
[-10, -1, 9, -2, 1, 5, 4, 13]
[22, -3, 2, 2, -2, 1, -6, 2]
[-46, -25, 3, -3, -5, -11, 2, -14]
[-10, -10, 0, -4, -1, -10, -1, 8]
[7, -6, -1, 1, -3, 5, -5, 15]
[17, 17, 1, -2, 0, 8, 10, -3]
[7, 5, -12, -1, 8, 8, 9, 3]
[-3, 1, 10, 6, 0, 13, 12, -20]
[8, 12, -5, 9, 9, 14, 7, -2]
[20, 12, 9, 11, -1, -11, 2, -3]
[-27, -23, 1, -6, -3, 4, 8, -4]
[13, 10, -5, -5, -2, 5, 5, 10]
[12, 7, -14, -12, -4, -14, -2, -2]
[-14, 4, 9, -3, -4, 19, 8, 7]
[-4, -11, 9, 16, -1, -21, -5, -3]
[-13, 1, 12, 2, 0, 2, 1, -21]
[7, -7, -9, -3, 2, 5, 5, -2]
[-3, -3, -2, -3, -1, -9, -3, 26]
[-9, 1, -11, -2, 7, -19, -9, -8]
[3, -11, -6, -5, 2, 8, -11, 10]
[-8, 1, 3, -2, 4, 8, 0, 14]
[-42, -5, 9, 2, -3, 7, 11, 22]
[11, 11, -3, 0, 4, 5, -6, -5]
[24, -30, 11, 4, -8, -1, 0, 3]
[28, 13, -7, 1, -1, -3, 7, -2]
[-39, -16, 9, 11, 4, 22, 12, 9]
[6, 9, -5, -7, -5, -1, 0, -13]
[-18, -6, -14, -14, -3, 1, -4, -29]
[-38, -6, -2, 1, -5, -12, -3, -4]
[28, 3, 11, -3, -1, 1, -6, 13]
[7, 16, 6, -7, 3, 1, -10, 0]
[20, -2, -5, 1, 6, 18, -5, -8]
[28, 4, 0, 12, -3, 2, 6, 25]
[-3, -8, 3, -2, 3, -18, -7, 2]
[-18, -9, 14, -3, -8, -15, -3, 10]
[-12, -2, 9, 15, 2, 1, 10, -20]
[-15, -21, 2, -2, -5, -12, 20, 5]
[-1, -14, -1, 7, 0, -8, 3, 15]
[8, 15, 4, 0, -3, -10, -12, -4]
[12, 5, -2, 0, 0, -3, -2, 0]
[-2, 6, -11, -10, -5, 0, 2, -3]
[4, 9, -13, -10, 0, 0, -8, 8]
[-13, -27, 5, -1, -5, 10, -4, -7]
[-14, -2, -5, -7, 0, -6, -3, 3]
[-8, -2, 0, -5, 0, 1, 0, -4]
[8, -14, 7, -1, 4, 6, 6, 18]
[8, -5, -2, 4, -2, -16, -4, -12]
[-4, 8, -10, -8, 1, 3, 9, -9]
[2, -1, 2, 10, -2, -1, -7, -11]
[-10, -16, -10, -9, -3, 7, -11, -10]
[26, 2, 6, -2, 1, 0, -3, -1]
[-3, 8, -2, 0, -7, -3, 12, 10]
[-6, 11, -9, 1, 6, 22, -8, -4]
[-9, -9, 16, 3, -6, 1, -5, 14]
[-21, -3, -3, -1, -5, -23, -10, -1]
[7, 5, -4, 0, 3, -6, -1, -5]
[-11, -10, -7, -1, 0, 22, 16, -5]
[-3, 9, -1, 1, 0, -12, -7, 2]
[20, 9, -2, 3, 1, -5, 6, 5]
[-11, 2, -4, -2, -4, -21, -8, -2]
[-5, -13, 0, 0, -2, 12, -1, -6]
[-32, -12, 14, 1, -3, 4, 1, -11]
[7, 18, -12, -7, 0, 5, -5, 2]
[22, 9, 0, 9, -2, -13, 5, 3]
[-6, -20, 0, 5, 9, 4, 6, -2]
[0, 9, -4, 2, -1, 1, 4, 10]
[-9, -3, 3, 1, -3, -16, -34, -36]
[23, 21, -2, -1, 0, -8, 3, 7]
[-12, 20, -5, -3, 1, -3, 6, -39]
[14, -2, 5, 6, -3, -4, 9, 12]
[-10, 6, -7, 6, -2, 7, -12, 2]
[6, 6, 4, 5, -5, -19, 0, 24]
[19, -11, -6, -3, -3, 7, -11, -10]
[-7, -4, 2, 1, 0, 1, -6, -11]
[-25, 5, 11, 11, 0, -11, -4, -7]
[8, -28, -9, -6, 2, -2, -4, -17]
[11, 11, -5, -3, 1, 8, 32, 4]
[1, 7, 9, 6, -4, 27, 2, -5]
[-26, 7, 0, -6, -2, -6, -10, 14]
[5, 5, -10, -7, -4, -13, -14, 1]
[-7, 0, -1, 0, 1, -7, 1, -12]
[2, 13, 2, 1, 5, 5, 37, 9]
[-5, 18, -1, -2, 0, 9, -4, -29]
[-13, -3, -4, -9, -6, -9, -28, 0]
[-13, 2, 2, -2, 2, -7, -7, -11]
[-20, -7, -5, -7, 3, 23, 5, -11]
[9, 2, 1, 1, -4, 10, 6, -15]
[10, 0, 8, 4, -2, -9, -1, 8]
[-5, -5, -5, -4, -5, -2, -23, 3]
[-1, 5, -3, 2, -2, 1, -2, 5]
[0, -23, -3, 1, 4, -5, 2, 0]
[-22, 11, -9, -3, -4, -4, -5, -1]
[28, -8, 2, -1, -4, -1, 0, 1]
[7, -5, -9, 4, 8, 17, 13, 13]
[-2, -4, -11, -8, 2, -21, -2, -6]
[-34, -18, -16, -9, -2, -9, -12, -12]
[-35, -7, 0, -2, -4, -13, -4, -3]
[2, 10, -5, -4, 0, 21, 5, -14]
[-2, 2, 1, -2, 1, 20, -11, -18]
[3, -2, -9, 2, -1, 7, 1, 2]
[5, 1, -15, -12, 2, 10, 8, 7]
[11, -19, 3, -4, -4, 5, 5, -5]
[19, 23, -4, -4, 0, -18, 5, 11]
[-3, 4, 1, -2, 1, 6, 20, -3]
[-16, 0, -3, -9, -9, -9, -6, -10]
[-13, -17, -12, 1, -2, -14, -6, 9]
[2, 20, 14, 5, -3, 1, -6, 17]
[-10, 15, 4, 8, 0, -7, 2, -10]
[-7, -2, -5, -4, -3, -3, -6, -20]
[-2, -6, -6, -3, -6, -10, -9, 11]
[33, 10, 11, 3, -2, 39, 8, 4]
[5, 11, 4, 2, 1, -2, -3, -1]
[15, -8, -6, 2, 8, 7, 8, -19]
[-2, 15, 1, 7, 0, 2, 2, 6]
[-4, 11, 16, 2, 0, 10, 3, -10]
[-8, -24, -5, -8, -2, -13, -7, -4]
[-3, 1, 4, 9, -3, 4, 1, -5]
[-21, -13, 13, 0, -5, -12, -5, 1]
[20, 4, -5, -5, -1, -20, -19, -11]
[4, 6, -19, -3, -4, -4, 4, -12]
[-11, -5, -2, -1, -1, -5, -2, 1]
[21, 8, 7, 6, 0, 0, 7, 41]
[-23, -9, -4, -4, -1, 13, 9, -7]
[-6, 0, -7, -13, -6, 0, -13, -10]
[43, -4, 1, -8, -8, 8, -8, -8]
[-4, -13, -6, -7, -3, -11, -8, -4]
[11, -10, -7, -7, -6, -9, -4, -9]
[4, -7, -4, 0, -3, 20, 31, -33]
[-8, 6, -4, -1, 0, -1, -5, 11]
[-4, 6, -9, 2, 6, 6, 1, 15]
[-36, -16, 0, 4, 5, 9, 8, -8]
[0, -10, -2, -4, -3, -19, -23, 0]
[-48, -4, 2, -3, -3, -4, -8, -3]
[-26, -7, -2, -5, 2, 23, 13, 10]
[3, 7, -4, -6, -4, -6, 12, 19]
[22, 0, 5, 10, 1, -19, -11, 27]
[5, 8, -9, 2, -1, -5, -3, 3]
[-17, -9, -26, -6, -5, -3, -8, -11]
[27, 11, 14, 11, 0, 9, 2, 24]
[11, -7, -17, -8, 2, -19, -39, -27]
[11, 0, -15, 5, -2, -12, -3, -11]
[16, 8, 2, 2, -4, -10, -5, -14]
[1, 2, -1, 4, 4, 5, 15, 34]
[5, 8, -4, 6, -3, 5, 0, 5]
[2, -20, 10, 3, 2, 6, 3, -20]
[-7, -4, 3, 3, 2, -6, -3, 7]
[2, -16, 3, -1, 0, -16, 1, 5]
[9, 24, -8, -4, 0, -19, -22, -2]
[13, 4, 23, 14, 1, 13, 9, 12]
[1, -5, -10, -12, -7, 2, 6, 1]
[20, -12, -9, -9, -5, -7, 2, -11]
[8, 13, -1, 4, -1, -6, 0, 22]
[14, 2, 5, -1, -6, -24, -24, -8]
[-17, -10, 2, -8, -2, -3, -2, -2]
[-1, 7, 12, 2, 5, 2, -3, -7]
[29, 10, 2, 3, -1, -8, -3, 13]
[-1, -6, 0, 3, 0, -18, -5, -10]
[-7, 5, 2, -3, 1, 6, 1, 8]
[-23, -1, 3, -3, -1, -7, -12, -17]
[0, 10, -3, 2, -7, -5, -1, 21]
[20, 15, 1, -3, -3, -3, 2, 8]
[32, -5, 1, 8, 1, -16, -4, -2]
[-2, 12, 6, 4, -2, 0, 2, -8]
[11, -24, 2, 6, 1, 31, 2, -28]
[3, 0, 8, 10, -3, 12, -3, -1]
[-10, 6, -8, -18, -2, -13, 0, 6]
[-5, -11, -11, -3, -2, 0, 1, -10]
[-14, -7, -2, -2, 5, 4, -6, 16]
[11, 8, 1, 2, 1, 10, 13, 15]
[3, 12, 7, -1, -8, -16, -1, 5]
[-3, -3, 0, 7, 1, -15, -3, -6]
[-16, -14, -18, -9, -1, 1, -6, -7]
[-27, 7, -1, -1, -2, -6, -7, -12]
[8, -12, -2, 1, -3, -7, 0, -12]
[-15, -21, 6, 5, 2, -5, 5, 4]
[11, 8, -5, -6, -4, -7, -3, 18]
[9, 11, 18, 4, -2, 10, 32, -5]
[4, 6, -5, 2, 2, -13, -30, -7]
[-52, -24, -4, -6, -1, 13, 6, 1]
[25, -11, -12, 0, 0, 4, 2, -11]
[22, 23, -2, -1, 0, -4, -1, 3]
[-22, -26, 3, 0, -1, 5, -4, 12]
[29, -1, -6, -4, 10, 12, 5, 16]
[7, -4, 0, -2, -4, -4, -3, -16]
[5, 23, 2, 4, 5, -2, 0, -7]
[42, 11, 3, -4, -8, -8, -4, 10]
[20, 10, 6, 4, 0, 8, 10, 1]
[10, 6, 13, 8, -1, 4, -14, -5]
[-8, 2, -11, -11, -7, -7, 8, -9]
[-49, -7, 2, -7, -8, 4, 1, -5]
[3, 12, 14, 11, 2, -12, -1, -1]
[-6, 0, -2, -6, -3, 9, -1, -11]
[9, -8, -8, -3, -6, -5, 4, 3]
[-1, 1, -1, 1, -1, 10, 7, 4]
[-19, -3, -8, -8, 2, 9, -3, -8]
[-5, -11, 0, -6, 5, -2, -17, -6]
[-5, 2, -4, -3, -2, -23, -28, -17]
[-68, -35, -3, -10, -3, 1, -3, -24]
[2, -5, -7, -1, 2, -4, -1, -2]
[43, 4, -6, 3, 0, -19, 36, 10]
[8, -4, 1, 0, 3, 2, -2, 11]
[14, 4, 3, 1, 1, 2, -6, 1]
[-7, -11, -5, -1, 5, 15, -5, 10]
[-31, 3, -15, 0, 0, -7, -14, 4]
[-25, 8, 1, -1, -2, 1, 3, 4]
[8, 1, -7, -1, 3, -2, 3, -1]
[-5, 0, 2, -1, -3, -7, 0, -15]
[8, -7, -8, 1, 0, -3, -3, -4]
[-4, 3, -4, -1, 0, -4, 1, 9]
[6, -5, 0, -1, 2, -4, 1, 1]
[-18, -2, 2, -4, -3, 3, -3, 17]
[7, 11, 7, 3, 0, 1, 5, 2]
[-5, 1, -5, -5, -3, 5, 1, -4]
[11, -6, 5, -3, 0, 1, 6, 14]
[-3, -2, -2, 2, 2, 13, -3, -2]
[-6, -5, -6, -11, -4, -12, -3, -6]
[2, 11, 20, 15, 6, 4, -9, -11]
[-9, -9, 0, -2, 1, -1, -3, -5]
[-3, 10, -7, 0, 2, 11, -1, 6]
[-25, -13, -2, -5, -4, 6, 6, 32]
[17, -8, -12, -12, -4, -3, -10, 9]
[7, 4, -2, -5, -6, -10, -4, -16]
[10, 7, -12, 1, -1, -4, -5, 5]
[-33, -8, -3, -5, -5, -14, 1, -3]
[-5, -9, -3, -2, -5, -7, -1, 1]
[14, 1, 2, 4, 7, 8, 4, 17]
[-27, 7, -1, -2, -1, 19, 7, -13]
[5, -9, -22, -7, -1, -2, 8, 5]
[7, -1, -10, -4, -2, 10, 7, 10]
[33, 7, 12, 7, 0, -10, -4, 7]
[8, -5, 0, 3, 0, 7, 4, -10]
[-12, -17, 1, -6, -4, -28, -15, -4]
[8, 13, 4, 1, -3, 8, 33, -3]
[23, 1, 0, -2, 0, 2, -1, 5]
[5, -13, -4, 10, 2, -2, -12, -10]
[6, 10, -5, -1, 0, 27, 2, -4]
[7, 13, -3, 0, -1, -5, 0, 8]
[-2, -5, -4, 2, 1, -14, -25, 19]
[29, -2, 2, 10, 3, -20, -8, 14]
[-10, 2, -8, -2, 1, 6, 13, -13]
[-17, 6, 3, -5, 3, 3, -2, -17]
[-4, 9, -3, -6, -1, -12, -5, 5]
[13, 8, 5, 3, 0, 2, 8, 5]
[10, -5, 4, 8, -2, 1, 8, 11]
[-20, 5, -8, -3, -4, 14, 1, -13]
[1, 1, 8, 0, -1, -12, 3, 1]
[-31, 1, 1, 1, -3, 1, 2, 8]
[11, 5, 15, 10, -3, -8, 6, -12]
[8, -8, 5, 7, 1, 6, 5, 9]
[-1, -5, 6, -6, 2, -9, 3, 10]
[19, 1, -11, -2, -1, 4, 3, -6]
[7, -18, 9, 2, 4, -9, -3, 5]
[4, -3, 4, -10, -8, -10, -7, -15]
[-4, -1, -13, 5, 8, -1, 2, 13]
[-8, 8, -4, -2, -5, 10, 5, 5]
[4, -11, -3, -1, 0, 2, 3, -16]
[-17, -9, -12, -2, -2, 3, 1, -2]
[-35, -15, 1, -3, 2, 0, -5, -1]
[26, 18, -6, -3, -1, -6, -10, 26]
[17, 11, 7, 0, 4, 11, 1, 3]
[0, -8, -7, 0, 0, 6, 7, 2]
[-37, -2, 3, 0, -5, -6, 0, -1]
[5, 11, -3, -4, 0, -1, -1, 6]
[3, 10, 6, 7, 2, 0, -9, -6]
[8, 0, -6, -3, -3, 4, 6, -2]
[0, -11, 4, 0, 0, -6, -1, -11]
[3, -3, -5, -3, -2, 14, 13, -27]
[12, 5, 14, -3, 0, 33, 5, 15]
[8, 12, 13, 9, -1, -18, -7, 0]
[-19, -12, -7, -7, 0, 11, 6, 7]
[-1, -13, -4, -5, -5, -28, -1, 10]
[-3, 12, 6, -4, -1, -10, -1, -3]
[-34, -15, -14, -2, -4, -13, -1, -1]
[-10, -14, -9, -12, -5, 5, -2, -9]
[-22, -14, 22, 4, 2, 11, 4, -18]
[5, 1, 0, -2, 3, -12, -13, 6]
[12, 2, -9, 2, -2, 0, -9, 7]
[-44, -16, -8, 1, 2, -6, -2, 2]
[31, 12, 12, 5, -1, 4, 3, 8]
[4, 4, 4, 2, -8, -2, 1, -1]
[0, -5, 2, -6, -1, 0, 13, 17]
[-20, 2, -3, -5, -2, -16, 4, 2]
[-6, -13, -9, -1, 3, -1, -1, -4]
[12, 3, -1, -3, 6, 11, -3, 4]
[0, -12, 15, 9, 2, 10, 7, 16]
[0, -1, 3, 1, 0, 1, -3, -5]
[11, -18, -20, -11, -4, 4, 3, -1]
[-1, -3, 1, 4, 5, 40, 9, 23]
[14, 13, 17, -7, -3, -9, -7, -9]
[-4, 5, -2, -8, 6, 3, 3, -4]
[-5, -11, 19, 18, -1, -2, 1, -5]
[-3, 8, -10, -7, -2, -13, -11, -22]
[-34, 9, -11, -10, 0, -14, -3, -4]
[9, -3, 0, 4, -1, 2, 4, 4]
[15, -9, 11, 1, 1, 8, 7, 10]
[-1, -12, -2, 5, 0, 16, 4, -8]
[20, 3, 1, 1, 0, -27, -3, 8]
[-50, -10, 0, -13, -6, 11, 3, -37]
[-1, -20, -2, 6, 1, -9, -16, 19]
[12, 3, 1, 5, 1, 0, -6, 1]
[27, -5, -21, -8, 0, 4, -1, -15]
[11, 16, 14, 0, -3, 8, -9, 2]
[-13, -1, 1, 12, -4, -21, -10, 11]
[-21, -11, 1, -1, 3, -3, 5, 7]
[-44, -14, -2, 0, 1, -1, 5, -38]
[6, -1, 0, -4, -3, -5, -9, -14]
[0, -14, -5, -7, -4, -4, 2, 4]
[8, 0, 17, 5, -6, -8, -2, 15]
[16, 9, -8, 1, -5, -2, -1, 1]
[9, -13, 2, -8, 5, 5, -2, 17]
[-9, 4, -6, 1, -4, -2, 0, 1]
[23, -12, -11, -7, -1, 16, 4, 3]
[-12, -21, -1, 1, 0, 15, 3, 3]
[-10, 16, 13, 4, -4, -11, -5, -7]
[-1, 7, 3, -6, 3, -6, 9, 31]
[12, -7, -13, -10, 3, -5, -6, -7]
[-5, -3, -9, -4, 4, -1, 0, 26]
[-11, -6, -13, -6, 0, -8, -6, -34]
[-13, 0, -1, 12, 4, 12, 27, -13]
[22, 5, 0, -2, -2, -6, -4, 5]
[-8, -6, 0, 2, -6, -13, 3, -3]
[-4, 1, 6, -1, -4, -8, -9, -5]
[-13, 8, -8, -8, 1, 9, 7, -13]
[9, -5, -9, -5, 1, 2, 7, 0]
[6, 7, -3, 3, -1, 9, 17, -10]
[10, -8, 5, 2, -2, -13, -6, 0]
[16, 3, -4, 3, -7, -8, 4, 12]
[19, 3, -1, -2, -8, -6, 3, 6]
[7, 13, -17, -4, 0, 0, -4, -8]
[-50, -1, 4, -4, -3, -16, 0, -23]
[-11, -6, -3, -5, 1, -3, -5, 18]
[12, -9, -7, -1, 0, -3, 1, -1]
[16, 8, -7, -6, 7, 3, -11, -5]
[12, 1, 14, 15, -2, -16, 3, -11]
[-6, -2, 11, 4, 4, 14, -2, 8]
[-41, -22, -3, -8, -2, 7, 6, 2]
[-2, 9, -11, 1, 1, -2, 1, 5]
[6, 8, -1, 0, 3, 11, -14, -10]
[-25, -1, -7, -12, 1, -25, -9, 1]
[4, -12, 12, 6, -6, -2, 0, 15]
[27, 8, 7, 1, 1, 3, 5, -9]
[-6, 1, 5, 1, -10, -7, -7, -11]
[4, -6, -6, -4, -5, -4, -10, -8]
[-2, -19, -2, 1, -2, 7, -1, 3]
[9, -2, 2, 2, 4, 37, 1, 2]
[-7, 4, 12, 13, 0, 4, 5, -9]
[-4, 8, 3, 5, 3, -2, -15, -2]
[-2, 8, -1, -8, -3, -15, -8, 3]
[11, 7, -7, -5, -1, -1, 36, 7]
[4, -2, -4, 2, 8, 7, -4, -1]
[-8, -7, -4, 2, -1, -6, -5, 1]
[-33, -9, 8, -6, -4, -11, -6, -14]
[-5, -6, -4, 5, -3, 1, 5, -4]
[3, 12, -3, -1, -5, -8, -4, 1]
[15, 7, -8, -3, -3, -24, -8, 2]
[1, 6, -12, -8, -6, -3, 2, -8]
[14, 3, 5, 2, 1, 9, 11, -2]
[13, 2, 0, -2, -2, -4, -10, 18]
[20, -6, -11, -2, 3, -1, 1, -29]
[-20, 4, 16, 6, 2, 4, 2, 14]
[-13, 0, 2, 0, -2, -2, -2, 16]
[12, 1, 2, 4, -3, -3, 5, 8]
[-7, -2, -1, -4, -3, -4, 1, 8]
[4, -2, 9, -3, 3, 1, -6, 13]
[-13, -11, 14, -2, -10, -5, 3, -15]
[-6, 13, -6, -12, -7, -17, -5, -4]
[-1, -6, -2, 4, 0, 4, -3, -12]
[-28, -6, -5, -5, -1, 2, -2, 15]
[-26, -24, -11, -5, -1, 20, 5, -9]
[-28, 3, 0, 2, -4, -10, 0, -7]
[0, 7, 11, -4, 0, -8, -2, -6]
[-29, 10, 6, 9, -6, -12, -5, -2]
[18, 8, -9, -3, 1, 3, 4, 19]
[3, 2, -5, -5, -4, -1, -3, 3]
[-4, -4, 6, 6, 4, -7, 3, 7]
[-19, 9, 3, 2, -1, -1, -6, 0]
[10, -7, -8, -9, -5, -10, -15, -8]
[2, 0, 2, -1, 1, 3, 4, 11]
[18, 14, -4, -11, 1, 10, 2, -3]
[-9, -16, -1, 1, -2, -14, -3, 10]
[2, 10, 5, 2, 0, -2, -4, -8]
[4, 9, -2, 0, 3, 4, 0, -7]
[12, 9, 7, 4, 0, 3, 3, 11]
[3, 11, 1, 5, -5, -6, 4, 7]
[24, -2, -6, -6, 3, 11, 2, -3]
[-8, 4, 8, 3, 1, 11, 4, -9]
[-14, -37, -5, -9, -5, -17, -9, -19]
[4, 2, -10, -1, -2, -7, 0, 10]
[-5, 2, -1, 0, 2, -15, -1, 11]
[-17, -1, 14, 16, 1, -6, 4, 1]
[-13, -7, -13, -4, -2, -17, -6, -18]
[6, 0, 1, 3, -3, 0, -2, -1]
[6, -4, 8, 2, -6, -9, -5, 16]
[-4, 6, 3, 2, 2, 12, 1, -11]
[-1, 10, -5, -8, -8, -7, 0, 32]
[-21, -14, -2, -7, 1, -8, -19, -11]
[7, 1, -9, 5, 3, -8, -5, -1]
[-12, -4, -2, 0, -3, -10, 9, -7]
[0, -5, -1, 1, 0, -2, -8, -2]
[-4, -1, 17, 12, 0, -6, -1, 4]
[5, -2, -17, -8, -2, -2, 2, -4]
[24, 2, 5, -2, -1, -17, -9, -7]
[-1, -1, 1, -4, 1, 24, 2, -13]
[-20, -5, -5, -7, 5, -5, -4, -13]
[7, 0, -5, -6, -3, -3, -5, -3]
[-32, -14, -2, 7, -5, -5, -2, 16]
[0, -8, -11, -4, -1, 10, 11, 8]
[-2, -10, -17, -13, -1, -6, -10, -6]
[-13, 4, -3, -7, 1, -2, -5, -8]
[9, -2, 0, -3, 0, -4, -4, 21]
[-5, 4, 5, 6, -1, -11, -7, -46]
[3, -3, 3, 2, 2, 12, -7, -5]
[-9, -7, 0, -2, -5, -12, -2, -11]
[1, -9, -6, -5, 2, -5, -5, 11]
[9, -7, -7, -4, -6, -8, -4, -5]
[-3, -13, -12, -3, 2, -2, 1, -6]
[-2, -5, -1, -5, 2, 11, 10, -2]
[3, 0, 8, -4, -8, -14, -11, 2]
[6, 5, 6, 3, -6, 3, 9, 16]
[-34, -7, 4, -2, 0, 1, 12, -11]
[-4, 7, -1, 1, 11, 11, 6, -13]
[-9, -7, 1, 2, 1, -5, 1, 16]
[14, 14, 2, -2, -1, 0, 1, 26]
[-7, 7, -14, -7, -3, 10, 6, -1]
[21, 9, 5, 2, 1, -4, 6, 3]
[22, -3, -1, 6, -4, 3, 2, 6]
[10, -6, 7, 0, -2, 1, 4, -9]
[-4, -11, -2, -1, -4, 7, 1, -3]
[11, 15, 1, -2, 2, -2, 2, 7]
[2, 17, 16, 7, 2, -2, 5, 6]
[2, -5, -6, -1, 2, 3, -1, 38]
[11, 4, -9, -5, 2, 4, 3, -4]
[8, 1, -1, 2, 0, 4, 4, -29]
[4, -5, 21, -10, -1, -12, -6, -2]
[-5, -6, -14, -9, -8, -11, -1, -16]
[1, 0, -5, 4, -1, 0, -7, -3]
[-10, -17, 4, -1, -2, 12, 9, 11]
[8, -2, -12, -6, -2, -6, -1, 13]
[-27, -23, 15, 5, -1, -10, -3, 12]
[-1, -14, -8, -2, 6, -2, -3, -5]
[-19, -3, 6, 0, 0, 11, 2, -12]
[14, -11, 2, 6, 0, -2, -2, 1]
[26, 8, -16, -7, -1, 0, -7, -11]
[6, -1, 4, 22, -1, 1, 2, 0]
[22, 14, 10, 9, 4, -6, -23, -16]
[-4, -4, -4, -8, -3, 2, 9, -10]
[-4, 12, -5, -5, 3, 0, -9, -7]
[7, 5, 9, 0, -4, -9, 0, 4]
[-7, 2, -1, 3, -1, 2, -2, 8]
[-19, -15, -8, -5, -2, -10, -8, -2]
[-19, 20, 14, 4, -6, -7, 10, -11]
[-1, -14, -11, -9, 6, 12, 1, -2]
[7, -12, -3, 6, -2, 13, 1, 6]
[-6, -6, 8, 3, -3, -9, 3, 7]
[0, 6, -15, -3, -1, -9, 2, -3]
[-11, -1, -3, -9, 0, -9, -5, -12]
[-8, -12, -5, 1, 0, 0, 0, 12]
[-8, 2, -3, -7, -1, -1, -4, -9]
[-38, 6, -2, -1, 1, 0, 1, -28]
[-5, 4, -3, -5, 0, -2, -2, -16]
[-14, -3, -11, -4, 6, 18, -6, -6]
[-5, 7, -3, 0, -2, -7, -4, -3]
[-22, 0, 2, -7, 0, 6, -8, -16]
[7, -5, -5, -6, -5, -19, -2, 12]
[6, -4, -9, -2, 1, -1, 0, 27]
[-6, -12, 8, 5, 0, 0, -1, 9]
[-10, 10, -6, 0, 0, 9, 1, -1]
[19, 8, -7, -2, -2, -11, -1, -1]
[-19, -10, -1, -2, -1, -1, 0, -10]
[12, -7, -2, 4, 2, 4, 2, 1]
[12, -3, 4, 1, -1, -4, -3, -4]
[1, 26, 4, 5, 2, -3, -1, -16]
[-23, -2, -9, -4, -2, 7, 0, -7]
[-11, -9, -3, -1, 0, 3, -5, -3]
[5, -6, -5, -9, -3, -1, -4, -11]
[2, -1, 2, -2, -5, 2, -7, -25]
[6, 2, 14, 8, -2, 3, 8, 11]
[19, 0, 0, 6, 1, -10, 1, 7]
[-17, 6, -3, -2, -4, -2, 7, 14]
[-6, -3, -6, -9, -1, -1, 4, 10]
[-29, -6, -1, -5, 2, 14, 1, -8]
[8, -5, 0, 0, 2, 15, -9, 13]
[-44, -36, 31, 14, -1, -4, 7, -13]
[-28, 1, -6, -12, -5, -1, 0, -4]
[1, 11, -4, -5, -6, -5, 3, 1]
[13, 3, -4, -3, -1, -5, 3, 7]
[12, 2, -4, 1, 4, 8, 5, 15]
[0, -6, 1, -3, -9, -6, 0, -10]
[5, 1, 1, 4, -1, 1, 5, 8]
[28, 9, 5, -6, -1, 2, 1, 11]
[-8, 5, -5, -3, 4, 3, 1, 1]
[-3, -6, -16, -5, -1, 5, 5, 3]
[-20, -4, -15, -5, 1, 8, 5, -3]
[5, -1, 14, 10, -1, -11, -6, 26]
[7, 6, 1, -2, -3, -1, 0, 4]
[-19, 1, 11, 3, 1, -16, -11, -40]
[5, 10, 4, 18, 4, 9, -2, 4]
[0, 6, -6, -13, -3, 10, -6, 3]
[1, -6, 8, 12, 6, -3, -6, -15]
[-5, -2, -17, -12, -1, 8, -4, -13]
[19, 3, -14, -4, -6, -10, -5, 7]
[-8, 1, -3, -12, -11, -3, -2, -7]
[8, 3, 0, 4, 1, 3, -2, -20]
[-30, -9, -12, 2, 0, 0, 3, -5]
[-8, -14, 4, -3, -4, -1, -3, 4]
[-3, -13, 0, -4, 6, -4, -11, 15]
[8, -9, 1, 8, 1, 1, -2, -9]
[7, 12, -2, -5, 2, 8, 0, -6]
[-9, -1, 2, -12, -4, -2, -5, 7]
[-11, -14, 3, -3, -1, -18, -20, -29]
[-16, 1, 5, 0, -5, -9, -3, -5]
[1, 14, 8, -6, -8, -7, 10, 21]
[-6, 9, -2, -7, -1, 10, 1, 1]
[0, -23, 1, -3, 4, -4, -5, 5]
[-15, -3, -6, -4, -5, -1, 0, 0]
[19, -2, -2, -3, -2, -7, -1, 1]
[-4, 1, -6, -3, -7, -8, -7, -8]
[4, 5, 5, 11, 2, -7, -13, -6]
[16, 5, -4, -11, -3, -2, 9, 7]
[-5, -12, -5, -3, 7, 9, -1, 5]
[0, 16, 12, 6, 2, 17, 3, -13]
[2, 1, 1, -4, -7, -9, -5, -4]
[5, -2, -9, -1, -4, -5, 6, 18]
[-24, -3, 1, -1, -3, -21, -9, 16]
[5, 2, 10, 3, 3, 7, -2, -11]
[14, 13, -5, -6, 0, -1, 1, 20]
[-6, -17, -14, 3, -4, -9, 1, 2]
[11, 10, -7, -2, -1, 8, -3, -10]
[4, 13, -3, 6, -2, -11, -3, 0]
[10, -3, 12, 4, -6, -5, -4, -1]
[4, 7, -6, -8, 2, 2, -3, -19]
[2, 4, 16, 8, 2, 13, 6, 2]
[-6, 5, 1, -1, -4, 2, 0, 6]
[-2, -1, -10, -7, -4, 0, -5, -15]
[-7, -32, -4, -6, 6, -6, 2, 6]
[-5, 2, 4, 2, -2, -1, -2, -2]
[-16, -1, -1, -10, -4, 11, 8, 5]
[6, 6, 2, -2, -2, -1, -3, 7]
[-13, -9, -3, -2, -6, -7, 2, -6]
[-30, 6, 2, 1, -2, -4, -2, -11]
[-16, -5, -13, -15, -2, 5, 4, -1]
[11, 12, -3, -2, 2, 11, 6, 16]
[-6, -4, 4, 7, 0, 0, 8, 4]
[-4, 0, -2, -5, -2, 5, 3, 8]
[11, 2, -6, -3, 6, 14, 3, 14]
[-15, 3, 4, 3, -2, -5, -2, -2]
[4, -1, 1, 1, -1, -5, -3, 6]
[9, -9, -12, -7, -8, -15, -9, -7]
[11, -1, 5, 7, -3, -11, -20, 8]
[-24, 6, 1, 3, 0, -19, -3, -8]
[2, -2, -18, -3, 1, 6, 2, 3]
[-9, -11, -7, -1, -1, 0, 1, -11]
[-8, -3, 2, -3, -4, -5, -7, -12]
[9, 0, -8, -2, -1, -5, 3, 14]
[15, 9, 2, 3, 2, 10, 3, 3]
[3, -8, -10, 5, 2, 3, 7, -25]
[6, 3, -5, -9, 1, 2, 0, -8]
[-2, -2, 21, 6, -3, -10, -7, 14]
[12, 17, 5, -6, -3, -2, -1, -12]
[12, -9, -20, -6, 0, -4, -23, 3]
[12, -12, -3, 4, 2, 10, 6, -2]
[-7, 11, 16, 10, 0, 4, 11, 6]
[-1, 9, -8, -13, -2, -9, -7, -9]
[-8, -12, -1, -3, -5, -6, 4, 1]
[3, 17, 18, -1, 0, -7, 3, -19]
[-29, -20, -6, -3, -2, 0, -2, -8]
[4, -3, -1, -2, 3, 16, 4, 2]
[25, 9, -2, 3, 2, -16, -2, -3]
[-5, 5, 7, 6, -2, -2, 6, 11]
[-13, -10, 3, 9, 3, -11, 1, -2]
[-6, 6, 1, 6, 4, 3, -6, 3]
[9, 5, -5, -3, 1, -1, -3, 22]
[-18, -10, 8, -7, -2, 26, 11, 23]
[14, 21, 1, 9, 0, -19, -8, -12]
[0, -4, -5, -3, -1, -1, -2, 2]
[13, 3, 1, -11, -4, -1, -1, 22]
[-2, -10, -2, -3, -5, 10, 2, -13]
[0, -3, -4, 6, 3, 4, 8, 1]
[12, 10, -10, -9, 0, 3, 1, -12]
[-3, -7, -2, 2, -4, -5, 4, 0]
[7, 3, 10, 2, -1, -2, -2, -15]
[-24, -7, 4, -7, -2, -6, 1, -3]
[2, 0, 8, 5, -2, -8, 7, 41]
[1, -1, 3, 3, 10, 16, 0, 6]
[0, -1, -18, -9, -5, -6, -9, -15]
[-7, 2, -5, -2, -5, 6, -1, -13]
[27, 3, -14, 0, -1, 6, 4, 9]
[-6, 2, -11, -1, 13, -6, 4, -3]
[26, -4, 4, 8, -4, -2, -5, 1]
[-27, -8, 4, -3, -1, -9, -11, -5]
[5, 2, -8, -10, -4, -2, -1, -13]
[-16, 5, 1, -1, -7, -8, 3, 0]
[-5, -9, 1, -11, 0, -8, 2, -10]
[16, 12, -1, -3, -2, 1, 1, -3]
[4, 9, -3, -5, -2, 15, 10, -6]
[10, 0, 0, 2, 11, 18, 2, 2]
[-20, -26, -5, 3, 1, -14, -5, 12]
[10, -4, -22, -14, -6, -18, 7, 7]
[-15, -11, -9, -6, -1, 13, 4, 4]
[-10, -2, 15, 3, -7, -10, 0, -5]
[-40, -12, 7, -5, -2, -3, -1, 6]
[10, 7, -7, 2, 1, -3, -8, -5]
[-5, 6, -4, 3, 4, -1, 6, -14]
[-13, -5, -1, -3, -5, -18, -12, 0]
[18, 1, 1, 8, 2, 19, 21, 7]
[0, 1, 10, 17, -4, -5, -2, -1]
[11, 4, 1, -3, -2, 10, 5, 3]
[-8, -4, -1, -2, -7, -13, -2, -4]
[17, 7, 1, -6, 1, 5, 0, 10]
[-4, -3, -7, -4, -5, 4, 0, -4]
[22, 5, -12, -7, 8, 11, -1, 18]
[4, 0, -4, 3, -1, -3, -5, 1]
[2, 0, 3, 0, 0, -26, -7, -3]
[6, 1, 7, 10, 0, 6, -1, 1]
[-12, -16, -2, -6, -1, 10, 1, -1]
[1, -7, -6, -3, 0, -8, 0, 3]
[11, 0, 2, -3, -3, -8, -3, -10]
[28, -2, -1, 2, -10, -6, 2, 7]
[15, 20, -6, -3, 1, 9, 7, 0]
[-10, 3, 4, 10, 2, -5, -3, -2]
[-14, -1, 0, -3, 2, 9, 1, 2]
[-55, 2, -6, -7, 1, -8, 8, -5]
[10, -10, 4, -6, -3, 3, 2, -5]
[8, 4, 21, 11, 3, -4, -11, 0]
[2, 0, -6, 0, -4, 2, -14, 23]
[6, -7, -7, 13, 4, 22, 8, -1]
[1, 17, 2, -6, -1, -4, -3, -11]
[-10, -33, -9, -8, 0, -4, 4, -3]
[0, 4, 0, -2, -1, -3, -2, -6]
[-13, -1, -8, -5, -3, -3, -3, -8]
[12, 4, 4, -2, -1, -12, -6, -8]
[9, 5, 3, 0, -3, -6, 1, 2]
[-3, 1, 8, 4, 2, -5, -6, 16]
[-9, 0, -6, -11, -4, -10, -11, 4]
[-5, -1, 1, -6, -7, -12, 0, 6]
[-9, 14, -6, -10, -7, 8, 5, 9]
[-5, 4, -10, -6, -6, 2, 4, -3]
[-14, -5, 2, -1, -2, -21, -9, -8]
[-11, 10, -8, 4, 1, 7, -1, 10]
[-1, 2, -2, 1, 1, -4, 0, -2]
[-18, -8, 5, -8, -2, 5, -5, -16]
[-16, -18, 13, 12, 3, -4, -9, -2]
[-2, -7, -5, 0, -3, -11, -4, -2]
[-8, -4, 1, -1, 1, 5, 4, -21]
[1, 3, -9, -2, 3, 13, 9, 15]
[6, 13, 7, 6, -1, -2, 0, 16]
[10, 7, -5, -2, -5, -9, 4, 11]
[12, 1, 15, 13, 1, 4, 6, -7]
[-11, -7, 1, -5, -2, 4, -6, 3]
[26, 7, 10, 2, -2, -4, 1, 13]
[-12, 15, 6, -1, 1, 0, -6, 0]
[-14, 2, 0, -5, 2, 8, -2, -47]
[1, 3, -2, -5, -2, 0, 11, 2]
[26, -6, -5, -1, -8, 5, -6, 19]
[3, 5, 6, 0, -5, -6, -4, 0]
[-23, -4, -17, -7, -5, -3, -1, 2]
[-14, 8, -9, -2, -2, 5, 2, -8]
[5, 0, -1, 0, 1, -6, -2, 9]
[-14, -8, 7, 5, 7, 5, -13, -12]
[-1, -13, 0, -6, -4, -4, 1, 6]
[9, -21, -6, -4, -2, -1, 3, 7]
[-3, 13, -5, -3, -2, -4, -5, -11]
[5, -1, -7, -5, 4, 0, -6, 13]
[13, 12, -15, -6, -4, 1, 5, 8]
[6, 8, 10, 8, 7, 14, 1, 2]
[11, -15, 9, 5, 0, 5, 0, -1]
[-11, -12, 5, 5, 1, 4, -6, -14]
[4, 8, -1, 3, -6, -25, 0, 22]
[-15, -25, -10, -4, 0, 11, -5, 5]
[-10, -6, 1, 9, 2, 7, 3, -3]
[1, 11, -4, 6, 3, 5, -13, 1]
[4, -5, -3, -12, -11, -5, -5, 0]
[0, 3, -8, -4, 5, 3, -3, -7]
[-9, -1, 6, 6, -1, 2, -3, -2]
[-9, -12, -4, -3, -2, 5, 4, 19]
[18, 5, 4, 4, -3, 3, 1, -5]
[19, 12, -6, -6, 0, 27, -15, 11]
[25, 11, -1, 14, 8, 4, 2, -2]
[-9, -13, 8, 3, 3, -1, -2, 1]
[18, -20, 1, -3, -8, -14, -8, 5]
[11, 3, -4, -8, -5, 9, -4, 2]
[-8, -10, -2, 0, -4, -11, -2, -14]
[-8, -7, 4, -2, -2, 3, 2, 24]
[11, -4, 5, 8, 0, -4, -4, -1]
[12, 11, -9, -1, -2, 1, 3, -22]
[4, 13, -12, -13, -1, 2, -1, 4]
[8, 0, 0, -1, 1, 1, 1, 7]
[-14, -8, 1, -3, -1, 7, -3, -8]
[13, -2, -7, -3, -1, -4, -4, -3]
[-1, 8, 9, 12, 13, 13, -3, -1]
[-13, -3, 1, -7, -4, -11, -5, -10]
[15, 6, 5, -1, -7, 1, -4, -17]
[4, -6, -4, -1, 0, 0, 6, 21]
[-8, -4, 2, 1, 4, -6, -11, 6]
[-7, -12, -2, -8, -5, -10, -5, 10]
[-6, 4, -2, -2, -2, -8, 7, -2]
[-4, -10, -3, -5, -3, 5, 0, -5]
[9, 7, -2, -2, 5, 7, 4, 1]
[27, 20, -6, 0, -2, 7, 7, 4]
[-4, -11, -19, -12, -1, -2, 4, -15]
[4, 0, 4, 6, 2, -14, -2, -5]
[-9, -2, 2, 2, 3, 4, 1, 3]
[11, -22, 1, -2, -1, -3, -4, -1]
[-9, -9, 15, 17, -3, 10, 2, 1]
[-1, -2, -4, -8, 2, 12, 11, 7]
[12, 10, -7, -6, -6, 8, 1, -8]
[14, -3, -5, -7, -4, -3, -2, 5]
[-7, -3, -15, -8, -4, 0, -7, 4]
[-8, 6, -2, 0, 0, -1, -5, -5]
[1, 13, -4, 6, -1, 4, 7, 14]
[23, 14, 8, 7, 6, 3, 1, 10]
[-14, -10, 9, 0, 5, 0, -6, 7]
[2, 3, -2, -1, 4, 2, -1, -3]
[-5, 9, -4, -7, -6, -8, 1, -6]
[18, 2, -20, -1, -3, -5, -2, 11]
[11, -1, -9, 2, -1, -5, 0, 20]
[4, -2, -4, -3, -4, 8, 1, -17]
[-21, 2, 11, 4, 2, 3, 1, -8]
[-15, 13, -17, -2, -1, -3, -1, -5]
[-8, 17, -3, -5, -4, -8, 2, -8]
[1, -1, -4, -7, 13, 23, 6, 12]
[3, 2, -7, -7, -5, -1, 2, 4]
[-4, -6, -4, 6, 1, -2, -5, -5]
[0, -5, 3, -7, -1, -17, -9, 3]
[-9, 8, -10, 2, -1, 33, 12, -7]
[-5, -7, -14, -3, -4, -2, -8, -26]
[5, 9, 5, 2, 2, -8, 0, 0]
[13, 2, 9, 6, 0, -7, 2, -3]
[6, -17, 13, 4, 1, -8, -4, -13]
[6, -1, 2, 4, 0, -6, -2, -18]
[-1, -2, -3, -2, -2, -8, -1, -4]
[2, 0, -9, -14, -2, -5, 0, -31]
[-10, 4, 4, 0, -2, 0, 4, 1]
[-10, -6, -1, -2, -8, -17, -13, -1]
[5, 4, -2, -5, -4, 7, 2, 6]
[6, -4, 5, 9, 3, 1, 0, -3]
[6, 3, 1, -3, 1, 4, 3, 4]
[-29, -5, -4, 5, 3, 3, 0, -8]
[1, 0, -4, -10, -2, 15, 0, 3]
[6, 10, 0, -1, -3, 4, -2, -10]
[9, -15, 13, 16, 8, -1, 1, 6]
[3, -19, 10, -3, 8, -4, 2, 5]
[-2, 4, -4, 1, -3, 29, 3, 0]
[-9, -3, -7, -4, 0, -14, 0, 5]
[-7, -3, -7, 1, 1, -2, -3, -9]
[2, 12, 7, -7, 6, 2, -2, -16]
[4, -4, 1, -1, 1, -22, -8, -42]
[12, 11, 3, 2, -3, -2, 3, 34]
[-10, -2, -3, -1, -4, -6, 2, -9]
[-37, -14, -5, 0, 4, 12, -4, -3]
[4, -3, -1, -1, 0, -7, 4, 6]
[-7, -1, 1, 3, 5, -1, -2, 7]
[13, 6, 8, 7, 0, -6, -6, 26]
[-12, -9, -6, 2, -5, -8, -12, -15]
[10, -12, -2, -3, 2, 4, 4, 7]
[-1, 31, 16, 1, -4, -6, -4, -17]
[-40, 8, -8, -2, -2, 0, -2, -11]
[-6, -6, -14, -1, 3, 4, 1, -3]
[21, -6, -1, -2, 11, 20, 7, 13]
[2, -1, 1, 5, 2, 2, 3, 8]
[5, 3, 4, 4, -4, -6, -1, 8]
[20, 11, 2, 3, -4, -2, 2, -20]
[3, 15, -3, 3, 9, 8, 1, 4]
[-5, -9, -3, -4, -8, -2, 0, -4]
[-23, -10, 0, -10, -4, -3, -3, -21]
[2, 5, -1, 6, 3, -5, 1, 10]
[-1, 1, -5, -4, -5, 37, 8, 2]
[1, 8, -5, -2, 0, -10, 1, 2]
[-22, -2, -4, -6, -3, 3, -4, -6]
[3, 3, -3, -7, 1, 7, 6, 14]
[16, -2, 2, 0, -5, -2, 2, -28]
[-13, -10, -3, -2, 1, -12, -6, -6]
[2, -3, -5, 3, 2, 6, -2, 10]
[2, 11, -2, 5, 3, 5, 1, 0]
[31, 2, 0, -5, 2, 4, 5, 10]
[-16, 8, -6, 1, 13, 8, 4, 5]
[13, -4, 12, 13, -4, -14, -11, -15]
[1, -4, -11, -7, 6, 6, 4, 7]
[7, -4, -6, -6, 1, -6, -3, -12]
[2, 14, -3, -7, -3, -12, -1, 7]
[-3, -3, 3, 8, -4, 3, -4, -1]
[-4, 0, 15, 6, 6, -1, -6, -10]
[0, -9, -8, -10, -9, -1, 1, 2]
[-3, 14, -9, 5, 6, 18, 0, 10]
[-31, -15, 7, -4, 1, 2, -4, 4]
[9, 1, -6, 4, 1, 1, 1, 8]
[-7, 1, 1, -6, -2, -5, -4, 1]
[18, 5, 1, 1, -5, -11, 1, 20]
[12, -24, -5, -7, 6, 32, 3, -3]
[8, 4, -13, 1, 2, 3, 2, -15]
[7, 8, -4, -3, -1, 9, 1, -9]
[-24, 12, 5, 0, 0, -5, -1, -7]
[6, 8, 14, -1, -1, 2, -2, 1]
[11, -3, 0, 5, -1, 2, 0, -4]
[9, 2, -5, 0, -4, -14, -4, -4]
[9, 5, 2, 11, 1, 4, 3, 32]
[-2, 21, 3, -2, -5, -3, 4, 27]
[10, -15, 11, 14, 2, 16, -2, 6]
[-10, -5, 0, 1, -7, -10, -3, -10]
[0, -4, -6, -2, 0, 0, 0, -18]
[-8, 8, -16, -2, -5, -8, -1, 1]
[12, 5, -2, 3, -1, 7, 6, 3]
[5, 0, 0, -5, 0, -7, -1, 11]
[-33, -9, 1, -2, 2, -3, -4, -8]
[11, -12, 10, 8, -3, -3, 0, 6]
[-19, -3, -2, -7, -9, -26, -3, -27]
[-8, 3, -2, -3, 1, -9, -5, 9]
[-5, -23, 7, -1, 3, 7, -1, -10]
[24, 8, 3, 1, 3, 16, 3, 9]
[9, -15, 6, 4, 2, 2, -5, -2]
[-13, -2, -1, -3, -5, 5, 8, 22]
[-4, -5, 5, 4, -2, 4, 3, -10]
[-16, 2, -15, -12, -3, 0, 3, -8]
[19, 10, 1, -2, -3, -1, 4, 6]
[0, 0, 2, -2, 0, 5, -4, -4]
[-9, 2, -7, -2, 5, -5, -1, -12]
[-27, -4, -5, -8, -4, -3, -1, 4]
[-14, 8, 3, 8, -1, -1, 0, -9]
[5, -5, -3, 0, 3, -2, -7, -2]
[-3, -6, -8, 2, -1, -10, -7, 6]
[-6, -6, -8, -2, -4, -22, -4, 0]
[-3, -30, 11, -2, -2, 11, -2, 10]
[-5, 8, -5, -6, -6, 6, -5, -1]
[1, 6, -7, -5, -2, -10, -5, -2]
[6, -1, 1, 1, 3, 17, 2, 9]
[3, -2, 5, 3, 1, 1, 2, -10]
[-19, -4, -14, 2, 3, -5, -1, -12]
[23, 11, 3, -3, -3, -19, -16, 11]
[0, -1, 5, -2, 4, 11, 2, 8]
[-32, 4, -11, -6, 0, 12, -3, -3]
[1, 2, -4, -7, -2, 5, 8, 5]
[5, -1, -9, -7, 2, 9, -4, 2]
[6, 5, 0, 2, 0, -1, 1, 2]
[37, 7, -1, -2, -3, -5, -1, -1]
[-5, 0, -5, -5, -4, -11, 1, 3]
[-17, 0, 1, 3, -7, -9, -3, 7]
[9, 19, 1, 0, -2, -5, -1, -4]
[-27, 8, -3, -9, -4, -16, -7, -35]
[0, -5, -2, 2, 2, 1, 1, -10]
[12, 4, -3, 1, 6, 4, 2, 2]
[8, -4, 6, -7, -6, -3, -3, -4]
[-24, -10, -6, -2, -8, 8, -5, -11]
[19, 16, -8, -6, 1, -20, -12, -5]
[-2, -7, 0, 5, 4, -8, -2, -2]
[2, -3, 9, 4, 1, 9, -2, -9]
[-1, -3, 4, 2, 0, 1, -3, 7]
[4, -8, -16, -5, -9, -4, 4, -1]
[-5, 6, -1, 2, 1, 4, 1, -18]
[-12, -10, -1, 0, -2, -6, -2, 11]
[5, 3, -3, -1, 2, -10, 4, 13]
[1, -16, -16, -8, 0, 0, 0, -17]
[10, -8, 6, 9, 1, 1, -1, 13]
[-5, -13, -3, -2, -6, -13, -2, -17]
[-3, 1, -4, -2, 0, -3, 2, 7]
[-3, 2, -7, 1, -6, 2, 3, 6]
[8, 10, -2, 1, 0, 0, 1, 13]
[-3, 8, 9, 9, 2, -8, -16, -13]
[7, 9, 8, -6, -3, -1, 1, -21]
[-5, -16, -7, -2, -4, -11, -3, -6]
[16, -4, 3, 0, 0, -1, 0, 5]
[-12, 2, -2, -1, 1, -12, -4, 1]
[-9, -18, -3, 11, 3, -1, -1, 4]
[-3, -11, -6, 0, -4, 17, 1, -8]
[-6, -11, -7, -1, 3, 9, 6, 10]
[-29, 5, -4, -6, -1, -11, -2, -4]
[17, -5, -10, -3, -1, -7, -1, 7]
[-4, -3, 4, 3, -2, -1, 11, 58]
[6, -1, -4, -7, -1, -1, -1, 3]
[4, 13, 4, 0, 0, -5, -4, -26]
[-7, -8, 20, 14, -2, 14, 0, -16]
[-9, -16, -7, 0, 2, -4, -5, -19]
[2, 0, 0, -5, -2, 10, -5, -15]
[-14, -13, -6, 1, -1, -8, -4, 2]
[-31, -5, -5, 1, -2, 15, 4, 21]
[11, -3, -2, -4, 1, 2, -5, -7]
[-7, 7, -9, 0, -1, -12, -3, -9]
[-41, -41, 1, -2, -2, -19, -6, -11]
[36, 17, 6, 6, 1, -5, 1, 36]
[25, 21, 17, 4, 8, 10, 0, 1]
[13, 1, -4, -2, 2, 1, 2, -10]
[12, 8, 12, 3, -4, -3, 7, -1]
[18, 1, 2, 10, 7, 4, 8, -26]
[4, 3, -4, 12, -1, -10, 5, 6]
[3, 1, 18, 15, 3, 0, -3, -59]
[-23, -1, -6, -11, 2, 12, 3, 20]
[19, 7, -19, -4, 1, 3, -8, -6]
[-5, -9, -11, -11, -2, -9, -7, -4]
[6, 4, 11, -2, 9, 18, -1, -9]
[13, 3, -4, -2, -6, 2, 5, 23]
[13, 5, 0, -1, -1, -10, -9, 15]
[-17, -8, -1, 7, -1, 2, -1, 5]
[-6, 7, 0, -2, -8, -4, -3, 2]
[6, 11, -17, -8, -4, -1, 5, 10]
[18, 3, -22, -4, 3, -2, 1, 15]
[8, 6, 5, -1, 5, 18, 0, -12]
[-7, -18, -2, 5, -2, -4, -8, -3]
[-3, -1, 12, 2, -6, -9, -2, 7]
[16, 2, -3, 5, 0, 4, 7, 13]
[-17, -9, -4, 6, 0, 0, -1, 8]
[5, -9, -5, -9, -6, -17, -7, 24]
[11, 4, -13, -4, 2, -8, 0, -1]
[-28, 3, 0, 0, 1, 7, 1, -42]
[32, 1, 1, -7, -3, 4, -8, -4]
[-4, 3, 4, 5, 2, 3, -23, -10]
[-3, -27, -14, -4, 3, 14, 10, 9]
[13, 2, 5, 9, -2, 1, 6, 59]
[-7, 2, -4, -2, -2, 9, 6, -23]
[7, 5, -5, -7, -2, 8, -9, 6]
[2, 6, 3, -2, 3, 5, -1, -2]
[-1, -9, -6, 0, -8, -11, 7, -2]
[-10, -4, -6, -9, -3, -1, -1, -12]
[22, 1, -4, -1, -4, 1, 0, 0]
[-61, -10, -9, -7, 0, -1, 1, -10]
[16, -6, 0, 4, 1, 6, 4, 10]
[12, 11, -5, -6, -3, 0, 1, 14]
[13, 5, 20, 3, 4, 16, -3, -9]
[3, -5, -9, -5, -2, -4, -2, -10]
[3, 4, -5, 3, 5, 5, 1, -10]
[-14, 0, 7, 3, 6, 11, 0, -18]
[-3, -4, -3, -2, -5, 1, -2, -19]
[3, 3, -2, -6, -5, -19, -2, 35]
[-18, 3, -3, 3, 8, 8, 1, -17]
[-4, -4, 16, -6, 3, -5, 1, 21]
[-5, -8, 12, 10, -5, -7, 2, 2]
[2, -18, -11, -1, 1, 11, 1, 11]
[-7, 10, 0, -2, 5, 7, 3, 1]
[-2, -4, 0, -6, -6, -3, 1, 3]
[27, 20, -4, 0, 7, -4, -8, -3]
[-1, -14, -25, -9, -5, -5, -4, 10]
[2, 6, 7, 4, 2, -16, 2, -16]
[-28, 1, -4, -8, -1, 18, 2, 8]
[5, 6, 5, -1, -2, 1, 1, -2]
[10, -6, -14, 3, 0, 13, 0, -23]
[-27, -13, 6, 5, -2, -3, 8, 12]
[-25, -5, 11, -11, -12, -20, -14, -33]
[51, 11, -13, -10, -7, -14, -3, -1]
[6, 9, 22, -2, 1, 6, -6, -35]
[9, 5, 5, 26, 3, 10, 0, -36]
[12, 4, -15, 0, 9, 1, 3, 14]
[-12, -5, 0, -3, 0, -7, 1, 11]
[21, -15, -1, 2, -1, 4, 5, -2]
[33, -1, 1, -6, -2, 1, 4, 29]
[-28, -17, 10, -8, -1, -29, -20, -28]
[-27, 1, 12, 1, -1, -5, -6, -28]
[-27, 6, 6, -2, -5, 1, 0, -2]
[16, 8, -11, -13, -16, -13, -5, -14]
[-54, 9, -7, -9, -4, -2, 16, -14]
[-11, 10, 5, -3, 7, -1, 2, 25]
[-16, 13, 14, 4, 9, 15, 0, -7]
[-16, 4, -17, -13, -3, -5, 4, 14]
[19, 0, -11, -3, 0, 8, 3, 28]
[-12, -6, -13, -8, 3, -4, -7, -8]
[5, 6, 9, 5, -11, -17, 4, 21]
[-15, -25, -2, -13, -3, -7, 1, -42]
[10, 2, -2, -6, -1, -7, -5, -18]
[4, 6, 10, 9, 5, 8, 5, 14]
[17, -7, 21, 2, 3, -9, -2, 25]
[-25, -9, -3, -6, 0, 3, 4, -55]
[45, 15, -11, -6, -6, -10, 1, 20]
[-24, -8, -16, -3, -5, -9, -11, -18]
[8, 6, -3, -4, -6, -7, -1, 6]
[-3, 10, 2, -3, -5, -1, -2, -7]
[-19, 9, 13, 14, 3, 16, 11, -2]
[27, 4, -25, -7, 2, -16, -4, 23]
[4, 11, 4, 8, 0, 0, -4, -4]
[21, 4, 22, 7, 0, 6, -5, -47]
[28, 14, 13, 9, -3, -15, -2, 2]
[1, 3, -8, 1, 1, -3, 6, -21]
[-1, -6, -10, -6, -4, 16, 8, 34]
[-12, 1, 20, 20, 6, -16, -2, 18]
[14, 18, -3, -4, 5, -5, 0, -16]
[-3, -14, 4, 3, 0, 2, 5, -8]
[20, 3, -7, -5, -3, -4, 4, 21]
[0, -7, -35, -12, 2, 5, 3, -4]
[-37, -21, 1, 9, -3, -1, 0, 3]
[37, 8, 7, 3, 0, -5, -13, -17]
[-36, 6, 14, 8, 1, -10, 1, -21]
[6, 17, 7, 0, 12, 9, -1, -3]
[-13, -5, -11, -4, -2, -7, -6, 9]
[-25, -10, -9, -5, -5, -19, -13, -23]
[-4, -1, -2, -15, -11, 0, -3, -3]
[9, 2, -8, -2, 0, -1, 1, 2]
[26, 6, 11, 10, 3, -3, 1, 2]
[18, -3, 10, 12, -2, -23, -10, 5]
[-19, 10, -7, -6, 1, 3, 2, -16]
[9, 14, 4, 12, 7, 1, 4, 18]
[29, -8, 4, 8, 0, 3, -2, 8]
[10, 6, -2, 1, 0, -1, 4, 2]
[0, 1, -9, 3, -8, -10, 3, 2]
[-19, -3, 2, -21, -5, 6, 9, -33]
[-24, -6, -7, 3, 5, -1, -1, 8]
[27, 9, 2, -4, 0, 6, 4, 42]
[-6, -4, 29, 11, -1, -1, 1, 4]
[-31, 4, -8, -1, 0, -10, -4, -21]
[-10, -16, 4, 9, 2, -1, -6, -10]
[-4, -6, -12, -7, -7, -5, -1, -12]
[-30, -12, 12, 7, 3, 13, 8, 17]
[-6, 4, -7, 0, 0, -6, -1, 9]
[36, 12, -8, -4, 3, 1, 5, 20]
[37, 21, -1, -2, -2, -4, -2, 27]
[18, -1, -12, -4, -11, -15, -18, 1]
[-40, -24, 1, -4, -4, -5, -4, -11]
[-3, 3, 0, 0, 6, 0, -3, -2]
[5, 10, -4, 1, 1, 9, 2, -9]
[-10, -9, 3, -3, 3, 8, 1, -14]
[21, 21, -1, -4, 9, 6, -5, -6]
[-28, -2, -6, 8, 0, -8, -3, 2]
[-5, -9, 18, 1, -4, 3, 1, 30]
[-5, -29, 0, -10, -1, 9, -2, -20]
[-12, 15, -13, -3, -6, -7, 4, 10]
[-17, 3, -3, -4, 5, 0, 3, 4]
[14, 13, 2, 6, -4, -5, -3, -7]
[6, 4, -6, -8, -5, -10, -5, -8]
[7, -16, 3, 9, 11, 0, -4, 4]
[11, -3, -7, 0, -1, 0, 3, -4]
[15, -15, 1, -8, -9, -5, 3, -10]
[18, 7, -5, 1, -1, -4, 1, -20]
[22, 0, -3, -4, -2, 0, 3, 22]
[10, 11, -9, -3, -1, 10, -1, -10]
[-32, 7, 11, 2, -1, -13, -9, -13]
[0, -1, 0, 4, -4, -10, 21, -2]
[2, 6, 9, 8, 8, -1, -12, -10]
[-28, -16, -4, -1, 0, -4, -7, -13]
[-15, -9, -6, -11, -6, 0, 6, 8]
[-21, -1, -4, 0, -2, 1, 2, -13]
[4, 4, 13, 21, 4, 8, 3, -7]
[-2, 0, -8, 4, -1, -12, -8, -2]
[13, -20, -7, -4, -4, -2, -4, -5]
[6, -5, -17, -8, 0, -21, -3, -20]
[6, -6, -19, 1, 0, 4, 3, 2]
[11, 2, 13, 8, 2, 1, -3, -19]
[11, 4, -1, -10, -3, -3, 5, 17]
[25, 23, 13, 0, -1, -11, -1, 8]
[-3, -26, -2, 4, 3, 6, 6, -6]
[-34, -1, -7, -11, -10, -13, -6, -12]
[-21, -18, -6, -5, -9, -12, -7, -26]
[15, -14, 3, 11, 3, -3, -5, 3]
[-2, -1, -3, -3, 0, -7, -9, -40]
[6, 6, 8, 4, -6, -3, -13, 34]
[11, -8, 2, -8, 0, -7, -2, 0]
[-19, -11, -5, -10, 0, -2, -10, -51]
[4, 18, -4, 1, 1, 8, 6, 10]
[-18, 17, -7, -2, 2, -6, 1, 7]
[12, 1, -6, -2, -2, -2, 0, -1]
[2, 0, 0, 6, 0, 3, 2, 12]
[-9, -3, 8, 12, -3, -10, -4, -13]
[0, 0, 6, -1, -2, 9, -3, -25]
[-3, 2, -12, -6, 5, 8, -2, -17]
[5, 12, -1, 0, -2, -10, -6, 11]
[5, -6, 2, 3, -3, -8, -3, 0]
[11, -17, -14, -6, -3, -4, 0, 9]
[-7, -18, -4, -5, 0, 3, 1, 15]
[4, 7, -4, 6, 0, 3, 5, 2]
[-20, 11, 6, -1, 5, 2, 0, -14]
[-1, 7, -7, -1, -2, -18, -9, -13]
[-20, -9, 6, 11, 5, 1, -1, -6]
[9, 7, -4, -4, -2, -9, 2, 31]
[0, -2, 6, 7, -2, 1, 3, -3]
[5, -1, 2, 0, 0, 1, -2, 10]
[-7, 3, 11, 1, -4, 2, -3, 3]
[-8, 1, 11, 0, -2, 0, -2, -13]
[4, 8, -25, -13, 14, 30, 5, 0]
