[-106, 101, 7, 52, -94, -86, -33, -104]
[96, 33, -25, 92, 127, -4, -97, 127]
[5, -128, 51, -128, -45, 94, 127, -52]
[112, -78, 44, 30, 127, 78, -5, 127]
[-115, 107, -15, 114, -62, -128, -109, -67]
[106, -109, 40, -66, 75, 96, 71, 99]
[-42, 90, 71, 127, 36, -97, -116, 55]
[-56, -31, 108, -91, -119, 1, 88, -114]
[-121, 37, 0, 32, -100, -87, -26, -127]
[-68, 121, 36, 104, -22, -103, -100, -37]
[-36, 5, -72, 63, -22, -74, 6, -35]
[6, 38, 87, -20, 1, 17, 4, -4]
[5, -128, -66, -111, 32, 65, 25, 113]
[102, -53, -110, 5, 75, 68, 9, 18]
[43, 17, -20, 32, 13, 8, 2, -14]
[-47, -59, 37, -22, -40, -37, -9, -1]
[27, -11, -92, -45, -27, -21, -24, 11]
[-19, -76, 49, -15, 24, 23, -5, -15]
[-25, -35, -79, 15, -4, -16, -17, -53]
[29, 73, 35, 9, 6, 2, -22, -22]
[-23, 46, 38, -30, 1, 8, -55, -26]
[23, -68, -30, -82, -32, 61, 104, -41]
[-112, 70, 106, 22, -105, -85, -23, -128]
[-86, 105, 111, 127, 2, -126, -117, -29]
[-4, 103, -68, 127, 35, -72, -92, 66]
[-18, 20, -17, 92, 25, -51, -67, 45]
[-25, 75, -5, 21, -17, -20, -1, -49]
[-49, -40, -63, -83, -65, 12, 59, -87]
[-16, 67, -41, 76, 2, -66, -74, 5]
[-103, 127, 127, 127, -19, -128, -128, -43]
[52, 30, -35, 96, 107, -23, -95, 97]
[76, 24, -87, 81, 122, 19, -59, 126]
[-109, 121, 34, 97, -68, -123, -89, -79]
[124, -116, -21, 7, 127, 89, 2, 127]
[127, -100, 15, -29, 127, 91, 20, 127]
[-95, 91, 106, 127, -40, -128, -117, -62]
[127, -66, -100, -37, 127, 93, 36, 127]
[48, -113, -24, -128, -41, 96, 127, -28]
[-128, 116, -87, 36, -123, -109, -39, -128]
[-16, 111, 53, 127, 28, -94, -128, 18]
[-128, 105, 104, 93, -96, -128, -82, -128]
[77, -114, -76, -128, 9, 127, 127, 40]
[-128, 89, 117, 12, -128, -82, -1, -128]
[15, 13, 67, 117, 66, -73, -119, 63]
[122, -107, 19, -108, 76, 127, 119, 87]
[-121, 75, 127, -44, -128, -54, 27, -128]
[-17, -16, 2, 127, 70, -85, -128, 63]
[17, 92, -7, 127, 77, -80, -120, 54]
[-128, 56, 71, 32, -128, -95, -10, -128]
[3, 79, -14, 127, 76, -69, -119, 75]
[105, -128, -128, -110, 72, 127, 118, 90]
[-112, -47, 74, -10, -128, -78, 2, -128]
[42, 99, -104, 116, 94, -45, -113, 67]
[80, -66, -59, -128, 8, 127, 127, 44]
[28, 34, -29, 90, 107, -16, -81, 112]
[64, -29, -30, 76, 115, 0, -96, 115]
[106, 44, -93, -128, 19, 127, 127, 58]
[127, -20, -26, -114, 72, 127, 112, 96]
[-24, 40, 11, 127, 42, -97, -128, 24]
[127, -121, -116, -79, 99, 121, 52, 127]
[107, 39, -12, 44, 105, 30, -42, 124]
[-128, 106, -5, 56, -98, -103, -33, -116]
[-23, 96, 101, 127, 19, -105, -123, 17]
[113, -128, -84, -5, 127, 68, 2, 127]
[88, -64, 57, -121, 36, 126, 120, 40]
[-97, -59, 83, -83, -98, 1, 72, -114]
[-25, 71, 35, 19, -9, -16, -29, -9]
[0, 75, -109, 43, -1, -34, -43, -1]
[27, 126, -25, -36, -1, 9, 16, -14]
[26, 61, -100, 27, 10, -4, 14, 24]
[-55, -124, 21, 1, -17, -26, -37, -16]
[-34, 18, 9, 19, 5, -2, 3, 5]
[13, 105, 32, 0, 14, 10, 6, 21]
[-18, -67, 51, 4, 2, -3, -1, -23]
[19, -96, 105, -1, 0, -5, -31, -23]
[-64, -78, -52, -8, 0, 1, -1, -5]
[-20, -102, -90, -15, -8, -1, 1, 4]
[1, -58, -11, 32, 15, 10, -12, -12]
[34, 117, -116, -1, 4, 3, 13, 15]
[-51, -88, -46, -20, -13, -5, 31, -17]
[8, 24, 127, 28, 10, 8, -10, 0]
[10, 26, 127, 2, -9, -3, 27, -17]
[-9, -63, 98, -17, -6, -7, -8, -9]
[-11, -42, 127, 14, -2, -5, 2, -21]
[24, 85, 62, -2, 0, -2, -8, 1]
[46, 95, 64, 30, 11, 4, -4, 25]
[-10, -121, 41, 12, -6, -7, 3, -8]
[-17, -85, -128, -8, -1, 0, 12, 1]
[-10, -64, 40, -5, -2, -4, -8, -2]
[-1, -11, 44, 6, 3, -1, -33, 2]
[-9, 11, 25, 2, -4, -1, -3, -4]
[9, 43, -18, 13, 2, -4, -36, -7]
[-15, 84, -46, -17, -9, -3, 6, -7]
[11, -26, -128, -10, 2, -2, -2, 5]
[-48, -27, 109, -10, -12, -5, 9, -16]
[5, -40, -39, 12, 0, 2, 14, 4]
[11, 59, -10, 2, -5, -6, -3, -12]
[-1, -51, -9, -8, 5, 5, 8, 8]
[6, -44, -64, -1, 0, 0, 10, 2]
[-17, 55, -76, 4, 3, -1, -15, 4]
[-26, -82, 67, -15, -6, -6, -4, -16]
[8, 15, 14, -27, -15, -5, -9, -8]
[1, 83, 11, -6, -8, -7, 9, -7]
[2, -27, 13, 8, -2, -5, -42, -29]
[12, -20, -128, -6, 5, 5, -16, 4]
[0, 47, 41, 34, 20, 12, 0, 22]
[46, 96, 96, 23, 4, -2, -4, 12]
[-16, -16, -3, -16, -5, -2, -7, -8]
[24, 41, -45, -12, 3, 5, 23, 14]
[-22, -83, 64, -9, -5, -4, -2, -4]
[-7, -10, -20, 2, -5, -4, -9, -3]
[-16, -73, 38, 8, 3, 4, 9, 9]
[5, -39, 108, 13, 6, 3, 16, 10]
[-4, 34, -27, 6, 7, 5, -8, 0]
[4, -8, -63, 2, 0, -1, -9, -2]
[-11, -108, -63, -11, -10, -6, -11, -10]
[18, 47, 28, 12, 11, 11, 8, 15]
[16, 113, -15, -27, -8, -5, 45, -4]
[-26, -66, -30, -2, -6, -8, -54, -11]
[2, 34, -22, 5, -1, -4, -15, -6]
[12, 10, 35, 2, 4, 4, 11, 9]
[-24, -122, 26, 1, 0, 2, 8, 2]
[12, 82, 53, 21, 5, -2, 3, 8]
[6, 29, 6, 1, 3, 5, 8, 9]
[42, 32, -39, 6, 8, 8, 25, 15]
[-5, 48, 43, -10, 0, 7, 7, 6]
[-1, 37, 73, 0, -1, 0, -8, 1]
[1, -38, 19, -7, -9, -5, 1, 4]
[-23, -9, -2, -3, -6, -3, -30, -9]
[-7, 50, -42, -4, 1, -3, -3, -4]
[38, -15, -54, -6, -5, -5, -8, -2]
[23, 30, -53, 0, -4, -1, 35, 0]
[-3, 19, 23, -7, -1, 2, -16, 8]
[-14, 118, 111, 10, -5, -5, -13, -11]
[-21, -18, 68, 2, 2, 2, -4, 1]
[23, 10, -42, -7, -4, -2, -13, -7]
[-10, -58, -115, -51, -9, 15, 4, -15]
[63, 83, -16, 61, 87, 7, -60, 89]
[-123, 95, 127, 73, -93, -102, -42, -110]
[-9, 60, -28, 127, 68, -81, -120, 77]
[127, -128, 17, -89, 107, 127, 89, 116]
[-97, 93, 46, 0, -118, -70, 2, -118]
[65, 42, -47, 98, 112, -20, -101, 109]
[51, -92, -66, -128, -13, 119, 127, -9]
[-126, 68, 59, 99, -84, -128, -104, -97]
[11, -31, 73, 5, 35, 7, -35, 79]
[11, 18, -128, -26, 1, 2, 7, -16]
[-31, -122, -22, -13, -7, -7, 1, -38]
[0, -55, -76, -7, 3, 9, 11, -15]
[-1, 1, 63, 7, 5, -3, -15, -2]
[15, 49, 4, 0, 0, 2, -1, -7]
[87, -110, -59, -107, 20, 107, 113, 46]
[35, 53, -69, 82, 83, -27, -79, 63]
[109, -90, -20, -128, 7, 127, 127, 35]
[-31, -49, 35, -99, -90, 34, 106, -85]
[127, -109, -108, -66, 127, 127, 86, 127]
[-112, 114, 96, -53, -128, -52, 33, -128]
[92, -107, -20, -128, 8, 119, 127, 50]
[127, 48, -23, 36, 127, 68, -19, 127]
[-107, 111, 97, 123, -53, -128, -116, -76]
[127, -115, -61, -77, 113, 127, 77, 127]
[-126, 65, 43, -11, -128, -76, 14, -128]
[74, 65, 19, 90, 112, -19, -101, 107]
[39, -128, -65, -128, -31, 113, 127, -32]
[-113, 124, 17, 122, -64, -128, -114, -73]
[127, -120, -24, -41, 127, 101, 26, 127]
[-64, -83, 68, -105, -111, 19, 99, -100]
[-54, -25, 78, -89, -106, 16, 103, -99]
[-81, 127, -59, 127, -3, -121, -128, -33]
[-89, -12, 59, -71, -123, -18, 87, -128]
[7, 66, -52, 127, 80, -69, -127, 58]
[84, -125, -77, -128, 4, 124, 127, 37]
[-128, 127, 51, 111, -91, -128, -113, -81]
[-61, 127, 71, 127, 9, -112, -128, 12]
[-97, 66, 85, -54, -128, -45, 28, -128]
[36, 73, -52, 115, 92, -46, -107, 75]
[-128, 76, 122, 76, -107, -128, -96, -122]
[-5, -88, -128, 9, 39, -7, -6, 122]
[12, 16, -95, -35, 0, 16, -1, 76]
[-2, -29, 3, -9, 4, -3, -20, -13]
[-11, 116, 73, -5, -12, -2, 11, -57]
[3, 108, -50, -10, -3, -9, -13, -51]
[-18, -74, -32, 73, 4, -33, -37, -48]
[0, 49, 127, 100, 45, -54, -76, 59]
[66, 71, -63, 98, 111, -15, -105, 120]
[-128, 111, 57, 68, -111, -122, -68, -118]
[127, -95, -97, -49, 127, 109, 26, 127]
[115, -128, -53, -118, 64, 127, 127, 76]
[-101, 124, 76, 127, -16, -128, -128, -47]
[127, -128, 1, -97, 104, 127, 107, 101]
[-128, 70, 60, 43, -128, -96, -21, -128]
[-128, 127, 63, 102, -100, -128, -99, -96]
[-91, 111, 116, 127, -14, -128, -128, -55]
[-10, 87, 53, 127, 67, -90, -126, 56]
[-128, 73, 93, 11, -128, -88, -5, -128]
[75, 25, 54, 78, 115, -2, -83, 124]
[121, -47, -113, 0, 127, 77, -6, 127]
[-111, 127, 61, 127, -35, -128, -125, -75]
[-99, 17, 88, -68, -128, -29, 48, -128]
[-123, -24, -60, -16, -128, -76, 10, -128]
[-128, 127, 103, 70, -114, -127, -73, -128]
[-103, 127, 91, 127, -33, -128, -128, -73]
[-125, 91, 80, 4, -128, -80, 18, -128]
[-128, 117, 60, 76, -109, -128, -78, -128]
[121, -85, -128, 6, 127, 76, -15, 127]
[-113, 70, 50, 127, -42, -128, -128, -74]
[127, -124, -119, -62, 119, 121, 68, 127]
[111, -113, -111, -125, 61, 127, 110, 71]
[69, -126, -128, -128, -10, 117, 127, 9]
[127, -92, -102, -52, 125, 104, 36, 127]
[-99, 20, -33, -75, -128, -25, 55, -128]
[2, 59, 22, 127, 77, -79, -124, 60]
[95, -115, -101, -128, 11, 126, 127, 52]
[-128, 118, -4, 91, -104, -128, -94, -109]
[121, -76, -41, -26, 127, 87, 4, 127]
[-85, -50, 106, -75, -115, 1, 85, -119]
[-20, 83, 74, 127, 58, -95, -128, 56]
[62, -10, -96, 86, 108, -18, -102, 103]
[109, -45, 2, 42, 127, 63, -23, 127]
[-72, 127, 32, 127, 4, -121, -128, -16]
[127, -112, -91, -101, 96, 127, 100, 98]
[98, -128, -7, -128, 25, 127, 127, 75]
[74, 38, -67, 75, 115, -5, -91, 119]
[29, -99, -12, -128, -46, 98, 127, -53]
[-109, 127, -52, 127, -52, -128, -120, -73]
[127, -117, -96, -59, 122, 112, 74, 127]
[-93, 8, 48, -72, -127, -22, 64, -128]
[-124, 44, -44, 0, -128, -86, -2, -128]
[98, -128, 53, -128, 26, 127, 127, 74]
[-128, 111, -13, 73, -108, -125, -82, -128]
[-97, 127, 127, 127, -43, -128, -123, -75]
[-55, -114, -111, -90, -109, 22, 104, -102]
[-46, 123, 127, 127, 20, -113, -128, 22]
[-116, 58, 59, -24, -128, -79, 10, -128]
[-125, 103, -81, 30, -128, -95, -27, -128]
[97, -88, -114, -128, 23, 127, 127, 69]
[23, -34, 83, -128, -59, 91, 127, -48]
[123, -82, 91, -10, 127, 82, 0, 127]
[127, -128, -96, -73, 115, 127, 82, 127]
[107, -128, -128, -128, 34, 127, 126, 71]
[58, 33, -67, 93, 105, -22, -97, 102]
[40, -128, -128, -128, -25, 110, 127, -26]
[-111, 127, 71, 127, -55, -128, -118, -75]
[127, -84, -52, -60, 119, 115, 55, 127]
[-100, 30, 84, -73, -128, -32, 46, -128]
[-8, -6, 51, 127, 75, -71, -121, 62]
[85, -121, -61, -128, 17, 127, 127, 71]
[-128, 127, 84, 76, -106, -128, -81, -126]
[124, -41, -69, 15, 127, 75, -21, 127]
[127, -118, -37, -63, 116, 119, 65, 127]
[124, -116, -77, -115, 76, 127, 110, 88]
[-127, 91, 43, 27, -128, -95, -18, -128]
[69, 17, 76, 83, 112, -11, -95, 114]
[59, -64, 8, -128, -18, 110, 127, -15]
[-13, 16, 97, -117, -90, 49, 114, -67]
[127, -51, -128, -50, 124, 103, 30, 127]
[-85, -29, 17, -74, -123, -16, 74, -128]
[-12, 118, -16, 127, 54, -91, -115, 55]
[107, -100, -21, -128, 32, 127, 127, 74]
[-128, 127, -39, 66, -109, -125, -76, -128]
[111, -86, -11, 36, 127, 71, -37, 127]
[-15, -28, -96, -117, -96, 43, 115, -68]
[-86, 124, 127, 127, -1, -123, -128, -32]
[127, -95, -63, -91, 92, 127, 94, 108]
[-121, 19, 82, 8, -128, -80, 4, -128]
[44, 22, -5, 99, 109, -28, -106, 100]
[102, 49, 20, 67, 127, 43, -38, 127]
[-116, 127, 32, 118, -73, -128, -102, -73]
[127, -72, -26, -52, 124, 105, 39, 127]
[127, -128, -111, -106, 91, 127, 105, 95]
[2, 81, 19, 127, 86, -68, -120, 61]
[92, -111, -101, -128, 6, 123, 127, 50]
[13, 9, 27, -128, -69, 82, 125, -57]
[126, -84, 35, -10, 127, 87, 5, 127]
[-72, 0, 46, -79, -112, 7, 91, -114]
[-25, 111, 57, 127, 39, -102, -128, 52]
[-128, 93, -85, 23, -128, -91, -19, -128]
[-128, 56, 13, 56, -125, -110, -45, -128]
[-124, 126, 127, 101, -91, -128, -112, -84]
[-12, -71, 84, -128, -80, 66, 118, -60]
[-92, 114, -86, 127, -4, -126, -128, -26]
[-23, 7, 89, 127, 74, -85, -126, 58]
[61, 21, 34, 81, 113, -9, -91, 115]
[115, 2, -112, 31, 127, 58, -16, 127]
[127, -72, -70, -19, 127, 90, 10, 127]
[127, -93, 11, -58, 123, 116, 56, 127]
[121, -128, -39, -114, 76, 127, 101, 84]
[9, 1, -128, 127, 83, -64, -118, 66]
[87, -100, -23, -128, 10, 127, 127, 67]
[-128, 127, -50, 84, -102, -128, -89, -111]
[117, -70, -75, -3, 127, 78, -2, 127]
[-58, 21, 73, -82, -112, 11, 91, -107]
[-36, 88, -47, 127, 33, -106, -128, 48]
[118, -128, 55, -128, 58, 127, 120, 72]
[-128, 101, 118, 56, -116, -113, -32, -128]
[106, -43, -128, 53, 127, 43, -44, 127]
[-10, -70, 17, -122, -94, 58, 113, -64]
[-66, 127, 50, 127, 2, -121, -128, -14]
[126, -128, -78, -105, 83, 127, 98, 92]
[77, -43, -71, 76, 120, 4, -81, 127]
[8, -75, -16, -128, -57, 94, 127, -53]
[127, -113, 24, -53, 122, 110, 44, 127]
[112, -105, -107, -75, 103, 127, 87, 127]
[-117, 102, 6, -3, -128, -80, 44, -128]
[60, 34, 127, 91, 110, -20, -107, 111]
[34, -76, 32, -128, -41, 99, 127, -47]
[-107, 100, 21, 127, -44, -128, -128, -71]
[-21, 127, -45, 127, 41, -101, -128, 50]
[-117, -103, 101, -23, -128, -70, 16, -128]
[37, 85, 99, 107, 104, -33, -115, 89]
[89, 40, 66, 68, 121, 12, -79, 127]
[-128, 73, 52, 83, -97, -128, -96, -102]
[127, 20, -112, -7, 127, 80, -3, 127]
[-49, 52, -8, -91, -110, 17, 101, -107]
[-15, 59, -84, 127, 55, -94, -128, 50]
[95, -128, 17, -128, 20, 127, 127, 77]
[40, -80, -97, -128, -47, 98, 127, -55]
[-42, -28, 127, -96, -97, 35, 109, -86]
[-88, -4, -62, -71, -128, -39, 45, -128]
[127, -70, -17, -101, 81, 127, 108, 94]
[-128, 94, 127, 24, -128, -96, -8, -128]
[-118, 122, 11, 81, -102, -123, -81, -119]
[-12, -128, 63, -128, -56, 93, 127, -50]
[-105, 127, 67, 127, -24, -128, -128, -65]
[127, -113, -128, -90, 101, 127, 89, 125]
[-123, 70, 99, 31, -128, -92, -14, -128]
[84, 79, -68, 78, 120, 6, -77, 127]
[121, -70, -46, 6, 127, 75, -19, 127]
[127, -99, -71, -63, 112, 120, 76, 127]
[112, -128, -128, -128, 39, 127, 126, 73]
[72, 57, 19, 91, 109, -16, -103, 108]
[31, -82, 22, -128, -45, 104, 127, -51]
[-123, 127, 120, 127, -35, -128, -125, -73]
[127, -120, -118, -79, 104, 127, 76, 127]
[-118, 78, 84, -7, -128, -77, 16, -128]
[53, 20, -13, 90, 107, -22, -106, 106]
[39, -128, -57, -128, -27, 109, 127, -17]
[-108, 110, 7, 126, -53, -128, -118, -73]
[127, -86, -107, -55, 119, 114, 49, 127]
[-4, 58, -23, 127, 80, -67, -113, 64]
[89, -114, 80, -128, 6, 122, 127, 53]
[-128, 127, 15, 90, -94, -128, -95, -99]
[127, -121, -83, -43, 126, 98, 21, 127]
[-95, -14, -4, -75, -128, -25, 48, -128]
[-128, 112, 112, 54, -128, -104, -21, -128]
[88, -19, -17, 70, 126, 18, -61, 127]
[127, -102, 73, -35, 127, 96, 25, 127]
[-88, 59, 113, -73, -124, -26, 75, -128]
[18, 46, 27, 122, 92, -50, -120, 76]
[42, -128, -24, -128, -12, 118, 127, 10]
[-108, 110, 30, 125, -70, -128, -114, -74]
[127, -86, -19, -53, 125, 104, 34, 127]
[-96, -3, 74, -69, -126, -35, 39, -128]
[16, 11, -49, 127, 83, -58, -116, 67]
[73, -35, 60, -128, -12, 116, 127, 13]
[-54, -53, 76, -109, -101, 34, 112, -79]
[-112, 60, 43, -58, -128, -52, 31, -128]
[-128, 104, 66, 62, -112, -117, -74, -128]
[33, -128, 74, -128, -26, 106, 127, -21]
[-112, 127, -16, 127, -49, -128, -126, -75]
[-124, 59, 79, -6, -128, -79, 7, -128]
[73, 55, -81, 82, 110, -11, -94, 113]
[113, -13, 54, 16, 127, 75, -18, 127]
[-60, 26, 78, -84, -110, 11, 87, -106]
[113, -128, -35, -128, 21, 127, 127, 75]
[79, 16, -114, 77, 117, 0, -88, 125]
[10, -84, 72, -128, -59, 93, 127, -52]
[-83, 7, -53, -77, -118, -8, 80, -127]
[127, -109, -82, -90, 97, 127, 93, 114]
[-128, 115, 99, 40, -128, -94, 4, -128]
[116, -104, 2, 43, 127, 63, -27, 127]
[11, -21, -15, -128, -77, 75, 125, -57]
[-105, 63, 51, 127, -13, -125, -128, -38]
[-2, 5, 81, 127, 67, -85, -128, 58]
[74, -2, 102, 77, 112, 1, -80, 122]
[4, -124, -63, -128, -54, 95, 127, -55]
[127, -124, -71, -75, 106, 125, 71, 127]
[-117, 111, 116, -5, -128, -75, 15, -128]
[67, 25, 39, 93, 109, -16, -102, 108]
[112, -128, -32, 20, 127, 73, -21, 127]
[-117, 123, 76, 127, -46, -128, -128, -72]
[127, -99, -74, -63, 113, 123, 78, 127]
[-108, 84, 94, -12, -128, -71, 8, -128]
[72, 56, 42, 92, 108, -13, -98, 113]
[-109, 112, 114, 127, -17, -128, -128, -73]
[-23, 82, 85, 127, 50, -97, -128, 51]
[-125, 36, 107, -7, -128, -77, 10, -128]
[49, -3, -108, 81, 108, -15, -102, 115]
[28, -87, 91, -128, -48, 100, 127, -50]
[-108, 113, -72, 127, -35, -128, -128, -74]
[127, -128, -128, -74, 110, 127, 77, 127]
[-116, 88, -3, -20, -128, -77, 8, -128]
[69, 14, 92, 87, 110, -9, -95, 112]
[12, -118, -65, -128, -55, 97, 127, -49]
[-92, 127, 3, 127, -21, -128, -128, -53]
[-110, 67, 60, -33, -128, -68, 18, -128]
[-128, 82, -31, 48, -125, -100, -23, -128]
[93, -51, -92, 73, 127, 24, -65, 127]
[-113, 127, 52, 127, -46, -128, -122, -76]
[-89, 111, 84, 127, -1, -120, -128, -18]
[127, -119, -36, -107, 78, 127, 101, 95]
[-127, 33, 52, 43, -128, -100, -27, -128]
[80, -128, 12, -128, 4, 122, 127, 47]
[-3, -19, 8, -128, -73, 73, 114, -58]
[-89, -21, 19, -70, -121, -17, 61, -127]
[122, -128, -35, -102, 85, 127, 102, 98]
[-128, 91, 107, 51, -122, -107, -37, -128]
[97, -17, -56, 72, 127, 34, -43, 127]
[-33, -91, 23, -115, -101, 34, 109, -81]
[-38, 124, 103, 127, 25, -106, -128, 30]
[116, -108, -52, -128, 45, 127, 124, 73]
[-128, 127, 69, 68, -112, -123, -71, -128]
[116, -50, 45, 11, 127, 78, -18, 127]
[-52, -14, -50, -82, -112, 10, 100, -109]
[127, -128, -85, -118, 79, 127, 112, 89]
[102, -127, -36, -128, 34, 127, 127, 74]
[97, -31, -23, 69, 125, 22, -34, 127]
[31, -63, 112, -128, -41, 100, 127, -38]
[-52, -36, 123, -95, -108, 19, 99, -98]
[-34, 59, -10, 127, 46, -102, -128, 50]
[-128, 91, 22, 53, -125, -107, -47, -128]
[-128, 127, 25, 84, -105, -128, -87, -119]
[122, -118, 15, -16, 127, 87, 4, 127]
[-78, -18, -44, -76, -117, -1, 91, -120]
[-16, 58, -45, 127, 54, -91, -126, 53]
[114, -61, -41, -128, 43, 127, 125, 74]
[65, 26, -13, 73, 122, 10, -81, 127]
[102, 29, -43, 59, 127, 43, -33, 127]
[-27, -35, -92, -107, -96, 35, 112, -77]
[-52, 85, 83, 127, 5, -117, -128, 4]
[-128, 98, -54, 52, -118, -108, -50, -128]
[24, -95, 57, -128, -51, 96, 127, -49]
[-32, -65, 48, -110, -96, 38, 113, -75]
[-41, 127, 17, 127, 23, -108, -128, 25]
[-128, 58, 78, 61, -116, -121, -77, -128]
[113, -66, -84, 12, 127, 77, -15, 127]
[-70, 49, 127, -85, -112, 4, 90, -109]
[-13, 73, -62, 127, 63, -88, -128, 56]
[107, -121, 13, -128, 28, 127, 127, 79]
[-128, 127, 111, 83, -102, -128, -87, -122]
[115, -72, -22, -3, 127, 81, -29, 127]
[-62, -7, 51, -89, -110, 16, 112, -99]
[-21, 99, 14, 127, 34, -106, -128, 50]
[117, -128, -117, -128, 43, 127, 125, 72]
[-128, 48, 25, 67, -114, -123, -73, -128]
[-80, 60, 100, -76, -117, -11, 67, -121]
[-5, 87, -83, 127, 71, -78, -122, 61]
[99, -128, 23, -128, 18, 127, 127, 73]
[-128, 127, 92, 89, -100, -128, -91, -109]
[127, -6, -102, -25, 124, 90, 9, 127]
[127, -128, -119, -97, 88, 127, 96, 115]
[97, -128, -48, -128, 10, 124, 127, 61]
[2, -3, -116, -128, -85, 61, 117, -55]
[127, -105, -65, -70, 109, 123, 72, 127]
[-90, -48, -69, -75, -125, -14, 61, -128]
[-128, 85, 111, 52, -123, -103, -30, -128]
[59, -111, 21, -128, -13, 109, 127, 7]
[-107, 127, 70, 122, -62, -128, -115, -76]
[-124, 33, 67, -25, -128, -71, 15, -128]
[40, 71, -104, 95, 104, -23, -106, 96]
[55, -125, 58, -128, -16, 114, 127, 6]
[127, -91, -128, -51, 123, 104, 24, 127]
[-95, 5, 125, -53, -128, -46, 37, -128]
[83, -128, -104, -128, 17, 127, 127, 79]
[54, -99, 23, -128, -32, 108, 127, -23]
[-117, 40, -36, 127, -43, -128, -120, -72]
[-39, 59, 42, 127, 44, -102, -128, 51]
[-125, -55, -19, -17, -128, -79, 11, -128]
[79, 45, 70, 74, 116, 6, -88, 123]
[-28, -23, 110, -98, -104, 31, 106, -87]
[-97, 47, -44, 127, -14, -127, -128, -42]
[127, -80, -78, -100, 101, 127, 109, 106]
[105, -77, -17, -128, 16, 127, 127, 66]
[79, 11, -20, 74, 119, 6, -84, 127]
[-6, -128, -37, -128, -75, 80, 127, -54]
[-90, 127, -25, 127, -11, -126, -128, -36]
[127, -83, -42, -105, 77, 127, 105, 93]
[-128, 124, -71, 53, -125, -108, -30, -128]
[127, -10, -32, -22, 127, 89, 7, 127]
[-41, -110, 10, -108, -98, 35, 107, -78]
[-47, 123, 50, 127, 25, -108, -128, 31]
[-128, 127, 115, 62, -117, -119, -71, -128]
[109, -59, -103, 42, 127, 61, -28, 127]
[-27, -26, -32, -101, -100, 27, 108, -82]
[-55, 106, 56, 127, 29, -105, -128, 29]
[106, -128, -103, -128, 49, 127, 118, 75]
[-128, 27, 112, 66, -118, -122, -75, -128]
[117, -26, -57, 22, 127, 75, -13, 127]
[-54, -84, -26, -87, -107, 11, 101, -101]
[-16, 118, 51, 127, 40, -99, -122, 51]
[-128, 127, 42, 89, -90, -128, -90, -105]
[127, -128, -7, -69, 110, 127, 76, 127]
[-98, 39, 93, -73, -128, -29, 52, -128]
[22, 83, 88, 126, 94, -48, -114, 74]
[102, -50, -6, 59, 127, 49, -33, 127]
[-128, 127, 60, 122, -64, -128, -109, -76]
[127, -87, -105, -54, 117, 115, 60, 127]
[113, -128, -128, -128, 47, 127, 125, 72]
[48, 43, 46, 98, 107, -24, -105, 98]
[6, -128, 77, -128, -44, 101, 127, -48]
[-80, -26, 67, -76, -114, -3, 81, -115]
[127, -119, -128, -92, 93, 127, 93, 117]
[-128, 98, 53, 34, -128, -100, -30, -128]
[-123, 127, 127, 110, -80, -128, -103, -86]
[-104, 113, 8, 127, -31, -128, -128, -70]
[-42, 102, -42, 127, 11, -112, -128, 10]
[125, -128, -85, -128, 59, 127, 122, 77]
[36, -101, 26, -128, -41, 101, 127, -44]
[-75, -29, -50, -79, -117, -1, 87, -118]
[87, -116, -53, -128, 3, 120, 127, 42]
[-128, 127, -67, 103, -89, -128, -102, -91]
[127, -128, 37, -53, 122, 108, 32, 127]
[-100, 45, 21, -55, -128, -49, 32, -128]
[8, 24, 26, 114, 102, -34, -103, 88]
[59, -92, -6, -128, -30, 115, 127, -10]
[-102, 127, 4, 127, -56, -128, -122, -73]
[127, -128, -88, -64, 112, 120, 74, 127]
[107, -101, 31, -128, 26, 127, 127, 76]
[79, 41, -106, 77, 116, 2, -86, 119]
[8, -62, 14, -128, -63, 81, 127, -56]
[-87, 26, 83, -74, -122, -16, 64, -128]
[92, -128, -21, -103, 80, 127, 106, 96]
[-123, 97, 44, 49, -116, -104, -41, -128]
[9, -62, 64, -128, -60, 91, 127, -52]
[-31, 20, 25, -102, -104, 29, 110, -89]
[-24, 103, 127, 127, 47, -96, -128, 45]
[69, -52, -33, 79, 116, -3, -108, 120]
[122, -109, -21, -7, 127, 85, -6, 127]
[127, -123, -52, -84, 98, 127, 90, 123]
[-8, 46, -40, 127, 62, -93, -128, 51]
[97, -128, 33, -128, 18, 127, 127, 76]
[6, -68, 47, -128, -65, 80, 125, -54]
[117, -91, -90, -23, 127, 88, 2, 127]
[-80, -2, 47, -74, -117, -1, 81, -122]
[-128, 7, 37, 26, -128, -91, -10, -128]
[88, -128, 1, -128, 8, 126, 127, 57]
[-128, 66, -45, 100, -80, -128, -102, -94]
[127, -58, -33, -49, 126, 105, 32, 127]
[25, 101, -46, 110, 96, -35, -112, 83]
[60, -71, 66, -128, -28, 104, 127, -25]
[-112, 110, 86, 127, -48, -128, -124, -75]
[127, -118, -128, -83, 112, 127, 84, 127]
[76, -45, 93, -128, 0, 119, 127, 33]
[102, 13, -90, 59, 127, 40, -46, 127]
[-45, -21, 68, -103, -105, 24, 107, -90]
[-18, 78, 75, 127, 63, -90, -128, 49]
[106, -128, -11, -128, 35, 127, 127, 77]
[-128, -4, -111, 64, -119, -122, -78, -128]
[110, 18, -108, 29, 123, 64, -4, 127]
[69, -62, 28, -19, 58, 76, 24, 118]
[-65, -43, 84, 3, -37, -44, -19, 1]
[34, 30, 49, 37, 31, 37, 3, -115]
[-63, 125, -111, -58, -80, -69, -14, -43]
[-37, -91, 108, -57, -45, -23, 27, -25]
[12, 23, -110, 19, 18, 2, -18, -40]
[15, 49, 22, 42, 1, -10, -5, -26]
[14, -15, -16, -9, 13, 14, -3, 22]
[-24, 34, -78, 5, 2, -4, 3, -2]
[5, -16, -68, -21, 2, 12, 14, -7]
[-16, -15, 14, -6, -11, -6, -36, -25]
[38, -46, -42, 1, -3, -6, -13, -8]
[-20, -37, -24, 1, 10, 8, 5, 2]
[7, 86, 28, 11, 3, 1, 3, 6]
[1, -48, 97, 9, 0, 4, -20, -13]
[16, -35, -7, -1, 4, 5, 10, 16]
[-8, -5, 88, -5, -2, -1, 37, 8]
[17, -8, 25, 2, 2, -4, -7, 26]
[17, -48, -88, -5, -6, -3, -19, -2]
[26, 105, 90, 23, 5, -3, -30, 4]
[0, 47, -45, 19, 5, -5, -10, 29]
[-32, 4, 79, -18, -29, 0, 18, -78]
[-74, -15, 76, -41, -66, -21, 34, -85]
[71, 18, 12, 5, 53, 38, 1, 86]
[-53, 55, -128, 105, -12, -88, -79, 8]
[127, -124, -106, -49, 127, 124, 36, 127]
[-57, 28, 93, -63, -100, -14, 65, -82]
[78, 10, -43, 94, 112, -5, -97, 124]
[10, -82, 10, -128, -66, 66, 127, -43]
[-128, 51, 62, 20, -128, -92, 3, -128]
[91, -128, -111, -128, 21, 127, 127, 47]
[-116, 127, 59, 118, -60, -128, -108, -77]
[-17, 94, 48, 127, 46, -99, -123, 37]
[-122, 73, 108, 5, -125, -77, -39, -128]
[91, -40, -67, 59, 127, 38, -47, 124]
[127, -96, -128, -89, 91, 127, 83, 106]
[0, 90, 27, 125, 74, -62, -119, 53]
[-121, 127, 71, 112, -88, -128, -98, -99]
[-92, 127, 52, 127, -14, -126, -127, -38]
[65, 37, -108, 88, 106, -12, -96, 115]
[-121, 119, 107, 94, -92, -128, -84, -97]
[-28, 117, 61, 127, 47, -102, -128, 34]
[-120, 83, 21, 20, -128, -88, -12, -128]
[101, -35, -109, 47, 127, 46, -46, 127]
[-63, 18, 84, -92, -117, 6, 114, -121]
[21, 33, -4, 113, 83, -49, -119, 64]
[51, -43, -128, -128, -43, 106, 127, -36]
[-100, 108, 73, 127, -6, -124, -128, -20]
[117, -128, -126, -128, 46, 127, 119, 89]
[127, -120, -41, -63, 113, 119, 67, 127]
[-128, 95, 127, 34, -127, -98, -52, -128]
[119, -76, 19, -1, 127, 72, -6, 127]
[65, 25, -45, 91, 114, -9, -84, 119]
[116, -89, -78, 4, 127, 74, -14, 127]
[-23, 101, 17, 127, 53, -93, -128, 39]
[103, -70, -110, 29, 127, 62, -28, 127]
[-118, 52, 37, 124, -51, -128, -119, -84]
[123, -128, -54, -99, 89, 127, 96, 111]
[78, -32, -82, 79, 119, 13, -74, 123]
[119, -82, -44, -18, 127, 84, 2, 127]
[-95, 45, 127, -41, -128, -53, 40, -123]
[-126, 116, -45, 111, -68, -128, -97, -88]
[-42, -53, 33, -106, -97, 31, 106, -90]
[-7, 78, 63, 127, 77, -71, -128, 51]
[118, -44, 37, 4, 127, 76, -2, 127]
[-98, 127, 47, 127, -20, -128, -128, -52]
[123, -128, -93, -123, 64, 127, 112, 92]
[9, -128, -80, -128, -67, 78, 126, -45]
[127, -58, -93, -35, 125, 97, 27, 127]
[-106, 29, 64, -18, -128, -66, 24, -126]
[-123, 126, 55, 119, -71, -128, -98, -91]
[-8, 94, -35, 127, 57, -92, -128, 44]
[105, -34, -69, 31, 127, 61, -42, 127]
[-108, 127, 26, 125, -35, -128, -127, -80]
[127, -86, -102, -109, 81, 127, 96, 106]
[37, -37, 28, -128, -48, 97, 127, -37]
[121, -72, -39, -17, 127, 86, 12, 127]
[-91, 61, 108, -53, -128, -37, 51, -123]
[62, 30, -54, 99, 109, -13, -102, 113]
[3, -13, -71, -124, -79, 59, 120, -52]
[-60, 106, 73, 127, 22, -112, -128, 19]
[80, -11, 25, 86, 120, 8, -77, 123]
[-120, 86, 119, 109, -73, -128, -98, -91]
[127, -91, -99, -62, 112, 119, 56, 127]
[70, -102, -45, -128, 3, 127, 127, 21]
[95, -65, -60, 47, 127, 46, -22, 124]
[6, 36, -18, 127, 78, -65, -126, 51]
[39, -122, -7, -128, -23, 112, 127, -16]
[-100, 127, 127, 127, -28, -128, -128, -67]
[127, -120, 67, -109, 73, 127, 96, 99]
[33, -115, 23, -128, -35, 106, 127, -20]
[112, -81, -14, 12, 127, 76, -18, 127]
[-79, 69, 75, -80, -123, -19, 60, -118]
[42, 13, -63, 100, 95, -31, -101, 97]
[24, -109, -128, -128, -57, 85, 127, -36]
[-64, 127, 70, 127, 9, -120, -128, -1]
[78, 12, -87, 90, 118, 5, -79, 124]
[-128, 127, 74, 106, -85, -128, -103, -99]
[127, -109, -128, -54, 117, 113, 63, 127]
[86, -98, -35, -128, 11, 127, 127, 46]
[-50, -114, 10, -104, -103, 24, 127, -103]
[-128, 21, 3, 35, -126, -93, -19, -128]
[77, -88, -13, -128, -12, 120, 127, 9]
[-109, 127, 44, 121, -42, -128, -125, -81]
[-3, 90, 1, 127, 75, -64, -114, 52]
[-128, 117, 107, 39, -124, -102, -45, -128]
[116, -31, -62, 25, 127, 67, -23, 127]
[127, -106, -22, -94, 87, 127, 87, 123]
[-1, 62, -62, 127, 75, -69, -128, 60]
[66, -100, 54, -128, -17, 114, 127, 8]
[127, -118, -77, -82, 99, 127, 82, 127]
[-124, 90, 38, 19, -128, -92, -26, -128]
[92, -34, -100, 58, 127, 40, -36, 127]
[-59, 127, -49, 127, 6, -118, -128, -10]
[-19, 43, 8, 127, 64, -83, -128, 47]
[97, -28, -68, 42, 127, 54, -37, 127]
[127, -121, -94, -91, 98, 127, 81, 125]
[71, -128, 12, -128, -14, 114, 127, 10]
[0, -101, 45, -124, -69, 75, 126, -52]
[-66, -45, 54, -90, -114, 9, 101, -108]
[28, -123, -107, -128, -8, 121, 127, 26]
[89, -71, -128, 48, 127, 43, -42, 127]
[127, -128, -26, -75, 112, 123, 86, 127]
[-122, 108, 127, 11, -128, -84, -9, -128]
[95, -69, -60, 57, 121, 33, -53, 126]
[127, -113, -9, -73, 113, 127, 73, 127]
[108, -79, 32, -128, 14, 127, 127, 53]
[-8, -14, -128, -128, -90, 51, 116, -67]
[-100, 113, 22, -34, -128, -66, 20, -128]
[78, 5, -60, 80, 115, 2, -81, 115]
[-7, -119, 116, -128, -77, 65, 115, -61]
[-50, 102, -43, 127, 27, -106, -128, 21]
[105, -128, -59, -128, 27, 127, 127, 71]
[-3, -128, 73, -128, -76, 72, 127, -60]
[127, -45, -123, -45, 127, 103, 51, 127]
[-98, 26, 16, -50, -128, -48, 28, -128]
[41, 52, -5, 100, 103, -21, -103, 90]
[27, -123, 69, -128, -45, 103, 127, -46]
[127, -128, -60, -99, 83, 127, 99, 103]
[74, -45, -62, 77, 119, 11, -68, 122]
[117, -63, -55, 17, 127, 73, -20, 127]
[-52, 28, 19, 127, 34, -103, -128, 33]
[116, -128, -120, -103, 80, 127, 100, 106]
[69, -89, 0, -128, -25, 109, 127, -1]
[-51, -22, -71, -86, -110, 13, 103, -97]
[88, -123, 40, -128, -4, 119, 127, 45]
[-117, 117, -8, 116, -74, -128, -109, -79]
[-36, -50, 66, -116, -101, 29, 110, -80]
[-32, 89, -52, 127, 39, -101, -128, 45]
[102, -125, 9, -128, 29, 127, 127, 73]
[-3, -93, -18, -128, -80, 66, 124, -58]
[127, -100, -84, -48, 123, 103, 26, 127]
[124, -111, -13, -123, 60, 127, 119, 77]
[33, 59, -51, 103, 103, -28, -112, 91]
[42, -41, 45, -128, -44, 104, 127, -46]
[-79, -4, 69, -75, -117, -5, 67, -120]
[17, 105, -14, 127, 87, -56, -116, 70]
[-128, 85, -7, 47, -115, -108, -64, -128]
[-101, 114, 26, 127, -35, -128, -125, -67]
[-17, 99, 52, 127, 76, -68, -117, 66]
[100, -9, -72, 57, 127, 45, -41, 127]
[-102, 119, 82, 124, -52, -128, -113, -72]
[127, -128, -89, -76, 98, 126, 74, 127]
[88, -119, -54, -128, -2, 124, 127, 42]
[87, -69, -16, 61, 127, 40, -33, 127]
[-33, -40, 50, -106, -107, 19, 83, -93]
[-128, 72, 95, 19, -128, -88, -9, -128]
[83, -128, -26, -128, 1, 123, 127, 37]
[127, -11, -67, -12, 127, 85, 7, 127]
[127, -101, -127, -67, 114, 125, 71, 127]
[-124, 62, 85, -8, -128, -78, 8, -128]
[80, 27, -125, 72, 118, 7, -72, 123]
[-15, -69, -32, -127, -83, 60, 115, -63]
[109, -69, 28, -128, 35, 127, 127, 72]
[-128, 96, 75, 88, -97, -128, -90, -121]
[-2, -77, 17, -128, -77, 69, 127, -62]
[57, 31, -48, 97, 103, -16, -104, 97]
[6, -105, 109, -128, -55, 92, 116, -48]
[-94, 127, -11, 127, -8, -123, -128, -32]
[122, -127, -97, -118, 64, 127, 113, 81]
[24, -43, 13, -128, -48, 94, 127, -41]
[-82, 16, 12, -74, -123, -16, 69, -122]
[-128, 100, -10, 54, -115, -115, -65, -128]
[42, -110, 50, -128, -32, 101, 127, -22]
[-103, 77, 11, 127, -24, -128, -128, -52]
[2, 53, -34, 127, 82, -62, -122, 71]
[50, -128, -21, -128, -23, 108, 127, 2]
[117, -11, -31, 39, 127, 59, -26, 127]
[-103, 127, 30, 127, -44, -128, -118, -71]
[-3, 117, -16, 127, 70, -83, -128, 54]
[75, -128, -40, -128, -3, 117, 127, 45]
[124, -82, -127, -8, 127, 86, 3, 127]
[127, -128, -83, -62, 113, 119, 65, 127]
[-115, 90, 111, -20, -128, -74, 25, -128]
[78, 12, -128, 77, 114, 5, -83, 121]
[3, -28, 17, -128, -81, 60, 114, -59]
[-82, 45, -43, 127, 2, -114, -128, -18]
[127, -102, -105, -127, 58, 127, 119, 84]
[-128, 45, 68, 65, -107, -118, -55, -128]
[122, -56, -62, 2, 125, 79, -9, 127]
[-84, 7, 23, -79, -121, -15, 60, -122]
[35, -99, 1, -128, -42, 101, 127, -37]
[-87, -56, 69, -76, -122, -20, 48, -119]
[118, -125, 5, -109, 65, 127, 104, 98]
[-128, 83, 127, 59, -116, -118, -68, -128]
[-77, 30, 59, -76, -119, -9, 74, -118]
[25, 65, -64, 127, 88, -53, -115, 84]
[37, -123, 56, -128, -39, 99, 127, -23]
[-82, 53, 33, -80, -120, -8, 76, -116]
[118, -123, -51, -101, 79, 127, 104, 116]
[47, -109, -56, -128, -35, 104, 127, -10]
[116, -80, -24, 16, 127, 71, -16, 127]
[-72, -47, 4, -78, -117, -6, 74, -113]
[17, 76, -8, 124, 85, -56, -118, 79]
[45, -118, -32, -128, -35, 104, 127, -15]
[-94, 127, -30, 127, -23, -128, -128, -51]
[127, -128, -104, -108, 73, 127, 89, 108]
[-128, 125, 127, 58, -115, -118, -62, -126]
[125, -48, -25, 1, 127, 78, -1, 127]
[-91, -6, 21, -78, -121, -19, 67, -119]
[33, -128, -56, -128, -37, 103, 127, -20]
[-70, 99, 12, 127, 36, -100, -128, 32]
[127, -128, -31, -101, 76, 127, 95, 110]
[-128, 113, 13, 50, -119, -114, -50, -128]
[119, -29, -16, 8, 127, 76, -15, 127]
[-88, 3, 103, -78, -121, -12, 67, -117]
[107, -67, -73, -128, 27, 127, 123, 69]
[46, -114, -13, -128, -27, 105, 127, -13]
[-97, 127, -11, 127, -21, -128, -128, -48]
[127, -128, -54, -105, 73, 127, 106, 110]
[-128, 100, 113, 54, -120, -117, -72, -128]
[-76, 19, 73, -78, -120, -9, 95, -117]
[22, 106, -20, 127, 87, -53, -118, 76]
[52, -67, -37, -128, -30, 105, 127, -6]
[127, -123, -124, -47, 121, 112, 43, 127]
[127, -128, -115, -101, 83, 127, 95, 118]
[-128, 108, 127, 47, -122, -113, -50, -128]
[120, -11, -69, 25, 127, 69, -16, 127]
[-77, 19, 111, -80, -118, -4, 78, -114]
[43, -102, 33, -128, -37, 103, 127, -19]
[-97, 111, 119, 127, -20, -128, -128, -51]
[127, -128, -107, -104, 76, 127, 99, 115]
[-128, 86, 112, 50, -121, -115, -51, -128]
[111, -24, -27, 35, 127, 67, -7, 127]
[-67, -126, -14, -94, -111, 7, 88, -96]
[83, -79, -56, -128, -6, 114, 127, 34]
[-117, 112, 37, 119, -55, -128, -116, -77]
[-128, 73, 109, 32, -128, -93, -21, -128]
[-116, 127, 12, 120, -53, -128, -118, -79]
[-50, -47, 57, -97, -109, 18, 106, -98]
[-126, 78, 46, 36, -124, -92, -16, -128]
[73, -121, -85, -128, -11, 118, 127, 29]
[127, -107, -69, -77, 104, 127, 74, 127]
[-128, 51, 115, 32, -123, -94, -20, -128]
[-56, 15, -25, -101, -112, 16, 93, -102]
[-128, 83, 11, 36, -122, -95, -24, -128]
[127, -103, -128, -92, 94, 127, 77, 127]
[-114, 120, 85, 122, -43, -128, -125, -79]
[6, 84, -68, 120, 81, -59, -127, 62]
[-102, 127, 44, 127, -34, -128, -126, -76]
[127, -120, -128, -100, 82, 127, 92, 123]
[-128, 113, 44, 42, -119, -109, -57, -128]
[73, 23, -19, 82, 116, 5, -78, 117]
[-72, 31, 85, -84, -121, -10, 81, -116]
[16, 61, -91, 127, 88, -52, -113, 76]
[113, -77, -64, 18, 127, 72, -25, 127]
[-118, 127, 90, 127, -30, -128, -126, -66]
[16, 76, 23, 120, 89, -50, -116, 79]
[-128, -9, 38, 47, -117, -112, -62, -128]
[-25, -74, 62, -118, -90, 40, 106, -80]
[-90, -26, 107, -80, -123, -24, 60, -118]
[35, 29, -73, 114, 97, -36, -110, 98]
[-84, 104, -17, 127, -7, -126, -128, -24]
[-128, 127, 127, 75, -105, -128, -74, -123]
[126, 44, -31, -12, 127, 86, 4, 127]
[50, 32, -108, 106, 100, -25, -99, 104]
[5, -91, 67, -120, -70, 62, 127, -40]
[57, 20, -71, 99, 113, -17, -68, 112]
[-128, 116, 56, 89, -96, -128, -81, -120]
[127, -107, -112, -42, 121, 98, 34, 127]
[-95, -31, 36, -47, -128, -50, 29, -128]
[51, 6, -85, 99, 105, -18, -101, 105]
[13, -41, 30, -127, -65, 77, 124, -45]
[-71, 85, 77, 127, 16, -116, -128, 1]
[105, -128, -10, -124, 42, 127, 126, 79]
[-128, 86, 41, 97, -85, -128, -87, -108]
[-68, 118, 13, 127, 27, -108, -128, 17]
[65, 2, -34, 93, 114, -5, -93, 113]
[-52, 127, 45, 127, 17, -112, -128, 6]
[103, -128, -83, -124, 41, 127, 120, 77]
[-11, -128, 16, -121, -88, 50, 127, -65]
[127, -118, 1, -46, 118, 115, 63, 127]
[-123, 65, 80, -1, -128, -78, 12, -128]
[79, -13, -37, 78, 122, 14, -95, 121]
[-94, 127, 53, 127, -15, -128, -128, -55]
[-37, 82, 38, 127, 37, -103, -128, 33]
[89, -128, -128, -128, 21, 127, 127, 63]
[-123, 127, 84, 110, -67, -128, -97, -94]
[127, -87, -71, -64, 115, 121, 74, 127]
[-124, 105, 115, 12, -128, -83, 10, -128]
[-111, 127, 15, 117, -55, -128, -114, -89]
[-57, -54, 86, -101, -104, 22, 98, -101]
[-9, 89, -49, 127, 57, -82, -122, 40]
[-117, 127, 37, 121, -52, -128, -123, -85]
[127, -113, -50, -75, 110, 127, 73, 127]
[95, 11, -16, 65, 123, 27, -57, 124]
[-53, -37, 1, -106, -100, 27, 89, -95]
[-128, 40, 41, 29, -127, -93, -42, -128]
[71, -121, -54, -128, -10, 123, 127, 17]
[-109, 127, 18, 126, -39, -128, -125, -81]
[127, -128, -106, -97, 80, 127, 88, 113]
[-128, 112, 4, 42, -121, -106, -43, -128]
[94, 16, -8, 33, 127, 65, -27, 127]
[4, 69, -2, 127, 74, -67, -124, 60]
[59, -28, 65, -128, -22, 109, 127, 2]
[127, -128, -40, -105, 77, 127, 97, 113]
[127, -79, -117, -15, 124, 83, 3, 127]
[-88, 36, 111, -61, -128, -34, 51, -120]
[45, 71, -34, 101, 100, -28, -109, 101]
[20, -64, 54, -128, -58, 90, 127, -40]
[-77, 127, 33, 127, -4, -126, -128, -20]
[123, -128, -106, -118, 53, 127, 113, 84]
[10, -128, -1, -128, -67, 78, 123, -39]
[-105, 1, 93, -42, -128, -53, 47, -128]
[-8, -45, 70, -121, -74, 62, 127, -52]
[-43, 111, 127, 127, 29, -110, -128, 22]
[-22, -21, 36, -117, -93, 44, 127, -73]
[105, -117, -34, -128, 20, 127, 127, 64]
[-24, -34, 92, -114, -94, 38, 111, -83]
[127, -128, -68, -55, 114, 119, 57, 127]
[91, -93, -82, -128, 8, 126, 127, 42]
[-125, 105, 3, 119, -62, -128, -110, -93]
[-128, 78, 7, 33, -125, -92, -7, -128]
[96, -61, -76, 47, 127, 49, -47, 127]
[-59, -49, 69, -101, -105, 17, 101, -102]
[-1, 125, 34, 126, 68, -70, -128, 51]
[52, -51, 1, -128, -23, 111, 127, -9]
[-107, 94, 51, 124, -29, -128, -128, -65]
[32, 96, -64, 114, 95, -37, -117, 87]
[-128, 89, 71, 60, -109, -122, -70, -124]
[127, -73, -42, -24, 123, 92, 17, 127]
[-103, -32, 76, -52, -128, -53, 27, -126]
[70, 52, -11, 92, 113, -14, -86, 113]
[-21, -84, 15, -126, -79, 60, 119, -52]
[-51, 17, -11, 127, 32, -106, -128, 26]
[-128, 127, 66, 104, -82, -128, -97, -105]
[-11, -103, -94, -121, -87, 47, 121, -69]
[38, 51, -50, 104, 96, -38, -110, 92]
[89, -21, 39, 72, 123, 32, -50, 123]
[-33, 118, 36, 127, 64, -82, -128, 43]
[79, -128, -38, -128, -6, 126, 127, 34]
[-113, 115, -44, 117, -60, -128, -115, -84]
[127, -105, -33, -78, 95, 127, 72, 126]
[-128, 45, 13, 29, -122, -93, -27, -128]
[-109, 127, 89, 123, -39, -128, -126, -85]
[12, -16, 12, 118, 89, -48, -117, 71]
[-81, 127, -34, 127, -7, -125, -128, -32]
[122, -122, 1, -124, 52, 127, 115, 90]
[-128, 95, 17, 76, -98, -128, -82, -112]
[127, -92, -11, -38, 124, 96, 22, 127]
[-128, 123, 47, 101, -79, -128, -88, -101]
[-39, 111, 95, 127, 42, -103, -128, 36]
[-128, 127, 85, 113, -67, -128, -104, -94]
[127, -120, -106, -66, 111, 124, 68, 127]
[85, -128, -73, -128, -4, 121, 127, 34]
[91, -48, -85, 57, 127, 45, -39, 125]
[127, -128, -112, -82, 102, 127, 83, 127]
[93, -17, -69, 56, 125, 41, -36, 127]
[-124, 127, -11, 120, -53, -128, -116, -84]
[123, -127, -128, -88, 89, 127, 81, 121]
[46, -70, 0, -128, -31, 112, 127, -10]
[117, -40, -70, 17, 127, 71, -21, 127]
[-85, 21, 64, -88, -120, -16, 60, -123]
[47, 125, -73, 104, 97, -33, -112, 91]
[13, -22, 53, -128, -63, 81, 127, -38]
[-105, 13, 82, -29, -128, -64, 21, -128]
[109, -128, -47, -128, 37, 127, 127, 83]
[-128, 107, 103, 97, -99, -128, -90, -112]
[127, -114, -46, -45, 127, 109, 46, 127]
[101, -100, 1, -126, 23, 126, 127, 57]
[-35, -2, 17, -107, -97, 32, 116, -88]
[85, -128, -38, -128, -1, 127, 127, 43]
[-122, 119, 17, 119, -62, -128, -110, -85]
[127, -126, -83, -75, 104, 127, 77, 127]
[-128, 29, 0, 9, -128, -87, -11, -128]
[90, -25, -27, 52, 127, 41, -48, 127]
[-42, -21, 39, -104, -106, 20, 105, -95]
[59, -120, 69, -128, -13, 116, 127, 11]
[-71, -29, -71, -99, -109, 9, 78, -109]
[-128, 74, 18, 41, -123, -104, -46, -128]
[-96, 107, -18, 126, -25, -128, -128, -60]
[-73, 43, -38, -85, -118, -18, 66, -118]
[18, 50, -108, 118, 93, -43, -111, 78]
[-39, -31, 4, -105, -95, 32, 109, -89]
[-97, 95, 10, 127, -7, -123, -128, -28]
[98, -128, -41, -123, 58, 127, 112, 91]
[14, -101, 41, -128, -54, 92, 127, -40]
[-91, 26, 107, -25, -123, -59, 33, -119]
[-128, 111, 67, 104, -83, -128, -97, -103]
[-30, 84, -44, 127, 43, -103, -128, 38]
[-116, 70, -2, -6, -128, -81, 4, -128]
[-122, 127, 73, 116, -62, -128, -102, -89]
[-30, 29, 92, 127, 52, -92, -128, 40]
[-128, 53, 122, 22, -124, -88, -16, -128]
[100, 13, -115, 39, 125, 50, -38, 127]
[-64, 6, 79, -88, -112, 3, 84, -120]
[-128, 120, 122, 55, -114, -114, -68, -128]
[-87, 127, 45, 127, -5, -126, -128, -27]
[61, 41, -99, 95, 106, -13, -92, 111]
[-128, 113, 66, 84, -90, -128, -84, -107]
[127, -107, -88, -40, 121, 102, 41, 127]
[-109, 55, 73, -9, -128, -72, 16, -128]
[84, -19, -65, 82, 122, 19, -64, 127]
[-41, -61, 13, -111, -100, 32, 113, -82]
[-22, 81, 53, 127, 63, -82, -128, 41]
[60, -113, -31, -128, -20, 115, 127, 7]
[-106, 125, 53, 124, -23, -124, -127, -64]
[127, -124, -48, -120, 63, 127, 103, 89]
[-128, 116, 69, 75, -101, -126, -76, -117]
[127, -85, -10, -39, 125, 100, 30, 127]
[-98, 11, -31, -39, -128, -67, 27, -128]
[74, 11, -7, 85, 116, 6, -75, 123]
[-23, 117, -33, 127, 52, -90, -128, 39]
[104, 5, -88, 50, 127, 52, -40, 127]
[127, -100, -41, -93, 83, 127, 88, 119]
[120, -46, -74, 5, 127, 79, -7, 127]
[-90, 14, 72, -68, -127, -24, 54, -122]
[80, -128, -12, -128, -7, 122, 127, 31]
[5, -81, 15, -128, -72, 69, 127, -43]
[-102, 62, 101, -34, -128, -69, 15, -128]
[-20, -79, 10, -115, -91, 42, 117, -66]
[127, -111, -97, -52, 115, 114, 63, 127]
[80, -123, -11, -128, 12, 125, 127, 52]
[90, -17, -25, 69, 123, 23, -57, 124]
[-46, -29, 28, -109, -103, 27, 108, -94]
[-128, 87, -28, 34, -122, -95, -26, -128]
[127, -128, -72, -108, 75, 127, 95, 110]
[-128, 103, 127, 57, -108, -116, -65, -128]
[34, -100, -73, -128, -53, 93, 127, -36]
[-102, -60, 38, -41, -127, -53, 51, -123]
[110, -128, 16, -127, 40, 127, 121, 87]
[-1, -19, -128, -128, -81, 57, 126, -55]
[-122, 35, 93, -9, -128, -76, 0, -128]
[-118, 76, 50, 106, -71, -128, -106, -92]
[-128, -49, 106, 26, -125, -89, -13, -128]
[94, 32, -66, 54, 127, 51, 7, 127]
[-62, 26, 74, -99, -111, 16, 90, -105]
[114, -111, -59, -99, 80, 127, 85, 119]
[-2, 25, -77, -125, -88, 48, 127, -63]
[-85, -66, 34, -83, -122, -13, 67, -120]
[-128, 83, 115, 65, -111, -124, -74, -124]
[127, -22, -90, -35, 120, 92, 34, 127]
[-50, 106, 47, 127, 30, -112, -128, 20]
[86, 19, -51, 61, 118, 27, -57, 127]
[-62, -57, -47, -92, -104, 21, 102, -97]
[-54, 50, -12, 127, 81, -60, -119, 62]
[56, -97, -55, -128, -35, 108, 127, -18]
[-89, 106, -17, 127, -6, -125, -128, -33]
[57, 23, 3, 96, 106, -17, -98, 108]
[-127, 126, 50, 87, -91, -128, -85, -104]
[127, -97, -75, -43, 117, 108, 49, 127]
[96, -128, -35, -128, 26, 127, 127, 69]
[-39, -42, 18, -101, -99, 27, 108, -87]
[-128, 84, 61, 34, -122, -94, -27, -128]
[-110, 117, 27, 127, -35, -128, -123, -81]
[125, -128, -85, -108, 74, 127, 103, 108]
[-128, 94, 50, 59, -106, -116, -66, -128]
[127, -80, -58, -21, 126, 92, 17, 127]
[112, -119, -42, -126, 24, 125, 127, 82]
[81, 65, -55, 86, 118, 7, -71, 126]
[-22, -38, 7, -116, -97, 38, 108, -75]
[57, -128, 13, -128, -18, 120, 127, 16]
[-114, 126, 40, 125, -27, -127, -122, -73]
[-77, 7, 63, -87, -116, -9, 70, -122]
[32, -72, -54, -128, -54, 88, 127, -36]
[125, -94, -25, -34, 120, 92, 17, 127]
[105, -111, -15, -126, 26, 127, 127, 85]
[-32, -48, 16, -111, -97, 34, 119, -80]
[-128, 102, 105, 26, -127, -93, -12, -128]
[58, -128, -20, -128, -12, 121, 127, 27]
[127, -93, -68, -39, 119, 99, 59, 127]
[10, 71, -17, 118, 84, -52, -116, 64]
[-128, 101, 45, 46, -116, -108, -62, -128]
[-78, 126, 34, 127, -3, -124, -128, -23]
[69, 51, -3, 88, 111, -7, -83, 120]
[-124, 125, 114, 95, -80, -128, -93, -99]
[-128, 52, 56, 34, -124, -95, -20, -128]
[-106, 99, 41, 127, -21, -128, -128, -64]
[127, -112, -61, -114, 68, 127, 108, 101]
[-47, 127, 25, 127, 15, -118, -128, 2]
[-103, 67, 33, -22, -124, -66, 18, -126]
[70, 0, -31, 88, 118, 5, -72, 124]
[-4, 110, 1, 127, 67, -76, -122, 44]
[-102, 96, 60, 127, -24, -127, -128, -60]
[124, -128, -98, -121, 59, 127, 109, 96]
[127, -92, -9, -37, 126, 100, 26, 127]
[-106, 60, 77, -15, -126, -71, 19, -128]
[81, -1, -49, 83, 123, 19, -62, 127]
[-40, -16, -17, -101, -102, 22, 109, -92]
[-1, 56, -9, 127, 75, -69, -123, 52]
[114, -62, -7, 17, 127, 72, -19, 127]
[-102, 127, 54, 127, -20, -128, -128, -54]
[126, -128, -83, -112, 64, 127, 103, 103]
[127, -82, -66, -37, 121, 93, 19, 127]
[65, -9, -50, 90, 115, -1, -79, 121]
[-12, -64, 69, -115, -90, 41, 107, -64]
[-57, -7, -50, 127, 48, -100, -122, 38]
[58, -96, -4, -128, -7, 122, 127, 27]
[127, -105, -8, -102, 75, 127, 91, 108]
[13, -106, 12, -128, -61, 83, 120, -36]
[-111, 0, 109, -19, -128, -69, 22, -127]
[-62, -25, -30, -94, -109, 15, 103, -104]
[-128, 85, 49, 48, -118, -111, -50, -128]
[-88, 127, 82, 127, -3, -127, -128, -31]
[113, -128, -33, -122, 49, 127, 115, 86]
[-128, 124, 78, 83, -92, -128, -82, -109]
[-110, 73, 58, -12, -128, -74, 32, -128]
[-121, 107, 17, 114, -64, -128, -105, -90]
[-1, 112, -20, 127, 65, -80, -128, 45]
[-113, 95, 17, 127, -20, -126, -128, -55]
[122, -128, -86, -120, 59, 127, 104, 89]
[-128, 124, 75, 79, -94, -128, -78, -111]
[127, -110, -84, -40, 120, 105, 33, 127]
[-117, 85, 4, 0, -128, -78, 4, -128]
[93, -49, 0, 49, 125, 47, -28, 127]
[18, 88, -14, 123, 85, -53, -122, 68]
[22, -128, -70, -128, -56, 94, 127, -33]
[-70, 109, 40, 127, 14, -116, -128, -4]
[115, -117, -42, -126, 33, 127, 124, 90]
[127, -103, -38, -58, 109, 117, 73, 127]
[-128, 91, 90, 24, -125, -92, -20, -128]
[100, -61, -83, 44, 127, 53, -38, 127]
[-95, 127, 58, 126, -37, -128, -126, -86]
[25, 90, -68, 110, 85, -44, -99, 75]
[8, -128, -9, -128, -57, 83, 122, -35]
[122, -95, -81, -35, 125, 95, 27, 127]
[88, -128, -23, -128, 11, 125, 127, 61]
[-128, 127, 76, 122, -57, -128, -111, -93]
[127, -127, -3, -87, 88, 127, 78, 118]
[-128, 69, 49, 47, -114, -109, -58, -128]
[126, -80, -128, -16, 127, 83, 25, 127]
[-94, 25, 70, -46, -128, -51, 32, -125]
[118, -128, -100, -127, 45, 127, 125, 90]
[-13, -25, 2, -119, -90, 47, 116, -65]
[74, -106, -5, -128, -6, 121, 127, 24]
[-109, 118, 30, 123, -30, -126, -127, -81]
[28, 36, 11, 111, 94, -36, -108, 84]
[-128, 65, 91, 64, -103, -121, -74, -128]
[-107, 60, 77, -20, -128, -70, 21, -128]
[78, 12, -5, 86, 121, 17, -67, 126]
[-45, -19, 25, -96, -102, 24, 106, -92]
[-128, 108, 79, 42, -120, -104, -51, -128]
[61, -76, -22, -128, -37, 112, 127, -18]
[-94, 99, 18, 127, -14, -128, -128, -36]
[49, 3, -26, 95, 106, -20, -104, 104]
[127, -86, -77, -45, 114, 109, 56, 127]
[-122, 21, 56, 8, -128, -80, 7, -128]
[-57, -13, 52, -89, -112, 9, 88, -108]
[-3, 71, -43, 118, 90, -43, -124, 72]
[-128, 105, -44, 58, -113, -112, -63, -128]
[-52, 127, 75, 127, 15, -118, -128, 6]
[113, -128, -44, -128, 18, 127, 127, 73]
[118, -54, -49, -17, 126, 87, 10, 127]
[127, -128, -29, -77, 97, 127, 82, 126]
[116, -42, -8, 7, 127, 74, -12, 127]
[-83, 11, 51, -70, -124, -27, 45, -125]
[54, 33, 29, 101, 103, -23, -102, 101]
[-114, 119, 50, 127, -36, -128, -126, -86]
[-48, 95, -20, 127, 31, -110, -128, 26]
[95, -116, 92, -128, 15, 126, 127, 57]
[127, -126, -127, -89, 82, 127, 94, 108]
[-128, 99, 107, 55, -114, -114, -63, -128]
[-108, 67, 36, -20, -128, -67, 22, -128]
[82, -9, -68, 82, 124, 20, -61, 127]
[-39, -21, 21, -105, -105, 26, 108, -91]
[-15, 76, 4, 127, 67, -79, -122, 46]
[47, -110, -12, -128, -28, 114, 127, -4]
[-105, 105, 28, 127, -16, -125, -128, -51]
[120, -128, -78, -120, 65, 127, 104, 88]
[-122, 110, 99, 78, -96, -128, -77, -113]
[-38, 127, 112, 127, 31, -111, -127, 28]
[-114, 81, 5, -2, -127, -76, 8, -128]
[127, -63, -4, -34, 127, 92, 21, 127]
[-58, -64, 8, -99, -108, 17, 93, -99]
[6, 82, -17, 121, 83, -55, -109, 63]
[42, -85, -9, -128, -43, 101, 127, -32]
[-88, 89, -63, 127, -5, -125, -128, -28]
[118, -111, -8, -124, 46, 127, 118, 90]
[-125, 127, 69, 93, -82, -128, -91, -98]
[-126, 100, 77, 31, -124, -91, -16, -128]
[102, -52, -75, 40, 127, 56, -35, 127]
[127, -128, -84, -110, 65, 127, 109, 98]
[43, 27, -17, 106, 95, -31, -122, 88]
[19, -69, 33, -128, -66, 76, 127, -39]
[-63, 125, 10, 127, 20, -117, -128, 11]
[-118, 127, 35, 118, -52, -128, -102, -89]
[3, 27, 2, 122, 84, -48, -106, 67]
[82, -21, -64, 78, 126, 22, -58, 127]
[123, -81, -35, -19, 125, 88, 11, 127]
[114, -126, 1, -128, 36, 127, 123, 86]
[-29, -60, -15, -105, -95, 34, 114, -75]
[-26, 49, -17, 127, 68, -71, -116, 45]
[48, -125, -7, -128, -30, 114, 127, -11]
[-97, 126, -24, 127, -9, -128, -128, -38]
[127, -128, -59, -124, 48, 127, 116, 90]
[127, -93, -23, -51, 110, 115, 64, 127]
[-123, 86, 52, 22, -124, -89, -12, -128]
[80, -128, -37, -128, -2, 124, 127, 37]
[-74, 17, 58, -90, -118, -4, 72, -118]
[36, 44, 62, 107, 91, -34, -109, 81]
[-54, 108, -28, 127, 29, -114, -128, 17]
[97, -114, -55, -128, 8, 125, 127, 54]
[-111, 127, 66, 122, -51, -128, -117, -90]
[-128, 110, 42, 54, -108, -114, -65, -128]
[127, -93, -29, -34, 123, 93, 21, 127]
[-109, 37, 30, -18, -128, -67, 19, -128]
[82, 12, -60, 77, 123, 23, -57, 127]
[-107, 27, 68, -29, -127, -65, 28, -128]
[3, -37, -5, 125, 79, -52, -123, 65]
[42, -57, 42, -128, -41, 103, 127, -32]
[-77, 127, 46, 127, 0, -122, -128, -23]
[113, -128, -26, -126, 38, 127, 120, 89]
[-128, 127, 24, 102, -83, -128, -92, -95]
[127, -78, -44, -61, 105, 119, 70, 127]
[-8, 118, -10, 127, 68, -73, -125, 39]
[32, -125, -21, -128, -33, 107, 126, -26]
[119, -50, -63, -14, 123, 81, -5, 127]
[84, 40, -50, 76, 122, 19, -59, 127]
[-50, -41, 41, -97, -107, 23, 102, -101]
[127, -98, -61, -90, 84, 127, 82, 123]
[25, -69, -6, -128, -48, 93, 121, -33]
[-63, 127, 32, 127, 7, -119, -128, -11]
[107, -128, -64, -125, 36, 127, 123, 89]
[116, -81, -92, 0, 124, 75, -5, 127]
[127, -123, -106, -67, 100, 120, 70, 127]
[58, -107, -5, -128, -21, 117, 127, -3]
[120, -66, -46, 13, 127, 71, -19, 127]
[-93, 21, 59, -68, -125, -34, 42, -124]
[121, -108, -74, -123, 47, 127, 113, 89]
[-12, -80, 3, -110, -91, 40, 116, -68]
[57, -76, -27, -128, -22, 118, 127, 5]
[-111, 116, 54, 127, -13, -128, -128, -63]
[119, -128, -28, -120, 59, 127, 115, 89]
[-3, -53, 113, -128, -81, 60, 116, -46]
[-124, 16, 4, 9, -127, -82, -10, -128]
[-78, -4, 30, -90, -121, -13, 76, -119]
[37, 16, -68, 99, 99, -28, -104, 97]
[-2, -76, 45, -127, -84, 56, 123, -51]
[-26, 97, 9, 127, 46, -97, -128, 36]
[72, -128, -80, -128, -7, 121, 127, 28]
[-111, 127, 77, 127, -31, -128, -124, -77]
[120, -112, -31, -116, 61, 127, 106, 87]
[-120, 106, 106, 84, -93, -128, -82, -108]
[127, -84, -56, -43, 116, 111, 59, 127]
[103, -29, -33, 37, 127, 63, -30, 127]
[104, -128, -84, -118, 51, 127, 112, 86]
[-23, -78, 5, -116, -89, 40, 114, -68]
[-16, 92, -4, 127, 59, -91, -128, 37]
[45, -113, -20, -128, -34, 113, 127, -15]
[-95, 127, 51, 127, -11, -125, -128, -37]
[117, -122, -59, -125, 50, 127, 117, 90]
[-29, -67, 31, -110, -89, 38, 118, -68]
[127, -128, -59, -61, 100, 117, 69, 127]
[-128, 68, 97, 33, -116, -99, -40, -128]
[-47, -33, 34, -105, -97, 30, 107, -83]
[-102, 45, 38, -30, -125, -59, 30, -126]
[83, -52, -62, 75, 121, 23, -68, 126]
[1, 78, 6, 125, 83, -56, -127, 65]
[36, -128, -11, -128, -44, 101, 127, -33]
[112, -128, -47, -126, 26, 127, 127, 87]
[-115, 127, 72, 114, -65, -128, -105, -87]
[-1, 42, -28, 124, 80, -57, -115, 60]
[120, -75, -88, -25, 127, 89, 36, 127]
[114, -92, -29, -128, 22, 126, 127, 80]
[77, -41, -86, 80, 120, 15, -69, 125]
[-43, -38, 53, -99, -102, 22, 100, -90]
[-7, 34, -84, 124, 78, -57, -121, 60]
[36, -59, -3, -128, -47, 92, 125, -31]
[-65, 121, 12, 127, 11, -120, -128, -2]
[84, -3, -75, 76, 121, 23, -57, 126]
[-115, 127, -2, 120, -58, -128, -111, -90]
[126, -112, -58, -85, 85, 127, 86, 117]
[23, -78, 33, -128, -60, 83, 117, -31]
[125, -83, -99, -31, 120, 93, 24, 127]
[-113, 64, 86, -10, -126, -71, 16, -128]
[-106, 109, 9, 123, -50, -128, -118, -92]
[15, 58, -23, 118, 89, -43, -122, 72]
[127, -87, -81, -35, 122, 95, 18, 127]
[-43, 99, 9, 127, 23, -111, -128, 17]
[98, -99, 29, -128, 6, 121, 127, 50]
[-122, 123, 15, 122, -46, -128, -114, -91]
[124, -128, -56, -103, 71, 127, 96, 104]
[-128, 84, 42, 72, -93, -125, -73, -118]
[127, -107, -80, -40, 119, 106, 59, 127]
[-117, 73, 65, 7, -128, -81, -1, -128]
[95, -64, -57, 50, 126, 50, -48, 127]
[-81, 46, 54, -90, -115, 0, 72, -118]
[-128, 112, 39, 62, -100, -119, -69, -128]
[24, -73, 9, -128, -62, 77, 121, -35]
[-46, 85, 16, 127, 26, -113, -128, 16]
[89, -44, -109, 63, 123, 38, -38, 127]
[-115, 118, 91, 122, -44, -128, -116, -89]
[127, -127, -58, -96, 79, 127, 92, 113]
[127, -83, -16, -34, 123, 91, 2, 127]
[-104, 34, 77, -11, -122, -68, 23, -127]
[-124, 74, 7, 122, -46, -128, -112, -90]
[127, -128, -58, -99, 70, 127, 86, 108]
[20, 58, 66, 117, 94, -42, -112, 80]
[127, -90, -113, -37, 122, 101, 32, 127]
[-31, 116, 14, 127, 32, -110, -128, 33]
[91, -128, -57, -128, -3, 122, 127, 41]
[-115, 127, 47, 125, -37, -128, -116, -89]
[125, -120, -77, -105, 72, 127, 99, 104]
[100, -14, -59, 52, 127, 50, -39, 127]
[-29, 127, 23, 127, 37, -105, -128, 33]
[-125, 14, 38, 9, -125, -81, 0, -128]
[98, 21, -58, 51, 127, 48, -43, 127]
[120, -117, -41, -106, 71, 127, 104, 103]
[19, -100, -47, -128, -65, 71, 127, -37]
[-116, -27, 38, -18, -128, -74, 6, -128]
[98, -128, -27, -128, 11, 124, 127, 53]
[-114, 127, 47, 121, -51, -128, -114, -92]
[37, 79, -94, 110, 90, -39, -110, 77]
[-128, 100, 73, 63, -100, -118, -56, -128]
[127, -73, -54, -35, 120, 98, 48, 127]
[-113, 26, 12, -3, -128, -76, 4, -128]
[96, -7, -76, 52, 127, 45, -48, 127]
[-67, -69, 32, -89, -115, 2, 74, -117]
[-128, 123, 85, 65, -108, -121, -74, -128]
[18, -61, 15, -128, -65, 73, 121, -35]
[-42, 127, 32, 127, 33, -109, -128, 31]
[8, -58, -7, -128, -70, 70, 120, -37]
[-122, 75, 35, 124, -39, -128, -124, -92]
[127, -74, -15, -36, 116, 103, 41, 127]
[9, -24, 15, -128, -74, 68, 127, -39]
[-40, 81, 28, 127, 37, -108, -128, 32]
[-122, 24, 5, 6, -121, -80, 10, -128]
[93, 55, -49, 39, 126, 54, -37, 127]
[-66, -29, 33, -88, -116, -8, 50, -119]
[47, 47, -19, 101, 99, -30, -113, 93]
[-2, -76, 41, -128, -82, 57, 127, -47]
[-118, 87, 106, 22, -123, -86, -11, -128]
[54, -128, -85, -128, -14, 119, 127, 21]
[127, -101, -65, -50, 113, 110, 49, 127]
[125, -128, -61, -114, 61, 127, 114, 97]
[-128, 122, 95, 81, -89, -128, -78, -117]
[-27, 66, -38, 127, 39, -105, -128, 34]
[82, -111, -107, -128, -6, 120, 127, 35]
[-79, -37, 36, -87, -119, -13, 70, -118]
[60, 27, -35, 93, 104, -16, -81, 102]
[-9, -32, 1, -121, -84, 51, 119, -58]
[-25, 90, -50, 127, 62, -89, -125, 37]
[55, -113, 6, -128, -30, 111, 127, -9]
[-87, 111, 2, 127, -2, -119, -128, -31]
[118, -78, -20, -126, 35, 127, 120, 90]
[-128, 119, 110, 106, -75, -128, -100, -94]
[127, -126, -91, -75, 94, 127, 77, 125]
[-128, 68, 70, 46, -109, -109, -56, -128]
[-65, 97, 34, 127, 16, -115, -128, 2]
[112, -106, -16, -128, 21, 127, 127, 78]
[77, -61, -36, 86, 121, 15, -68, 127]
[126, -116, -128, -82, 88, 127, 86, 120]
[9, 45, -75, 119, 81, -55, -120, 62]
[123, -81, -85, -20, 121, 86, 39, 127]
[-102, 29, 47, -29, -126, -62, 27, -128]
[-119, 127, 35, 112, -66, -128, -109, -91]
[-6, 46, -69, 127, 80, -61, -128, 52]
[-128, 80, 82, 40, -116, -103, -47, -128]
[123, -51, -66, -18, 122, 84, 5, 127]
[98, -108, -35, -127, 19, 125, 127, 74]
[79, 10, -41, 80, 123, 21, -35, 124]
[-62, 17, 81, -93, -106, 18, 86, -103]
[22, 107, 66, 119, 84, -46, -99, 70]
[29, -113, -96, -128, -54, 89, 124, -34]
[-105, 33, 91, -33, -128, -64, 21, -128]
[-110, 127, -6, 116, -56, -128, -109, -88]
[127, -119, 21, -80, 86, 127, 91, 116]
[-128, 42, 127, 48, -116, -111, -68, -128]
[-102, 2, 29, -15, -128, -70, 16, -128]
[90, 52, -22, 73, 126, 26, -52, 127]
[-117, 71, 38, 123, -46, -128, -118, -91]
[5, 48, -96, 117, 80, -56, -127, 64]
[0, -89, 22, -128, -59, 95, 127, -33]
[-54, 86, -26, 127, 20, -112, -128, 9]
[104, -121, 12, -128, 17, 124, 127, 66]
[-107, 127, 43, 121, -42, -128, -119, -93]
[123, -128, 8, -106, 66, 127, 99, 97]
[-128, 102, 63, 75, -96, -128, -75, -119]
[127, -72, -66, -42, 119, 110, 39, 127]
[56, 59, -6, 98, 103, -20, -117, 99]
[106, -8, -82, 28, 127, 63, -24, 127]
[-84, -26, 80, -68, -122, -22, 58, -121]
[61, 4, -9, 88, 108, -15, -88, 108]
[127, -72, -35, -58, 108, 120, 71, 127]
[-23, 105, -26, 127, 58, -84, -125, 37]
[-128, 71, 58, 35, -118, -96, -27, -128]
[113, -128, -51, -124, 36, 127, 116, 89]
[-43, -35, 8, -104, -99, 26, 111, -85]
[127, -100, -28, -76, 89, 127, 78, 126]
[-128, 33, 50, 38, -118, -109, -56, -128]
[-110, 37, 53, -6, -123, -70, 13, -128]
[94, -28, -75, 54, 127, 45, -51, 127]
[-63, -79, -65, -91, -115, 2, 75, -117]
[41, 103, 11, 108, 97, -31, -114, 92]
[-32, 46, 10, 127, 51, -90, -116, 37]
[11, -126, -45, -128, -16, 116, 127, 17]
[-97, 127, 127, 127, -27, -128, -128, -66]
[56, 80, 23, 104, 103, -20, -107, 95]
[127, -80, -65, -39, 123, 100, 26, 127]
[100, -128, -44, -128, 14, 127, 127, 69]
[84, 42, 5, 83, 117, 15, -38, 126]
[2, 53, -67, 118, 78, -48, -106, 59]
[14, -57, 29, -128, -64, 80, 122, -30]
[-44, 95, -108, 127, 24, -109, -128, 23]
[77, -128, -41, -128, 4, 125, 127, 43]
[122, -128, 78, -115, 63, 127, 103, 95]
[-26, -17, 6, -115, -87, 43, 118, -61]
[-124, 101, 88, 33, -120, -98, -10, -128]
[-99, 115, 58, 127, -3, -128, -128, -37]
[103, -115, -33, -124, 29, 127, 118, 86]
[79, -58, -103, 82, 118, 12, -65, 117]
[-38, -21, 30, -99, -102, 20, 104, -87]
[-128, 127, 118, 48, -114, -111, -61, -128]
[28, -121, 26, -128, -54, 90, 127, -30]
[-67, 94, -13, 127, 19, -119, -128, -4]
[83, -56, -14, 68, 123, 33, -46, 126]
[-119, 127, -26, 119, -43, -128, -114, -87]
[124, -122, -32, -94, 68, 127, 95, 108]
[-128, 107, 95, 66, -98, -123, -69, -127]
[121, -100, 2, -37, 116, 101, 39, 127]
[-119, 67, 96, 13, -126, -82, -6, -128]
[-119, 84, 63, 127, -31, -128, -118, -75]
[119, -128, -50, -108, 66, 127, 99, 97]
[35, 12, -38, 112, 93, -37, -117, 84]
[-30, 64, -90, 127, 43, -99, -128, 32]
[81, -114, -32, -128, -8, 115, 127, 30]
[-78, -54, -24, -90, -119, -16, 57, -119]
[-113, 112, -36, 90, -78, -128, -85, -103]
[127, -82, -56, -60, 95, 119, 70, 127]
[-128, 79, 51, 35, -119, -103, -51, -128]
[121, -62, -53, -19, 123, 86, 10, 127]
[26, 99, -4, 117, 88, -40, -122, 73]
[91, -21, 2, 60, 122, 41, -45, 127]
[-71, 4, 46, -88, -117, -6, 66, -117]
[102, -21, -41, 28, 126, 65, -13, 127]
[-19, -72, 33, -121, -89, 45, 114, -59]
[-9, 88, -6, 127, 66, -73, -128, 45]
[31, -63, 39, -128, -44, 85, 127, -26]
[-70, 120, 118, 127, 15, -112, -128, 4]
[92, -128, -36, -128, 5, 126, 127, 53]
[91, -21, -44, 60, 122, 43, -38, 127]
[-128, 127, 41, 81, -85, -127, -85, -112]
[108, -128, -80, -119, 50, 127, 113, 87]
[-123, 89, 61, 31, -124, -89, -14, -128]
[109, -69, -87, 15, 123, 70, -17, 127]
[121, -39, -9, -123, 42, 127, 121, 92]
[73, 17, 12, 90, 112, -7, -96, 114]
[-27, -28, 31, -111, -95, 34, 109, -74]
[-8, 28, -10, 127, 72, -62, -118, 50]
[32, -46, -3, -128, -47, 95, 127, -29]
[-59, 127, 3, 127, 15, -118, -113, -2]
[83, -112, -18, -128, 18, 121, 127, 61]
[127, -125, -128, -111, 62, 127, 100, 99]
[99, 9, -41, 41, 127, 51, -55, 127]
[127, -101, -69, -39, 117, 108, 41, 127]
[-119, 80, 44, 24, -119, -88, -11, -128]
[106, -60, -51, 20, 120, 67, -22, 127]
[68, 31, 43, 89, 109, -10, -91, 113]
[-40, -113, -22, -108, -98, 35, 121, -77]
[-128, 94, 24, 46, -118, -108, -58, -128]
[127, -60, 25, -29, 123, 90, 40, 127]
[-61, 73, 31, 127, 16, -116, -128, -2]
[-120, 127, 95, 121, -49, -128, -121, -90]
[124, -111, -17, -104, 69, 127, 97, 101]
[-128, 94, 48, 72, -90, -123, -78, -120]
[-22, 119, -6, 127, 49, -96, -126, 34]
[-126, 88, 97, 30, -122, -91, -3, -128]
[109, -48, -75, 6, 123, 73, -7, 127]
[-90, 27, 33, -55, -124, -42, 35, -126]
[76, 21, -56, 90, 120, 5, -81, 119]
[8, 12, -26, 116, 86, -45, -117, 68]
[26, -123, -85, -128, -61, 88, 127, -33]
[-112, 50, 17, -13, -127, -72, 14, -128]
[-111, 126, 23, 124, -36, -127, -122, -78]
[120, -119, -27, -112, 54, 127, 112, 88]
[127, -98, -28, -63, 98, 122, 75, 127]
[-128, 86, 55, 43, -116, -106, -60, -128]
[126, -64, -54, -28, 125, 90, 19, 127]
[-109, 75, 59, 0, -127, -75, 1, -128]
[-114, 122, 13, 127, -16, -124, -125, -62]
[-82, -27, 43, -73, -119, -28, 65, -120]
[66, 28, -42, 91, 113, -8, -82, 112]
[127, -58, -32, -77, 83, 127, 80, 121]
[12, 111, -47, 124, 83, -49, -115, 63]
[127, -114, -80, -35, 118, 101, 44, 127]
[-41, 98, 37, 127, 37, -104, -128, 27]
[-106, 127, 86, 127, -16, -126, -128, -55]
[68, 58, -52, 92, 114, -8, -88, 115]
[127, -73, -117, -77, 85, 127, 82, 125]
[28, -89, 0, -128, -59, 79, 123, -31]
[126, -102, 0, -33, 111, 96, 32, 127]
[-121, 81, 35, 5, -126, -79, 21, -128]
[103, -47, -62, 34, 127, 61, -36, 127]
[-11, 108, -6, 127, 68, -76, -124, 41]
[116, -91, -31, -122, 41, 127, 120, 90]
[-48, 0, 22, -96, -102, 20, 87, -90]
[6, -120, -11, -128, -63, 76, 121, -33]
[-38, 112, 77, 127, 35, -111, -128, 30]
[85, -94, 16, -128, -4, 122, 127, 32]
[-109, 127, 41, 126, -26, -128, -128, -76]
[-127, 120, 41, 85, -79, -128, -92, -107]
[-15, -67, 22, -120, -90, 44, 120, -61]
[-19, 70, 3, 127, 66, -72, -121, 44]
[-128, 99, 91, 35, -117, -100, -37, -128]
[125, -46, -104, -13, 124, 83, 6, 127]
[-99, 19, 30, -32, -128, -63, 21, -127]
[83, -18, -56, 84, 123, 23, -60, 127]
[16, 40, -51, 115, 89, -40, -111, 74]
[13, -45, 13, -128, -64, 73, 121, -33]
[-83, 97, 1, 127, 32, -110, -128, 31]
[82, -128, -76, -128, -9, 118, 127, 29]
[-101, 119, 40, 126, -20, -128, -125, -66]
[57, 15, -63, 96, 108, -15, -86, 105]
[127, -94, -24, -66, 95, 122, 73, 127]
[25, -97, -30, -128, -46, 101, 122, -29]
[-108, 24, 107, -23, -127, -68, 22, -128]
[89, -54, -95, 57, 116, 38, -49, 127]
[-66, -31, 52, -89, -114, -5, 67, -115]
[91, -96, -52, -128, -12, 121, 127, 28]
[12, -65, -17, -128, -74, 64, 126, -42]
[-118, 73, 77, 20, -122, -88, -18, -128]
[44, -128, -34, -128, -28, 113, 127, 6]
[-81, 127, 32, 127, -2, -117, -128, -35]
[113, -109, -34, -122, 32, 127, 119, 91]
[-125, 104, 40, 115, -59, -128, -105, -93]
[127, -118, 0, -91, 75, 127, 91, 110]
[-128, 127, 38, 61, -104, -122, -70, -128]
[127, -100, -53, -37, 117, 102, 55, 127]
[-116, 82, 87, 13, -122, -82, -8, -128]
[-79, 8, 42, -77, -123, -30, 30, -120]
[69, -49, -104, 87, 109, -1, -77, 107]
[13, 48, -29, 121, 87, -46, -114, 68]
[12, -41, 13, -128, -72, 71, 124, -39]
[-32, 127, 28, 127, 44, -104, -117, 30]
[56, -102, -44, -128, -24, 117, 127, 6]
[114, -117, -52, -126, 29, 127, 123, 90]
[124, -58, -81, -28, 122, 90, 33, 127]
[124, -114, -17, -95, 72, 127, 97, 103]
[-128, 93, 54, 71, -88, -123, -82, -125]
[127, -104, -95, -51, 110, 113, 60, 127]
[-128, 71, 59, 31, -120, -95, -12, -128]
[-113, 67, 81, -16, -122, -66, 14, -128]
[93, -24, -44, 45, 119, 48, -37, 127]
[-77, -12, -18, -81, -118, -17, 71, -119]
[60, 3, -18, 93, 110, -13, -121, 110]
[-29, -37, 38, -111, -96, 39, 114, -69]
[-7, 40, -18, 127, 72, -66, -117, 51]
[25, -71, 7, -128, -52, 90, 124, -31]
[-65, 90, 34, 127, 18, -114, -128, -1]
[-117, 100, -22, 124, -46, -128, -120, -90]
[127, -40, -6, -110, 65, 127, 100, 100]
[127, -92, -108, -57, 94, 116, 60, 127]
[65, -7, -86, 89, 114, -5, -81, 114]
[117, -64, -2, -4, 127, 81, 3, 127]
[86, -31, -50, 57, 123, 38, -40, 127]
[-66, 17, 42, -81, -117, -15, 77, -113]
[59, 34, -2, 90, 106, -13, -95, 104]
[-33, -50, 35, -109, -96, 35, 110, -71]
[22, -110, 8, -128, -57, 85, 126, -32]
[-42, 95, -20, 127, 36, -110, -124, 27]
[70, -65, 11, -128, -15, 115, 127, 15]
[-103, 56, -24, 127, -9, -121, -128, -45]
[34, -24, 75, -128, -52, 94, 127, -29]
[-121, 24, -31, 116, -56, -128, -113, -92]
[116, -113, -85, -97, 72, 127, 93, 104]
[-25, 92, 15, 127, 56, -89, -116, 36]
[124, -61, -85, -7, 122, 79, -7, 127]
[-128, 97, 62, 48, -109, -110, -57, -128]
[79, 2, -62, 76, 120, 29, -60, 123]
[50, 35, -15, 97, 101, -19, -105, 95]
[127, -64, -44, -60, 99, 118, 72, 127]
[-13, 118, 92, 127, 75, -63, -120, 49]
[31, -117, -47, -128, -54, 91, 126, -31]
[62, -128, -22, -128, -4, 118, 127, 37]
[-94, 116, 13, 127, -25, -127, -122, -65]
[-121, 80, -46, 103, -63, -128, -94, -92]
[127, -113, -11, -79, 80, 127, 81, 118]
[-128, 102, 43, 57, -105, -113, -60, -128]
[127, -87, -73, -33, 118, 99, 56, 127]
[-121, 32, 72, 16, -123, -82, -13, -128]
[124, -104, -68, -58, 96, 116, 70, 127]
[72, 19, -42, 84, 117, 19, -69, 116]
[-104, -24, 37, -4, -122, -75, 9, -128]
[-38, 26, -9, 106, 95, -33, -104, 81]
[3, -108, 22, -128, -84, 49, 116, -49]
[46, -109, 5, -128, -44, 99, 127, -26]
[122, -77, -4, -128, -1, 121, 127, 47]
[-112, 113, 33, 127, -28, -128, -127, -74]
[124, -46, -36, -119, 51, 127, 110, 92]
[127, -128, -110, -63, 102, 121, 72, 127]
[124, -33, -46, -24, 120, 87, 11, 127]
[-112, 67, 89, 0, -120, -72, 24, -126]
[100, -35, -28, 43, 125, 53, -33, 127]
[-82, 38, 79, -69, -123, -28, 46, -123]
[-38, -62, 25, -101, -104, 23, 90, -85]
[19, 49, -21, 118, 86, -45, -123, 69]
[5, -125, 4, -128, -66, 70, 127, -36]
[67, -114, -48, -128, -25, 114, 127, 0]
[102, -128, -50, -128, 24, 127, 127, 90]
[-114, 119, 15, 118, -44, -128, -115, -90]
[-128, 72, 46, 78, -80, -123, -77, -116]
[8, 102, 1, 127, 70, -67, -127, 50]
[-128, 29, 70, 41, -111, -105, -53, -128]
[127, -45, -128, -28, 118, 92, 10, 127]
[61, -128, -18, -128, -7, 122, 127, 34]
[100, -19, -96, 30, 122, 62, -17, 127]
[-85, 29, 9, -65, -123, -37, 42, -124]
[72, -7, -18, 91, 114, 0, -86, 114]
[-106, 34, -39, -20, -124, -68, 24, -128]
[17, 78, 71, 115, 89, -41, -112, 73]
[7, -123, 16, -128, -71, 68, 125, -39]
[-40, 118, 24, 127, 44, -102, -128, 31]
[70, -99, -12, -128, -24, 118, 127, 5]
[-93, 127, 75, 127, -8, -123, -128, -43]
[32, -103, -42, -128, -44, 99, 120, -29]
[-116, 127, 100, 115, -57, -128, -105, -90]
[126, -120, -123, -95, 74, 127, 94, 107]
[-32, -128, 55, -128, -80, 52, 123, -43]
[127, -84, -62, -49, 109, 111, 42, 127]
[-128, 74, -44, 30, -120, -96, -37, -128]
[123, -70, -29, -8, 127, 83, 6, 127]
[96, -9, -14, 51, 118, 44, -34, 127]
[119, -127, -51, -117, 43, 127, 108, 90]
[47, -32, -27, 91, 108, -14, -69, 106]
[-24, -92, -109, -111, -97, 35, 105, -71]
[10, -100, 33, -128, -62, 77, 118, -31]
[125, -69, 32, -35, 109, 100, 40, 127]
[62, -71, 7, -128, -28, 115, 127, 0]
[-77, 127, 33, 127, 7, -117, -128, -22]
[-1, 45, 94, 127, 84, -47, -123, 65]
[-72, -38, 35, -94, -116, 1, 75, -117]
[126, -128, -47, -108, 63, 127, 103, 101]
[-128, 54, 14, 79, -81, -128, -78, -112]
[-25, 112, -35, 127, 54, -89, -126, 36]
[116, -60, -70, -12, 120, 83, 5, 127]
[84, -123, -16, -128, -1, 120, 127, 48]
[99, -8, -22, 46, 122, 49, -26, 127]
[75, 33, -78, 91, 115, 2, -78, 114]
[-116, 122, 29, 111, -57, -128, -107, -92]
[30, 42, 4, 113, 93, -36, -124, 78]
[-13, -99, -22, -128, -75, 58, 111, -44]
[66, -90, 26, -128, -24, 119, 127, 9]
[-84, 127, 72, 127, 0, -120, -128, -34]
[108, -128, -76, -126, 27, 126, 120, 84]
[-120, 40, -20, 113, -51, -128, -109, -92]
[35, 21, -40, 104, 98, -29, -108, 88]
[-128, 127, 29, 82, -78, -126, -89, -110]
[127, -105, -79, -65, 93, 120, 73, 127]
[24, -86, -2, -128, -57, 86, 127, -30]
[-118, 64, 96, 22, -123, -87, -18, -128]
[110, -57, -66, 6, 122, 71, -10, 127]
[-98, 36, 47, -37, -125, -59, 29, -128]
[87, 20, -44, 64, 119, 30, -51, 127]
[-71, -56, -1, -93, -117, -1, 76, -114]
[23, 30, 6, 103, 102, -26, -95, 94]
[-18, -59, 34, -116, -91, 39, 115, -60]
[-7, 19, -10, 127, 71, -65, -121, 51]
[37, -54, -9, -128, -50, 96, 127, -28]
[-46, 125, 23, 127, 29, -114, -128, 17]
[48, -128, 1, -128, -11, 121, 127, 35]
[-85, 33, 55, -59, -120, -32, 42, -122]
[-110, 124, 86, 113, -56, -128, -103, -91]
[127, -113, -65, -93, 65, 127, 88, 106]
[127, -85, -2, -47, 112, 110, 44, 127]
[50, -92, 6, -128, -28, 116, 127, 0]
[-95, 33, 29, -31, -117, -59, 32, -126]
[90, -11, -37, 55, 118, 38, -41, 120]
[116, -121, -81, -114, 46, 127, 104, 90]
[61, 70, -58, 93, 108, -9, -85, 104]
[-36, -19, 6, -105, -99, 28, 121, -80]
[6, 10, -18, 122, 85, -48, -119, 68]
[19, -51, -57, -128, -72, 73, 122, -41]
[45, -111, -20, -128, -33, 109, 127, -12]
[-69, 126, 29, 127, 15, -116, -128, -7]
[94, -70, -81, 45, 124, 48, -41, 127]
[117, -128, -49, -120, 39, 127, 118, 92]
[-41, 7, 82, -99, -102, 21, 97, -86]
[-128, 107, 81, 68, -92, -122, -73, -125]
[-13, 109, -4, 127, 62, -83, -127, 34]
[-128, 81, 108, 30, -115, -98, -40, -128]
[122, -42, -28, -24, 116, 90, 25, 127]
[-117, 57, 50, 2, -123, -77, 20, -128]
[100, -62, -60, 33, 124, 60, -10, 127]
[-110, 122, 7, 116, -61, -128, -110, -89]
[38, 61, -77, 104, 94, -32, -85, 82]
[127, -99, -124, -57, 101, 113, 61, 127]
[-128, 80, 72, 36, -115, -100, -43, -128]
[27, -128, -26, -128, -49, 95, 121, -26]
[77, -128, -28, -128, -11, 118, 127, 27]
[-95, 108, -33, 127, -8, -120, -128, -47]
[-95, -1, 64, -56, -121, -38, 39, -127]
[113, -97, -27, -108, 66, 127, 93, 100]
[-123, 121, 32, 82, -75, -127, -83, -111]
[-128, 59, 32, 50, -100, -111, -57, -128]
[127, -68, -103, -29, 118, 98, 33, 127]
[-125, 54, 94, 18, -122, -84, 3, -128]
[108, -53, -44, 13, 121, 70, 9, 127]
[-98, 7, 80, -32, -121, -57, 21, -126]
[82, 16, -23, 64, 118, 31, -53, 125]
[-69, 21, 49, -95, -113, 0, 70, -114]
[59, 40, -53, 91, 106, -17, -98, 104]
[-128, 88, 105, 127, 9, -117, -128, -20]
[3, 80, 19, 127, 79, -51, -118, 60]
[10, -115, 8, -128, -61, 79, 124, -33]
[62, -104, -47, -128, -25, 114, 127, 11]
[-89, 57, 56, -57, -122, -40, 39, -126]
[-120, 126, 63, 116, -51, -128, -112, -89]
[118, -118, -38, -93, 78, 127, 90, 110]
[-128, 110, 74, 65, -91, -122, -78, -128]
[127, -93, -89, -49, 100, 106, 56, 127]
[-126, 85, 53, 29, -115, -95, -34, -128]
[-99, 127, 39, 127, 21, -116, -128, -3]
[86, -4, 2, 58, 121, 38, -45, 127]
[127, -128, 9, -118, 56, 127, 103, 97]
[28, 27, -78, 98, 108, -18, -96, 101]
[-23, -25, 32, -115, -94, 38, 118, -64]
[8, 127, 35, 127, 79, -62, -122, 54]
[-35, 72, -17, 127, 40, -101, -128, 23]
[117, -26, -49, 2, 122, 73, 3, 127]
[76, -103, -46, -128, 10, 123, 127, 58]
[-80, -46, 72, -79, -118, -23, 55, -120]
[126, -128, -17, -122, 47, 127, 113, 87]
[-119, 119, 29, 106, -65, -128, -102, -91]
[-125, 106, 98, 65, -88, -121, -81, -125]
[127, -53, -31, -50, 101, 112, 61, 127]
[-128, -67, 28, 31, -121, -97, -50, -128]
[-68, 108, 45, 127, 12, -122, -128, -16]
[85, -65, -34, 49, 117, 39, -37, 125]
[57, 42, -53, 99, 107, -17, -88, 101]
[-22, -26, 20, -110, -95, 33, 111, -71]
[-2, 66, 6, 125, 77, -53, -119, 62]
[10, -48, 58, -128, -65, 74, 123, -33]
[-38, 116, 31, 127, 47, -96, -128, 27]
[55, -128, -32, -128, -24, 120, 127, 6]
[-96, -16, 29, -47, -122, -52, 41, -128]
[-62, -42, 32, -95, -109, 13, 85, -99]
[126, -128, -40, -98, 67, 127, 92, 106]
[-128, 99, 40, 73, -85, -123, -78, -115]
[-128, 48, 35, 34, -113, -100, -53, -128]
[125, -71, -57, -25, 122, 90, 15, 127]
[-116, -2, 51, -1, -122, -76, 4, -128]
[-91, -33, 33, -61, -120, -40, 42, -123]
[-126, 111, 68, 114, -44, -128, -108, -91]
[47, 76, -34, 101, 99, -19, -86, 92]
[13, 62, -24, 125, 82, -52, -113, 64]
[12, -52, 15, -128, -69, 69, 120, -39]
[-34, 127, 47, 127, 51, -93, -122, 31]
[42, -86, -33, -128, -42, 104, 118, -22]
[123, -61, -37, -20, 121, 85, 1, 127]
[30, -109, 27, -128, -11, 118, 127, 32]
[-99, -16, 87, -47, -120, -41, 34, -127]
[113, -117, -37, -128, 21, 127, 122, 82]
[-72, -32, -38, -91, -119, -5, 70, -109]
[-121, 114, 59, 93, -74, -128, -90, -100]
[-128, 87, 38, 59, -100, -114, -68, -128]
[-120, 73, 85, 28, -122, -92, -42, -128]
[117, -24, -100, -9, 121, 80, 14, 127]
[-110, 56, 127, -11, -124, -67, 30, -128]
[102, -39, -35, 48, 124, 52, -36, 127]
[-86, 42, 40, -68, -121, -33, 45, -125]
[69, -41, -57, 85, 113, 8, -72, 117]
[-53, 127, -8, 127, 26, -112, -128, 16]
[29, -3, -44, 106, 97, -31, -112, 83]
[1, -48, 61, -125, -84, 44, 120, -53]
[-13, 65, -67, 127, 69, -67, -122, 47]
[26, -107, -38, -128, -56, 90, 125, -28]
[-44, 127, 40, 127, 39, -113, -128, 23]
[66, -115, -23, -128, -18, 117, 127, 21]
[-94, 29, 22, -55, -120, -43, 48, -127]
[-98, 127, -34, 119, -48, -128, -112, -93]
[127, -95, -30, -102, 61, 127, 101, 95]
[-122, 127, 86, 79, -84, -128, -87, -117]
[127, -128, -83, -61, 97, 118, 53, 127]
[78, -2, -62, 74, 117, 17, -62, 118]
[127, -67, -21, -27, 118, 92, 27, 127]
[-111, 76, 115, 8, -124, -79, 6, -128]
[101, -47, -81, 33, 123, 62, -23, 127]
[-98, 127, 64, 127, -10, -122, -128, -51]
[77, 34, 16, 77, 115, 20, -36, 119]
[117, -128, -49, -107, 55, 127, 100, 88]
[-27, -26, 30, -109, -97, 30, 104, -72]
[16, -128, -8, -128, -69, 73, 120, -38]
[-28, 69, -10, 127, 53, -85, -124, 31]
[46, -128, -72, -128, -33, 112, 127, -5]
[-98, 57, 11, -35, -122, -62, 31, -127]
[94, -112, 31, -128, 8, 119, 127, 63]
[-108, 116, -4, 121, -29, -127, -117, -78]
[-117, 127, 127, 106, -59, -128, -106, -91]
[21, 61, -63, 110, 94, -33, -100, 82]
[-128, 119, 80, 76, -86, -125, -81, -123]
[127, -108, -37, -61, 95, 117, 63, 127]
[-128, 105, 83, 46, -108, -108, -54, -128]
[127, -76, -56, -31, 118, 96, 32, 127]
[-118, 47, 33, 17, -121, -85, -11, -128]
[-67, 122, -23, 127, 2, -121, -128, -28]
[127, -118, 65, -72, 85, 124, 79, 127]
[83, -11, -13, 68, 121, 31, -47, 127]
[117, -114, -117, -117, 54, 127, 109, 89]
[61, 20, -14, 91, 111, -11, -84, 106]
[-30, -49, -8, -106, -96, 30, 119, -75]
[-128, 102, -3, 59, -92, -115, -68, -128]
[-15, -36, 9, -128, -73, 65, 121, -42]
[-22, 56, -50, 127, 52, -84, -127, 32]
[121, -5, 20, -7, 127, 83, 9, 127]
[-64, 82, 57, 127, 30, -114, -128, 4]
[91, -82, -23, -128, -8, 116, 127, 40]
[-109, 127, 64, 127, -19, -127, -126, -61]
[-128, 81, 9, 40, -108, -104, -50, -128]
[-110, 110, -67, 114, -50, -128, -109, -91]
[126, -99, -59, -103, 64, 127, 99, 97]
[-33, -88, 80, -112, -94, 30, 108, -70]
[-128, 73, 47, 67, -89, -118, -76, -121]
[127, -85, -50, -54, 102, 113, 59, 127]
[-128, 24, 96, 38, -117, -103, -43, -128]
[127, -54, -105, -27, 120, 94, 33, 127]
[82, -59, -22, -128, -12, 121, 127, 30]
[105, -68, -68, 23, 119, 67, -17, 127]
[-90, 67, 46, -56, -125, -44, 32, -126]
[-59, 2, 17, -89, -109, -1, 74, -106]
[28, 3, -44, 89, 101, -18, -89, 95]
[-10, -19, 45, -112, -91, 37, 110, -67]
[-3, -15, -52, 127, 81, -50, -98, 61]
[19, -84, 24, -128, -69, 70, 107, -36]
[-25, 109, 31, 127, 48, -94, -128, 29]
[53, -49, -17, -128, -36, 99, 127, -16]
[-49, 127, 34, 127, 21, -112, -102, 2]
[77, -75, -88, -128, -11, 116, 122, 27]
[107, -128, -11, -128, 23, 127, 120, 84]
[-66, -47, 73, -89, -113, -5, 55, -110]
[127, -109, -4, -82, 75, 126, 91, 119]
[26, 87, 10, 118, 91, -36, -111, 77]
[127, -80, -57, -63, 95, 116, 64, 127]
[-7, -128, 38, -128, -69, 73, 120, -34]
[-118, 83, 54, 30, -114, -98, -35, -128]
[-58, 127, 34, 127, 25, -114, -128, 8]
[-116, 68, 40, -1, -123, -77, 5, -128]
[112, -5, -15, 31, 123, 62, -18, 127]
[-16, 62, 6, 127, 72, -62, -108, 54]
[80, -21, 69, 70, 113, 18, -54, 125]
[54, -7, -38, 91, 110, -8, -81, 101]
[6, 22, -28, 123, 85, -47, -113, 67]
[127, -110, -57, -49, 100, 108, 54, 127]
[39, -58, -4, -128, -43, 97, 127, -24]
[75, -74, -35, -128, -17, 116, 127, 27]
[-86, 78, 21, 127, -4, -118, -128, -35]
[106, -128, -6, -128, 19, 126, 125, 75]
[-128, 72, 75, 122, -27, -128, -119, -73]
[119, -128, -42, -116, 39, 127, 115, 89]
[-121, 115, -2, 108, -53, -128, -108, -94]
[33, 55, -17, 108, 97, -31, -99, 84]
[127, -95, -52, -65, 94, 119, 66, 127]
[127, -77, -53, -39, 109, 102, 42, 127]
[-124, 41, 69, 26, -118, -93, -33, -128]
[118, -53, -58, -18, 119, 82, 15, 127]
[-110, 55, 26, -10, -120, -73, 15, -128]
[108, 0, -56, 32, 121, 61, -34, 127]
[5, 87, -20, 127, 80, -57, -119, 59]
[82, -47, -58, 57, 119, 32, -45, 125]
[-71, 22, 45, -78, -115, -20, 50, -111]
[55, 4, -31, 94, 111, -3, -87, 105]
[-43, -43, 57, -100, -104, 21, 104, -81]
[10, 25, -56, 117, 90, -37, -112, 72]
[-18, 54, -28, 127, 66, -69, -112, 47]
[-115, 127, 62, 115, -45, -128, -112, -93]
[-39, 84, 104, 127, 38, -103, -125, 21]
[67, -24, 2, -128, -28, 111, 127, 7]
[-82, 92, 17, 127, 9, -118, -128, -23]
[-108, 118, 14, 127, -25, -128, -122, -75]
[122, -124, -66, -119, 43, 127, 118, 89]
[-50, -22, 67, -96, -104, 18, 81, -87]
[123, -105, -89, -93, 70, 127, 91, 110]
[-128, 82, 35, 74, -84, -123, -82, -117]
[-128, 71, 88, 53, -99, -110, -57, -128]
[-126, 78, 45, 26, -119, -93, -32, -128]
[-61, -64, 9, -91, -105, 10, 90, -90]
[-110, 61, 34, 4, -121, -78, -8, -128]
[-89, 103, 52, 127, -2, -120, -128, -33]
[85, -18, -58, 66, 122, 35, -46, 127]
[-72, 40, 33, -84, -117, -13, 60, -115]
[48, 0, 20, 89, 109, -6, -60, 105]
[127, -128, -84, -87, 67, 127, 93, 110]
[-14, -12, 1, -122, -87, 45, 114, -56]
[-7, 35, -43, 127, 70, -67, -128, 52]
[26, -42, 0, -128, -60, 79, 123, -31]
[-122, 87, 31, 25, -113, -92, -21, -128]
[27, -121, -22, -128, -37, 104, 127, -17]
[-63, 81, 50, 127, 15, -113, -128, -7]
[-96, 99, 22, 127, -3, -121, -128, -42]
[101, -119, -49, -128, 19, 127, 123, 76]
[-31, 127, -12, 127, 51, -98, -128, 25]
[119, -111, 23, -113, 54, 127, 104, 90]
[-122, 101, 52, 98, -65, -128, -93, -94]
[124, -102, -55, -88, 68, 126, 87, 112]
[-128, 106, 40, 75, -86, -119, -77, -120]
[126, -110, -68, -64, 87, 118, 68, 127]
[127, -102, -83, -31, 119, 99, 33, 127]
[-119, 106, 85, 20, -122, -89, -19, -128]
[-100, 29, -11, -18, -116, -63, 10, -128]
[98, -17, -7, 40, 122, 52, -28, 127]
[-85, -7, 87, -53, -120, -35, 41, -122]
[78, 2, -26, 70, 118, 20, -56, 121]
[-65, -24, 7, -88, -112, -8, 75, -105]
[50, 95, -30, 92, 105, -12, -84, 101]
[-37, -30, 22, -100, -101, 18, 83, -82]
[43, 36, -51, 113, 91, -34, -103, 81]
[-17, 99, 8, 127, 65, -78, -120, 47]
[15, -128, 32, -128, -51, 91, 127, -30]
[-87, 42, 9, 127, -4, -118, -128, -32]
[86, -4, 11, 54, 116, 38, -44, 127]
[-115, 127, 56, 125, -20, -127, -121, -73]
[117, -111, -41, -119, 46, 127, 109, 91]
[-78, -10, 58, -94, -105, 17, 113, -89]
[126, -89, -26, -92, 70, 127, 92, 109]
[-128, 73, 88, 79, -79, -122, -81, -114]
[127, -91, -59, -70, 84, 119, 74, 127]
[-128, 119, 84, 63, -98, -113, -67, -127]
[127, -81, -81, -48, 104, 109, 51, 127]
[-127, 97, 47, 29, -114, -101, -39, -128]
[124, -91, -70, -100, 58, 127, 98, 102]
[-114, 44, 66, 10, -120, -80, -3, -128]
[-84, 127, 48, 127, 0, -117, -128, -37]
[62, -6, -53, 67, 118, 33, -44, 127]
[-77, -13, 83, -56, -113, -32, 43, -112]
[77, 9, -59, 67, 109, 18, -92, 110]
[-57, -58, 38, -97, -112, 1, 74, -100]
[55, 71, -26, 95, 107, -9, -77, 98]
[-32, -21, 62, -111, -98, 31, 112, -76]
[19, 42, -36, 123, 90, -40, -112, 75]
[-10, -44, 4, -125, -84, 50, 122, -57]
[21, -72, -6, -126, -61, 68, 111, -38]
[-35, 98, -13, 127, 50, -91, -128, 26]
[34, -128, -42, -128, -42, 105, 127, -16]
[-73, 72, -1, 127, 28, -115, -128, -1]
[87, -96, -58, -128, -14, 118, 127, 37]
[122, -109, -48, -125, 32, 127, 119, 93]
[-128, 123, 32, 113, -43, -128, -106, -86]
[-127, 57, 42, 82, -78, -127, -93, -109]
[127, -92, -27, -65, 87, 122, 77, 127]
[-128, 118, 75, 53, -98, -114, -62, -128]
[127, -110, -40, -43, 106, 105, 51, 127]
[-121, 56, 38, 29, -113, -93, -33, -128]
[-53, -32, 8, -96, -102, 18, 87, -87]
[-113, 60, 56, 1, -113, -74, -7, -128]
[105, -11, -18, 28, 119, 59, -21, 127]
[-98, 30, 39, -31, -120, -53, 21, -128]
[102, -13, -109, 38, 117, 49, -7, 127]
[-90, 55, 63, -52, -117, -38, 35, -118]
[81, -21, -76, 65, 114, 26, -49, 119]
[-70, -33, 42, -84, -118, -12, 59, -106]
[57, 41, 13, 94, 109, -2, -81, 102]
[127, -118, -52, -90, 69, 127, 98, 115]
[37, 20, 36, 115, 91, -35, -83, 80]
[-13, -47, 21, -125, -87, 47, 112, -60]
[-128, 102, 68, 53, -96, -108, -62, -128]
[126, -78, -69, -33, 113, 98, 37, 127]
[-43, 125, 33, 127, 52, -101, -128, 26]
[110, -19, -74, -19, 113, 80, 9, 127]
[-63, 99, 23, 127, 18, -111, -122, -4]
[81, -79, -6, -128, -12, 115, 127, 35]
[-97, 54, 104, -40, -124, -51, 32, -128]
[90, -118, 9, -128, 9, 126, 124, 61]
[-111, 102, 14, 124, -23, -128, -120, -66]
[76, -5, -18, 76, 113, 13, -63, 111]
[-112, 121, 54, 112, -45, -128, -103, -94]
[120, -89, -20, -104, 54, 127, 100, 93]
[-21, -77, 15, -110, -97, 31, 106, -72]
[127, -116, 2, -80, 78, 125, 82, 127]
[-128, 80, 64, 65, -91, -119, -71, -128]
[-128, 62, -68, 43, -109, -104, -51, -128]
[123, -80, -19, -28, 107, 97, 37, 127]
[-119, 72, 102, 21, -119, -88, -23, -128]
[-31, -59, -5, -107, -101, 25, 104, -75]
[-101, 48, 12, -23, -120, -65, 18, -128]
[92, -17, -39, 50, 124, 49, -48, 127]
[-25, 106, -1, 127, 64, -80, -120, 40]
[61, 7, 7, 89, 115, 5, -61, 114]
[-54, 4, 20, -92, -108, 8, 82, -99]
[66, -72, 33, -128, -26, 111, 127, 11]
[-26, -74, 0, -113, -92, 31, 92, -70]
[14, 106, -5, 122, 86, -46, -111, 70]
[125, -92, -68, -55, 95, 112, 64, 127]
[22, -113, 27, -128, -53, 91, 127, -25]
[-122, 61, -3, 12, -119, -84, 8, -128]
[76, -105, -28, -128, -24, 115, 127, 17]
[-76, 94, -28, 127, 9, -114, -128, -30]
[88, 10, -45, 57, 119, 39, -44, 127]
[-115, 127, 60, 123, -27, -128, -120, -76]
[112, -121, -42, -118, 41, 127, 112, 89]
[-54, -28, -26, -96, -105, 15, 91, -87]
[-110, 45, 48, -10, -120, -71, 8, -128]
[-128, 122, 57, 75, -80, -124, -86, -121]
[0, 89, -21, 126, 76, -56, -117, 55]
[-122, 96, 37, 49, -98, -109, -67, -128]
[126, -80, -12, -43, 103, 106, 53, 127]
[-126, 88, 48, 29, -109, -99, -44, -128]
[120, -76, -60, -23, 110, 92, 33, 127]
[-121, 59, 62, 13, -118, -84, -7, -128]
[-81, 96, 3, 127, 13, -117, -128, -21]
[-108, 55, 40, -29, -122, -62, 17, -128]
[91, -54, -45, 48, 121, 45, -36, 127]
[87, -112, -89, -120, 28, 127, 116, 86]
[76, 29, -10, 79, 111, 16, -55, 113]
[-57, -28, 16, -91, -109, -2, 86, -99]
[-124, 101, 60, 88, -73, -128, -94, -106]
[-49, -69, 50, -109, -97, 30, 104, -71]
[17, 23, -67, 123, 89, -38, -112, 74]
[127, -88, -1, -61, 96, 116, 64, 127]
[2, 84, 15, 127, 70, -63, -122, 53]
[29, -91, -3, -128, -60, 83, 125, -28]
[-125, 64, 127, 25, -119, -94, -24, -128]
[47, -88, 15, -128, -38, 107, 127, -5]
[-65, 86, 52, 127, 22, -113, -128, -10]
[92, -106, -101, -128, -5, 119, 127, 50]
[-116, 117, 65, 127, -23, -126, -128, -68]
[120, -99, -66, -125, 43, 127, 117, 89]
[-128, 75, 16, 110, -57, -128, -107, -89]
[124, -89, -20, -91, 68, 127, 81, 108]
[-126, 100, -102, 70, -83, -122, -77, -123]
[127, -86, 61, -57, 97, 114, 67, 127]
[81, -12, -41, 56, 117, 32, -42, 118]
[127, -73, -128, -42, 99, 102, 46, 127]
[-128, 51, 47, 22, -117, -94, -36, -128]
[-58, 126, 19, 127, 30, -112, -128, 6]
[-110, 46, 62, -5, -122, -73, 6, -128]
[101, 44, 2, 34, 124, 60, -26, 127]
[106, -128, -62, -127, 29, 127, 102, 79]
[78, -15, -77, 61, 115, 30, -43, 121]
[-64, -17, 12, -83, -111, -13, 61, -106]
[59, 53, -10, 94, 106, -10, -78, 100]
[-55, -71, 28, -97, -102, 17, 92, -84]
[42, 28, -61, 107, 94, -29, -116, 86]
[126, -89, -68, -77, 81, 121, 78, 123]
[1, 48, 63, 123, 81, -46, -105, 69]
[-30, -128, -9, -128, -75, 70, 125, -43]
[127, -87, -22, -54, 103, 111, 52, 127]
[49, -69, 1, -128, -56, 84, 127, -25]
[-36, 109, 50, 127, 44, -96, -128, 17]
[115, 63, -80, 0, 120, 76, -4, 127]
[-62, 127, -52, 127, 17, -116, -128, -15]
[77, -128, 24, -128, -6, 118, 127, 40]
[-92, 60, 14, 127, -2, -120, -124, -37]
[-111, 99, 33, 122, -23, -128, -117, -59]
[81, 50, -14, 63, 115, 29, -59, 113]
[-111, 119, 12, 113, -35, -128, -116, -87]
[120, -113, -37, -110, 42, 127, 118, 96]
[126, -78, -47, -18, 116, 89, 35, 127]
[125, -127, -46, -102, 64, 127, 102, 108]
[-128, 115, 30, 89, -66, -127, -98, -113]
[10, 36, 1, 121, 86, -43, -113, 74]
[97, -17, -50, 41, 120, 49, -28, 127]
[127, -57, -73, -54, 102, 113, 60, 127]
[-119, 127, 18, 109, -59, -128, -107, -92]
[117, -73, -61, -16, 119, 87, 14, 127]
[-104, -32, 55, -11, -122, -73, 8, -128]
[96, -19, -54, 40, 117, 56, -27, 127]
[-80, 11, 31, -67, -113, -25, 46, -120]
[64, 73, -25, 90, 109, 2, -69, 113]
[116, -110, -18, -98, 55, 127, 97, 96]
[50, 56, 2, 92, 99, -16, -86, 96]
[-56, -91, 33, -108, -96, 30, 96, -75]
[14, 44, -1, 118, 88, -40, -102, 76]
[10, 104, -10, 127, 79, -56, -95, 61]
[19, 1, 32, -126, -71, 68, 115, -41]
[-77, 44, -27, 127, 56, -86, -128, 29]
[55, -128, -5, -128, -42, 96, 127, -19]
[-49, 127, 1, 127, 22, -114, -128, 1]
[101, -36, -24, 28, 117, 61, -10, 127]
[-85, 103, 30, 127, -5, -118, -105, -43]
[119, -64, -51, -125, 17, 125, 115, 75]
[-111, 119, 19, 121, -38, -128, -118, -91]
[121, -128, -56, -113, 47, 127, 110, 92]
[-122, 102, 28, 102, -54, -128, -106, -92]
[121, -128, -52, -89, 69, 127, 90, 114]
[-122, 118, 64, 74, -79, -123, -89, -119]
[127, -114, -79, -67, 90, 120, 73, 127]
[-128, 92, 74, 58, -97, -112, -61, -128]
[122, -96, -12, -48, 105, 109, 52, 127]
[-121, 68, 15, 36, -107, -100, -46, -128]
[121, -75, -18, -28, 108, 95, 32, 127]
[-114, 92, 39, 17, -119, -87, -16, -128]
[110, -82, -54, -3, 115, 76, -21, 127]
[-105, 54, 11, -23, -122, -65, 15, -128]
[98, -1, -41, 32, 121, 56, -30, 127]
[-94, 26, 41, -41, -119, -51, 40, -124]
[85, 41, 3, 61, 115, 32, -43, 123]
[-70, 9, 27, -67, -112, -23, 47, -107]
[65, -24, -46, 75, 109, 12, -63, 106]
[127, -90, -37, -103, 60, 127, 109, 96]
[-123, 115, 84, 94, -67, -128, -108, -106]
[-34, -42, 35, -108, -98, 28, 94, -77]
[-128, 105, 30, 77, -81, -121, -84, -119]
[-12, -105, 28, -120, -85, 46, 115, -61]
[0, 118, -8, 127, 74, -60, -109, 55]
[127, -76, -51, -39, 103, 105, 53, 127]
[48, -21, -51, -128, -41, 97, 127, -17]
[-116, -14, 25, -4, -117, -77, -8, -128]
[-111, 71, -28, 127, -2, -117, -128, -35]
[85, 87, -18, 62, 121, 41, -26, 127]
[-102, 127, 30, 126, -16, -127, -118, -70]
[121, -118, -112, -118, 29, 127, 116, 89]
[-59, -22, 3, -88, -110, -4, 74, -98]
[127, -127, -47, -103, 54, 127, 105, 100]
[-128, 126, 44, 91, -77, -128, -97, -107]
[127, -40, -10, -80, 77, 126, 89, 126]
[-128, 47, 14, 70, -85, -119, -74, -127]
[127, -106, -49, -61, 94, 113, 62, 127]
[-126, 77, 21, 50, -102, -109, -54, -127]
[127, -101, -83, -45, 105, 107, 48, 127]
[-125, 73, 75, 30, -109, -99, -29, -128]
[126, -42, -44, -19, 115, 92, 19, 127]
[41, 31, -5, 103, 101, -19, -92, 94]
[111, -45, -26, 10, 125, 71, 34, 127]
[-101, 38, 57, -22, -124, -61, 10, -128]
[-93, 118, 14, 127, -12, -124, -127, -53]
[80, -35, -48, 58, 114, 29, -51, 118]
[118, -93, -37, -113, 40, 127, 120, 92]
[-125, 91, 40, 106, -49, -128, -111, -97]
[-49, -3, 15, -96, -106, 0, 71, -96]
[-120, 118, 75, 93, -63, -128, -90, -106]
[-45, -30, 49, -106, -98, 24, 93, -81]
[21, 49, 6, 115, 92, -32, -111, 86]
[-8, -35, 18, -122, -87, 46, 103, -64]
[-7, 53, 18, 127, 77, -57, -114, 59]
[16, -128, -7, -128, -64, 80, 127, -32]
[-33, 55, 17, 127, 49, -93, -118, 26]
[40, -91, 3, -128, -41, 99, 125, -11]
[-46, 115, -76, 127, 24, -109, -128, 3]
[-69, 119, 7, 127, 15, -113, -128, -12]
[76, -117, 5, -128, -5, 120, 126, 35]
[-104, -8, 93, -33, -125, -51, 39, -127]
[-103, 84, 45, 126, -13, -128, -123, -58]
[68, -43, -4, 77, 115, 22, -61, 114]
[-116, 102, 29, 115, -34, -128, -117, -96]
[114, -117, -39, -109, 47, 127, 112, 92]
[-51, -30, 8, -98, -104, 13, 88, -87]
[119, -110, -32, -95, 62, 125, 96, 107]
[-128, 127, 84, 89, -74, -123, -92, -110]
[23, 44, -88, 118, 86, -42, -111, 81]
[-128, 102, 19, 78, -79, -121, -75, -118]
[127, -69, -58, -70, 94, 121, 74, 127]
[5, -89, -30, -128, -73, 66, 126, -44]
[125, -101, -128, -53, 98, 115, 64, 127]
[-128, 40, 38, 40, -109, -106, -31, -128]
[-44, 90, 24, 127, 40, -94, -128, 17]
[-122, 22, 38, 19, -116, -89, -29, -128]
[115, -59, -18, -1, 117, 78, 3, 127]
[-104, -11, 42, -14, -119, -68, 17, -128]
[110, -15, -9, 19, 116, 61, -17, 127]
[-105, 31, 23, -16, -113, -58, 9, -127]
[100, -27, 60, 26, 118, 53, -29, 127]
[-70, 96, 22, 127, -9, -125, -126, -36]
[91, 27, -65, 42, 117, 43, -50, 126]
[-85, 47, 87, -57, -119, -37, 54, -114]
[80, 49, 45, 63, 120, 34, -43, 116]
[-70, 4, 20, -73, -113, -24, 52, -103]
[65, 24, -90, 85, 110, 13, -43, 105]
[124, -84, -43, -103, 54, 127, 115, 107]
[-36, -22, -11, -110, -101, 27, 83, -79]
[-21, -105, 12, -116, -89, 41, 105, -69]
[-126, 74, 85, 75, -78, -118, -71, -112]
[3, 38, -22, 119, 75, -55, -125, 59]
[13, -100, 17, -126, -74, 67, 118, -40]
[-14, 81, 17, 127, 70, -70, -128, 41]
[27, -93, -3, -128, -65, 73, 117, -24]
[-35, 113, -4, 127, 54, -84, -128, 21]
[121, -61, -46, -17, 121, 85, 11, 127]
[75, -115, -20, -128, -16, 118, 127, 36]
[-96, 49, 35, -32, -118, -55, 20, -127]
[90, -38, -73, 48, 117, 47, -42, 126]
[-102, 111, 49, 124, -17, -126, -120, -52]
[102, -128, -12, -120, 20, 127, 119, 73]
[-114, 127, 63, 116, -33, -128, -117, -83]
[-118, 72, 10, 108, -37, -128, -121, -94]
[122, -109, -55, -106, 45, 127, 114, 99]
[-128, 124, 11, 103, -51, -128, -108, -102]
[55, 5, -3, 101, 104, -10, -76, 99]
[-128, 125, 99, 99, -60, -128, -101, -104]
[127, -104, -48, -93, 65, 127, 92, 116]
[127, -99, -127, -90, 72, 124, 91, 117]
[-120, 92, 61, 85, -76, -123, -86, -109]
[127, -105, -50, -75, 82, 122, 70, 127]
[-128, 46, 69, 69, -90, -120, -67, -122]
[127, -91, -22, -59, 92, 116, 57, 127]
[24, -54, 3, -128, -62, 75, 127, -26]
[-121, 70, 45, 26, -114, -95, -8, -128]
[-110, 96, 44, 6, -116, -78, -10, -128]
[111, -12, -2, 18, 125, 67, 17, 127]
[-106, 28, -33, -19, -119, -59, 8, -128]
[94, -86, -21, 32, 115, 51, -48, 127]
[79, -24, -72, 55, 117, 33, -50, 121]
[-73, -69, 32, -67, -118, -31, 71, -106]
[68, 25, -16, 84, 117, 17, -66, 107]
[-63, 6, 72, -92, -111, -11, 65, -98]
[57, 31, 40, 97, 105, 2, -83, 99]
[-49, -3, 69, -100, -103, 5, 95, -94]
[43, 106, -8, 109, 99, -18, -68, 96]
[-43, -74, -68, -115, -96, 34, 94, -78]
[-128, 111, 56, 78, -83, -122, -78, -119]
[-9, -122, -77, -127, -86, 49, 110, -62]
[-128, 76, -6, 60, -98, -114, -59, -123]
[-22, 51, 20, 127, 59, -82, -124, 29]
[31, -83, 24, -128, -53, 83, 127, -18]
[-55, 36, 15, 127, 46, -95, -128, 14]
[52, -113, -11, -128, -34, 104, 127, 1]
[-115, 63, 52, 10, -112, -77, -21, -128]
[63, -56, 44, -128, -27, 107, 127, 7]
[-66, 127, 17, 127, 17, -116, -128, -5]
[44, -109, -49, -128, -18, 119, 127, 15]
[-44, 127, 27, 127, 15, -115, -124, -1]
[61, -128, -12, -128, -15, 116, 124, 13]
[-112, 6, 53, -15, -120, -61, 15, -128]
[75, -115, -21, -128, -14, 123, 127, 29]
[-80, 90, 1, 127, 5, -123, -128, -25]
[-111, 106, 24, 126, -23, -128, -128, -73]
[119, -94, -26, -120, 26, 127, 123, 89]
[34, -108, -13, -128, -54, 85, 119, -23]
[117, -128, -88, -106, 50, 127, 105, 91]
[127, -128, -57, -85, 68, 127, 85, 122]
[-128, 105, 59, 71, -85, -123, -79, -128]
[127, -113, -62, -64, 89, 116, 68, 127]
[-128, 91, 27, 49, -101, -109, -60, -128]
[127, -83, -126, -46, 102, 106, 54, 127]
[-118, 58, 89, 31, -106, -97, -36, -128]
[-49, 69, -21, 127, 31, -103, -128, 10]
[-118, 31, 87, 4, -121, -79, -11, -128]
[103, -76, -46, 40, 121, 58, 10, 127]
[-86, 3, 51, -89, -125, -24, 47, -128]
[69, 83, -80, 97, 111, -5, -81, 115]
[-29, -38, 80, -103, -96, 26, 94, -75]
[14, 65, -29, 118, 83, -47, -120, 63]
