[-63, 94, 20, 110, 19, -89, -108, -37]
[-43, -6, 14, -60, -72, -3, 55, -62]
[56, 20, -19, 87, 99, 4, -66, 87]
[-43, -13, 20, -91, -96, 1, 69, -77]
[63, 16, -33, 89, 111, 7, -73, 99]
[77, -104, -6, -102, 12, 107, 98, 53]
[27, 40, -12, 84, 60, -33, -76, 55]
[-35, -56, -2, -110, -90, 36, 98, -71]
[-128, 106, 29, 90, -75, -128, -81, -118]
[-40, -63, 9, -124, -98, 37, 102, -82]
[-128, 111, 20, 99, -61, -128, -92, -110]
[127, -120, -36, -103, 46, 127, 93, 113]
[50, 36, 0, 107, 101, -18, -86, 99]
[-59, -42, 14, -102, -104, 16, 90, -95]
[9, 17, -31, 100, 98, -14, -86, 98]
[-45, -54, 1, -102, -103, 9, 82, -98]
[51, 38, -2, 101, 97, -21, -88, 96]
[-43, -43, 22, -102, -90, 25, 95, -88]
[113, -46, -39, 3, 108, 68, -7, 127]
[-35, -36, 25, -105, -96, 33, 100, -84]
[49, 50, -13, 107, 93, -32, -95, 89]
[127, -85, -28, -88, 65, 122, 82, 112]
[44, 64, -25, 108, 89, -36, -98, 85]
[-28, -83, 22, -102, -91, 36, 100, -76]
[33, 65, -13, 112, 92, -41, -106, 77]
[24, 79, -7, 116, 87, -46, -113, 68]
[115, -97, -52, -67, 82, 121, 67, 122]
[-12, -81, 0, -118, -80, 51, 117, -50]
[5, -90, 2, -128, -72, 63, 124, -35]
[-9, 84, -10, 127, 69, -67, -123, 36]
[127, -82, -33, -43, 90, 106, 48, 127]
[-28, 83, 12, 127, 63, -76, -126, 23]
[25, -89, -11, -128, -55, 84, 127, -14]
[-124, 43, 57, 20, -105, -91, -29, -128]
[37, -103, -14, -128, -43, 101, 127, -10]
[120, -121, -29, -101, 49, 126, 100, 102]
[115, -59, -35, -10, 106, 74, 5, 127]
[-54, 115, 12, 127, 23, -113, -127, 3]
[56, -119, -23, -128, -30, 109, 125, 11]
[-114, 26, 32, -10, -116, -67, 10, -128]
[112, -44, -20, 14, 107, 63, -13, 127]
[-72, 121, 18, 127, 12, -121, -127, -21]
[103, -15, -48, 19, 121, 60, -22, 127]
[-77, 118, 25, 127, 5, -125, -127, -32]
[83, -110, -11, -128, -7, 121, 122, 42]
[-99, 17, 35, -34, -112, -52, 36, -118]
[92, -124, -15, -125, 0, 124, 125, 56]
[-89, 121, 34, 123, -6, -127, -122, -56]
[90, -10, -27, 54, 111, 39, -48, 119]
[-105, 116, 19, 119, -14, -127, -121, -68]
[102, -125, -25, -118, 14, 126, 120, 82]
[-102, 120, 14, 115, -16, -124, -119, -77]
[118, -115, -27, -114, 22, 124, 118, 91]
[-73, -19, 46, -65, -109, -22, 58, -100]
[121, -112, -24, -111, 35, 127, 114, 98]
[-114, 125, 15, 107, -39, -128, -113, -101]
[-117, 97, 23, 108, -39, -126, -108, -104]
[-126, 57, 34, 14, -109, -89, -24, -128]
[-60, -20, 28, -99, -106, 5, 79, -98]
[120, -123, -25, -101, 46, 127, 99, 104]
[-120, 112, 40, 99, -45, -126, -93, -103]
[49, 54, -6, 115, 99, -28, -99, 92]
[127, -98, -52, -84, 63, 124, 77, 124]
[-128, 104, 29, 70, -79, -122, -71, -120]
[127, -95, -44, -63, 86, 117, 62, 127]
[127, -83, -37, -43, 94, 104, 44, 127]
[31, -105, -12, -128, -51, 90, 127, -15]
[-121, 56, 39, 11, -112, -81, -11, -128]
[116, -41, -38, 8, 113, 71, -3, 127]
[96, -6, -51, 28, 111, 53, -28, 127]
[-90, 2, 33, -46, -115, -42, 40, -120]
[83, -6, -38, 59, 114, 30, -51, 120]
[-76, -34, 20, -70, -108, -18, 62, -103]
[65, 25, -22, 84, 108, 8, -71, 101]
[-63, -40, 28, -95, -106, -1, 78, -94]
[53, 35, -28, 97, 97, -16, -91, 97]
[35, 62, -11, 116, 94, -31, -104, 85]
[-26, -59, 9, -118, -86, 43, 109, -66]
[11, 69, 6, 122, 81, -51, -115, 65]
[-85, 13, 32, -56, -115, -35, 47, -111]
[-5, 87, 0, 127, 65, -70, -121, 41]
[-113, 116, 35, 114, -34, -128, -114, -91]
[-26, 104, 6, 127, 56, -88, -128, 17]
[39, -97, -9, -128, -48, 93, 127, -12]
[51, 54, -12, 98, 102, -16, -89, 97]
[-127, 117, 6, 89, -54, -127, -91, -109]
[-60, 117, 25, 127, 26, -116, -128, -7]
[-74, 119, 21, 127, 8, -120, -126, -24]
[83, -124, -34, -128, -3, 123, 125, 49]
[108, -122, -44, -123, 8, 127, 122, 78]
[-106, 114, 35, 119, -13, -128, -120, -82]
[110, -119, -33, -112, 21, 127, 115, 93]
[-122, 116, 35, 107, -42, -128, -108, -99]
[125, -113, -31, -103, 48, 127, 102, 105]
[-52, -42, 16, -110, -98, 21, 92, -79]
[127, -96, -35, -87, 62, 126, 87, 122]
[-128, 105, 37, 84, -67, -122, -80, -115]
[-128, 94, 25, 66, -82, -120, -66, -122]
[127, -91, -32, -63, 85, 116, 59, 127]
[-128, 88, 38, 55, -93, -113, -55, -128]
[127, -82, -22, -49, 102, 111, 51, 127]
[-126, 75, 21, 40, -91, -105, -48, -128]
[123, -81, -37, -32, 97, 100, 40, 127]
[38, -120, -8, -128, -50, 94, 127, -10]
[124, -72, -13, -17, 103, 89, 22, 127]
[52, -106, -19, -128, -35, 103, 127, 5]
[122, -51, -29, -12, 103, 76, 9, 127]
[-119, 47, 28, 1, -107, -73, -5, -128]
[52, 54, -6, 109, 96, -28, -92, 95]
[-98, 32, 41, -25, -111, -56, 27, -123]
[97, -21, -44, 30, 113, 54, -32, 127]
[-94, 12, 32, -42, -116, -53, 39, -116]
[-86, -9, 16, -54, -115, -37, 48, -109]
[78, 4, -43, 59, 110, 30, -53, 114]
[-73, -8, 32, -77, -112, -20, 63, -102]
[72, 14, -26, 82, 109, 13, -67, 104]
[-63, -41, -3, -97, -108, -8, 71, -96]
[56, 34, -22, 97, 106, -4, -78, 99]
[-63, -32, 14, -98, -102, 11, 83, -92]
[54, 52, -2, 102, 97, -23, -90, 97]
[-34, -46, 13, -103, -96, 26, 92, -83]
[35, 55, -13, 111, 93, -31, -98, 90]
[-35, -61, 9, -113, -95, 37, 101, -74]
[29, 59, -5, 115, 87, -41, -106, 78]
[-11, -59, 3, -118, -87, 44, 110, -61]
[15, 68, -16, 116, 81, -51, -117, 61]
[-12, -85, 8, -121, -79, 61, 121, -43]
[-5, 74, 8, 126, 73, -62, -120, 46]
[-1, -86, 9, -122, -72, 59, 121, -32]
[-13, 88, -3, 127, 68, -71, -123, 34]
[-29, 87, -1, 127, 57, -79, -126, 21]
[33, -96, 3, -128, -54, 84, 127, -12]
[122, -119, -20, -108, 39, 127, 109, 98]
[38, -114, -21, -128, -43, 95, 127, -10]
[-45, 90, 20, 127, 40, -99, -128, 10]
[-125, 117, 42, 95, -59, -128, -93, -106]
[-59, 120, 17, 127, 28, -112, -127, -3]
[63, -125, -19, -128, -26, 117, 125, 24]
[-74, 122, 24, 127, 20, -116, -125, -15]
[76, -115, -23, -128, -15, 118, 123, 33]
[-74, 122, 33, 127, 12, -121, -125, -31]
[89, -122, -30, -128, -6, 122, 124, 53]
[-103, 119, 20, 126, -5, -125, -123, -55]
[101, -115, -29, -123, 5, 127, 122, 77]
[-79, -20, 17, -66, -114, -31, 54, -105]
[112, -120, -38, -114, 23, 127, 118, 94]
[-102, 118, 38, 110, -31, -128, -113, -97]
[60, 14, -23, 93, 105, 4, -74, 100]
[-123, 115, 35, 103, -37, -128, -106, -102]
[122, -116, -41, -104, 40, 127, 100, 107]
[-50, -42, 18, -103, -100, 17, 89, -86]
[122, -115, -64, -94, 56, 125, 90, 115]
[-128, 89, 41, 90, -57, -125, -84, -110]
[32, 62, -17, 113, 94, -37, -106, 81]
[-128, 105, 38, 78, -75, -122, -75, -117]
[127, -91, -47, -74, 75, 122, 70, 127]
[-128, 97, 42, 65, -84, -120, -64, -121]
[-88, 4, 23, -48, -111, -36, 42, -112]
[-128, 92, 54, 56, -89, -112, -55, -128]
[127, -81, -36, -43, 91, 108, 50, 127]
[126, -78, -44, -31, 102, 98, 34, 127]
[120, -53, -35, -14, 108, 83, 15, 127]
[-120, 47, 30, 0, -115, -78, -7, -128]
[115, -45, -29, 11, 113, 67, -8, 127]
[-106, 39, 31, -15, -113, -60, 16, -128]
[100, -24, -11, 37, 108, 53, -31, 127]
[-98, 0, 28, -43, -115, -45, 38, -119]
[-102, 123, 16, 120, -12, -128, -119, -66]
[-82, 7, 22, -61, -113, -35, 49, -106]
[78, -2, -36, 67, 111, 26, -58, 110]
[115, -126, -44, -108, 30, 127, 113, 95]
[58, 24, -9, 87, 107, 6, -72, 101]
[-59, -24, 16, -100, -105, 1, 78, -95]
[55, 29, -17, 99, 100, -13, -84, 99]
[34, 45, -12, 114, 98, -29, -97, 89]
[127, -106, -48, -76, 73, 123, 75, 126]
[22, 67, -9, 118, 84, -45, -114, 72]
[-39, -65, -4, -119, -83, 52, 116, -52]
[15, 79, 6, 120, 73, -59, -118, 53]
[7, -81, -17, -128, -73, 66, 123, -33]
[-11, 75, 5, 127, 69, -70, -123, 33]
[127, -63, -48, -32, 98, 99, 36, 127]
[-21, 105, 2, 127, 50, -86, -128, 15]
[37, -89, 8, -128, -50, 92, 127, -12]
[-119, 59, 43, 14, -101, -83, -16, -128]
[-53, 101, 21, 127, 31, -109, -126, 3]
[118, -41, -41, 6, 115, 68, -4, 127]
[-67, 116, 18, 127, 25, -116, -127, -10]
[76, -115, -33, -128, -15, 119, 125, 28]
[-101, 25, 32, -26, -114, -57, 28, -124]
[79, -117, -31, -128, -9, 125, 126, 49]
[-76, 120, 38, 127, 4, -124, -124, -46]
[86, -9, -29, 50, 113, 41, -45, 119]
[-96, 120, 43, 120, -12, -128, -120, -68]
[109, -120, -21, -117, 14, 127, 119, 85]
[-74, -16, 32, -80, -109, -19, 66, -102]
[117, -121, -44, -111, 29, 127, 113, 97]
[-119, 115, 38, 107, -39, -128, -108, -100]
[55, 24, -29, 97, 101, -8, -80, 98]
[-120, 109, 36, 97, -49, -125, -96, -103]
[127, -110, -27, -96, 47, 125, 91, 114]
[-128, 109, 39, 90, -56, -126, -86, -109]
[127, -101, -32, -88, 65, 124, 82, 118]
[46, 79, 4, 117, 91, -38, -103, 84]
[127, -103, -52, -77, 74, 123, 72, 126]
[-128, 94, 44, 68, -78, -122, -68, -122]
[127, -96, -49, -64, 78, 118, 62, 127]
[-128, 92, 33, 54, -87, -114, -58, -123]
[83, -126, -30, -117, 17, 126, 118, 85]
[-127, 84, 24, 45, -94, -109, -51, -128]
[127, -73, -35, -34, 103, 104, 45, 127]
[70, 16, 14, 99, 109, 11, -70, 104]
[127, -72, -47, -22, 101, 92, 24, 127]
[-122, 49, 42, 16, -108, -86, -18, -128]
[-45, 112, 3, 127, 31, -107, -125, 5]
[-119, 49, 48, 6, -103, -75, -6, -128]
[115, -31, -13, 11, 106, 68, -5, 127]
[109, -29, -43, 19, 115, 59, -21, 127]
[-105, 16, 21, -34, -117, -55, 26, -124]
[100, -14, -27, 35, 114, 52, -33, 126]
[-89, 12, 17, -46, -114, -50, 39, -115]
[82, -19, -37, 49, 109, 39, -46, 119]
[-37, 77, -7, 126, 63, -76, -125, 31]
[72, 21, -19, 75, 113, 25, -62, 111]
[-68, -19, 17, -77, -111, -15, 68, -101]
[62, 16, -22, 83, 102, 7, -71, 100]
[-58, -17, 16, -95, -102, -1, 74, -95]
[54, 33, -13, 100, 100, -11, -84, 98]
[126, -109, -45, -99, 48, 126, 92, 115]
[-48, -79, 18, -114, -94, 31, 100, -79]
[-128, 99, 43, 81, -67, -123, -78, -113]
[-27, -68, 15, -115, -83, 43, 110, -67]
[19, 62, 22, 122, 84, -45, -113, 68]
[-26, -74, 4, -123, -81, 52, 117, -49]
[10, -83, 14, -125, -70, 69, 124, -30]
[-126, 68, 53, 36, -97, -103, -43, -128]
[-35, 99, 15, 127, 50, -91, -128, 13]
[122, -52, -57, -16, 102, 84, 18, 127]
[-47, 108, 27, 127, 45, -101, -125, 8]
[16, -122, -24, -128, -36, 106, 125, 8]
[-47, 121, 9, 127, 25, -108, -125, 1]
[-64, 125, 28, 127, 23, -116, -126, -14]
[81, -119, -12, -128, -23, 120, 127, 29]
[-71, 122, 29, 127, 6, -124, -128, -32]
[84, -126, -33, -128, -3, 126, 126, 54]
[-96, 111, 35, 127, -3, -126, -124, -54]
[107, -122, -19, -121, 6, 127, 122, 75]
[-93, 118, 31, 118, -22, -128, -119, -74]
[74, 1, -21, 64, 104, 27, -52, 109]
[-121, 115, 58, 111, -17, -128, -117, -89]
[68, 14, -20, 86, 110, 14, -70, 102]
[-120, 116, 25, 110, -33, -128, -109, -102]
[118, -119, -53, -106, 41, 127, 108, 100]
[-121, 120, 26, 102, -47, -128, -101, -105]
[122, -115, -45, -101, 51, 127, 95, 113]
[127, -111, -58, -87, 61, 124, 82, 119]
[-126, 109, 47, 83, -65, -122, -77, -113]
[21, 65, -15, 113, 85, -44, -110, 71]
[127, -89, -26, -66, 77, 120, 64, 125]
[-128, 90, 43, 65, -75, -119, -64, -118]
[125, -93, -32, -62, 75, 119, 61, 127]
[-128, 86, 31, 58, -83, -116, -59, -126]
[127, -93, -55, -54, 87, 115, 57, 127]
[-127, 88, 30, 48, -92, -112, -55, -128]
[127, -83, -19, -45, 94, 108, 51, 127]
[-128, 78, 38, 38, -95, -102, -48, -128]
[124, -77, -35, -31, 91, 100, 39, 127]
[-125, 68, 18, 27, -95, -96, -38, -128]
[-39, 95, -6, 127, 46, -91, -126, 10]
[-126, 67, 46, 16, -100, -90, -26, -128]
[117, -58, -42, -15, 101, 86, 23, 127]
[49, -106, -7, -128, -36, 104, 127, 0]
[120, -55, -44, -10, 106, 77, 9, 127]
[-116, 51, 22, 2, -108, -76, -8, -128]
[-60, 110, 3, 127, 28, -116, -126, 0]
[-115, 31, 34, -1, -109, -69, 3, -128]
[113, -33, -32, 9, 111, 65, -8, 127]
[70, -128, -3, -128, -21, 122, 126, 33]
[104, -30, -27, 32, 112, 59, -21, 127]
[-102, 37, 36, -27, -114, -57, 25, -122]
[-87, 122, 27, 125, 2, -122, -124, -44]
[-92, 16, 18, -35, -106, -51, 36, -115]
[88, -7, -33, 38, 103, 45, -40, 121]
[102, -120, -36, -122, 4, 125, 121, 71]
[88, -8, -33, 50, 111, 42, -48, 117]
[-82, 2, 30, -55, -111, -31, 50, -108]
[-113, 111, 31, 116, -21, -128, -118, -87]
[-75, -14, 22, -73, -111, -24, 56, -102]
[72, 18, -30, 73, 108, 18, -63, 106]
[116, -114, -33, -108, 29, 125, 111, 98]
[61, 10, -8, 88, 105, 12, -64, 101]
[-63, -24, 22, -90, -103, -5, 69, -96]
[59, 22, -12, 93, 102, 0, -75, 99]
[127, -115, -28, -99, 45, 127, 98, 112]
[51, 60, 10, 108, 95, -23, -90, 96]
[-44, -49, 13, -110, -99, 25, 95, -83]
[47, 57, -14, 107, 96, -29, -94, 90]
[-39, -49, 4, -112, -94, 34, 100, -76]
[26, 74, -6, 109, 87, -38, -104, 79]
[-25, -67, -2, -115, -81, 43, 105, -64]
[16, 59, -11, 118, 83, -49, -116, 63]
[-14, -92, -4, -119, -84, 50, 116, -52]
[3, 75, -9, 120, 76, -56, -119, 53]
[3, -76, 11, -123, -74, 63, 123, -37]
[-10, 80, 9, 121, 66, -65, -121, 41]
[125, -84, -41, -47, 85, 109, 52, 127]
[-5, 97, -6, 127, 68, -68, -123, 31]
[28, -98, -3, -128, -61, 78, 127, -16]
[117, -119, -35, -114, 27, 127, 114, 98]
[44, -114, -18, -128, -51, 86, 127, -14]
[-57, 98, 12, 127, 41, -95, -128, 11]
[119, -45, -33, -1, 103, 79, 10, 127]
[-48, 118, 19, 127, 35, -111, -128, -1]
[66, -112, -23, -128, -25, 112, 123, 18]
[-110, 36, 34, -11, -112, -64, 10, -128]
[74, -117, -12, -128, -18, 117, 123, 25]
[-83, 111, 18, 127, 10, -118, -123, -23]
[105, -19, -40, 29, 113, 54, -33, 127]
[-85, 127, 10, 127, 3, -125, -126, -44]
[82, -119, -18, -124, -1, 126, 125, 61]
[-88, 11, 54, -38, -108, -39, 45, -111]
[90, -111, -28, -119, 7, 125, 121, 74]
[-108, 114, 42, 119, -12, -125, -119, -75]
[78, 3, -28, 73, 107, 19, -62, 109]
[-105, 125, 37, 114, -24, -128, -114, -99]
[116, -120, -41, -110, 24, 125, 112, 97]
[-63, -2, 24, -86, -104, -10, 68, -96]
[121, -116, -8, -105, 39, 124, 106, 100]
[-120, 111, 26, 103, -45, -128, -103, -104]
[122, -122, -47, -102, 41, 127, 98, 109]
[-128, 118, 41, 96, -51, -128, -93, -108]
[127, -108, -20, -91, 54, 127, 88, 119]
[-36, -50, 12, -113, -95, 33, 99, -76]
[124, -109, -38, -84, 57, 123, 79, 119]
[-128, 98, 35, 79, -69, -121, -74, -112]
[17, 92, -5, 116, 78, -51, -116, 60]
[-5, -80, 20, -119, -82, 55, 120, -44]
[120, -88, -50, -59, 82, 117, 59, 127]
[-128, 85, 38, 54, -79, -113, -58, -125]
[127, -91, -34, -52, 81, 112, 53, 127]
[-128, 81, 38, 43, -88, -109, -52, -128]
[127, -77, -20, -38, 95, 105, 48, 127]
[-128, 80, 40, 33, -94, -101, -40, -128]
[127, -69, -44, -27, 101, 95, 31, 127]
[-121, 69, 39, 17, -103, -91, -24, -128]
[119, -56, -39, -17, 100, 84, 21, 127]
[-121, 46, 19, 5, -112, -80, -12, -128]
[119, -34, -60, -6, 99, 75, 3, 127]
[69, -124, -12, -128, -25, 117, 126, 24]
[113, -38, -26, 15, 106, 63, -12, 127]
[-70, 120, 28, 127, 21, -116, -125, -18]
[102, -26, -39, 25, 109, 54, -30, 127]
[94, -7, -32, 34, 109, 51, -37, 122]
[105, -108, -32, -120, 10, 127, 121, 78]
[-77, -17, 18, -71, -112, -28, 55, -105]
[70, 15, -23, 75, 104, 17, -65, 107]
[-68, -17, 13, -87, -108, -15, 69, -98]
[34, 10, -20, 87, 103, 6, -71, 99]
[126, -119, -25, -102, 45, 124, 100, 101]
[57, 47, -15, 100, 101, -10, -84, 98]
[-47, -36, 20, -102, -98, 18, 92, -87]
[-128, 108, 43, 89, -59, -127, -85, -111]
[29, 41, -2, 117, 89, -36, -106, 81]
[-23, -69, 2, -115, -89, 41, 105, -67]
[23, 67, -2, 113, 79, -45, -109, 67]
[-9, -61, 8, -118, -81, 53, 114, -52]
[-128, 83, 75, 65, -74, -119, -61, -123]
[2, -81, -4, -126, -80, 59, 122, -38]
[-12, 94, 5, 127, 68, -71, -124, 36]
[127, -83, -44, -44, 98, 107, 45, 127]
[-27, 75, -1, 126, 54, -79, -126, 23]
[25, -78, -6, -128, -55, 80, 127, -14]
[-33, 87, -6, 127, 51, -86, -126, 11]
[39, -98, 2, -128, -51, 90, 125, -9]
[-38, 100, 2, 127, 51, -90, -126, 9]
[122, -56, -6, -13, 97, 83, 18, 127]
[-45, 108, 14, 127, 37, -100, -127, 9]
[47, -106, -11, -128, -38, 99, 126, 1]
[-118, 41, 24, 2, -105, -77, -4, -128]
[55, -107, -17, -128, -33, 108, 127, 10]
[-55, 123, 19, 127, 26, -115, -128, -9]
[112, -30, -26, 21, 110, 63, -12, 127]
[83, -121, -31, -128, -9, 122, 126, 44]
[126, -98, -21, -66, 71, 119, 65, 125]
[-124, 95, 41, 62, -80, -119, -62, -123]
[-101, 124, 25, 123, -10, -128, -121, -64]
[83, -117, -10, -120, 9, 127, 121, 78]
[-121, 116, 21, 117, -18, -127, -119, -82]
[118, -128, -31, -116, 22, 127, 118, 96]
[-111, 124, 28, 111, -25, -126, -113, -98]
[126, -118, -41, -111, 29, 127, 111, 98]
[-114, 125, 51, 107, -37, -128, -105, -102]
[127, -120, -41, -103, 44, 127, 100, 111]
[-126, 106, 32, 95, -49, -128, -93, -107]
[125, -103, -43, -92, 51, 126, 88, 116]
[-128, 93, 39, 85, -55, -124, -83, -111]
[30, 59, 4, 120, 88, -41, -105, 76]
[-127, 104, 40, 78, -67, -121, -74, -114]
[127, -95, -46, -70, 77, 121, 68, 127]
[-127, 94, 40, 59, -83, -117, -62, -127]
[127, -88, -29, -54, 85, 114, 55, 127]
[-128, 75, 31, 45, -87, -109, -52, -128]
[125, -81, -42, -38, 89, 103, 43, 127]
[-122, 71, 41, 28, -95, -98, -35, -128]
[122, -66, -9, -22, 98, 94, 33, 127]
[45, -91, -30, -128, -48, 94, 127, -8]
[121, -62, -44, -13, 102, 82, 15, 127]
[-121, 51, 30, 9, -103, -80, -12, -128]
[-54, 105, 28, 127, 28, -115, -126, -1]
[66, -115, -22, -128, -23, 117, 125, 25]
[-110, 19, 31, -26, -113, -59, 21, -128]
[103, -21, -36, 22, 106, 55, -25, 127]
[-97, 21, 31, -28, -111, -53, 32, -117]
[-99, 99, 25, 123, -6, -128, -122, -61]
[85, 4, -12, 70, 116, 31, -52, 116]
[118, -115, -35, -115, 21, 127, 116, 95]
[57, 10, -21, 77, 108, 16, -64, 105]
[-63, -21, 22, -84, -105, -10, 66, -97]
[62, 13, -29, 87, 102, 4, -71, 98]
[-57, -29, 18, -91, -99, 0, 72, -95]
[55, 45, -16, 99, 98, -8, -79, 98]
[123, -112, -51, -99, 49, 126, 95, 113]
[-40, -51, 3, -109, -99, 24, 93, -85]
[-128, 105, 35, 89, -57, -125, -83, -108]
[-28, -59, 20, -112, -88, 38, 103, -72]
[16, 71, -15, 116, 88, -44, -108, 72]
[-16, -73, 3, -117, -81, 47, 112, -57]
[22, 66, -6, 118, 79, -51, -117, 60]
[-4, -68, 9, -117, -74, 54, 118, -44]
[10, 79, 1, 118, 70, -54, -118, 49]
[-1, -83, -18, -121, -73, 59, 121, -35]
[-10, 85, -7, 121, 68, -59, -122, 40]
[7, -75, 5, -128, -69, 67, 123, -26]
[-19, 78, -6, 127, 62, -68, -125, 29]
[20, -95, -5, -128, -66, 69, 126, -18]
[-127, 74, 33, 31, -95, -100, -43, -128]
[29, -103, -10, -128, -57, 81, 126, -13]
[-47, 98, 1, 127, 47, -91, -128, 11]
[120, -73, -40, -15, 101, 86, 18, 127]
[-45, 105, -1, 127, 36, -101, -127, 10]
[-53, 118, 23, 127, 33, -113, -126, -1]
[63, -108, -11, -128, -22, 116, 124, 23]
[105, -15, -31, 28, 106, 56, -28, 127]
[-91, 112, 36, 127, 7, -124, -126, -39]
[86, -122, -35, -127, -3, 125, 125, 60]
[-86, 117, 18, 123, 1, -124, -122, -59]
[96, -124, -41, -121, 4, 125, 120, 73]
[103, -126, -35, -115, 16, 124, 118, 91]
[-113, 115, 39, 113, -22, -127, -116, -93]
[117, -115, -26, -112, 24, 126, 114, 98]
[-120, 117, 50, 111, -28, -128, -112, -102]
[-123, 115, 26, 106, -44, -128, -104, -104]
[126, -109, -42, -104, 41, 127, 98, 108]
[127, -109, -56, -94, 51, 126, 90, 115]
[-122, 106, 31, 89, -56, -126, -85, -110]
[121, -105, -40, -85, 56, 125, 81, 119]
[-128, 97, 47, 81, -57, -123, -77, -114]
[127, -96, -49, -66, 74, 120, 64, 126]
[-127, 91, 43, 64, -75, -119, -63, -120]
[-128, 81, 36, 57, -82, -116, -58, -124]
[-128, 82, 52, 49, -88, -112, -54, -128]
[127, -81, -55, -48, 87, 111, 52, 127]
[-24, 104, 34, 127, 58, -79, -126, 16]
[124, -75, -40, -25, 96, 93, 33, 127]
[-123, 70, 40, 20, -97, -90, -30, -128]
[119, -57, -40, -12, 98, 79, 11, 127]
[-119, 46, 27, 6, -108, -78, -8, -128]
[-116, 37, 42, 5, -102, -69, 2, -128]
[-111, 34, 36, -10, -104, -62, 14, -128]
[108, -32, -48, 12, 107, 60, -20, 127]
[98, -22, -31, 29, 110, 56, -29, 127]
[-93, 24, 24, -35, -114, -54, 31, -118]
[93, -14, -34, 37, 112, 47, -38, 123]
[-90, 13, 26, -45, -113, -50, 41, -113]
[108, -120, -38, -118, 12, 127, 120, 88]
[75, 2, -31, 59, 105, 28, -52, 113]
[-72, -14, 23, -68, -105, -19, 58, -102]
[-66, -20, 2, -76, -104, -13, 64, -97]
[61, 21, -12, 85, 102, 8, -67, 99]
[59, 33, -2, 97, 99, -7, -77, 99]
[-56, -47, 9, -102, -103, 7, 78, -98]
[48, 32, -2, 99, 102, -14, -83, 100]
[-51, -27, 19, -103, -93, 16, 84, -91]
[-36, -54, 10, -111, -98, 32, 94, -83]
[-33, -53, 0, -109, -90, 33, 96, -77]
[-121, 100, 57, 83, -65, -122, -79, -107]
[-23, -51, 9, -107, -87, 36, 100, -70]
[-22, -77, 2, -113, -85, 43, 106, -61]
[17, 70, 5, 117, 83, -47, -113, 67]
[-20, -69, 3, -113, -84, 48, 111, -56]
[10, 65, 0, 118, 78, -47, -116, 56]
[-7, -85, 10, -122, -77, 54, 119, -41]
[-6, 78, -3, 126, 73, -63, -123, 44]
[5, -83, -2, -128, -75, 67, 123, -33]
[21, -77, -19, -125, -65, 66, 124, -24]
[-24, 82, 1, 125, 62, -71, -122, 27]
[-128, 64, 34, 30, -97, -97, -40, -128]
[-39, 89, 16, 127, 49, -87, -127, 11]
[-45, 87, 8, 127, 47, -88, -125, 10]
[41, -102, -31, -128, -46, 94, 127, -9]
[49, -113, -23, -128, -39, 102, 126, 2]
[65, -106, -13, -128, -31, 114, 127, 16]
[74, -111, -35, -128, -26, 117, 124, 23]
[-73, 105, 8, 127, 18, -118, -123, -20]
[63, -124, -36, -128, -12, 122, 124, 36]
[-87, 121, 39, 127, 10, -121, -125, -36]
[-83, 117, 25, 125, 2, -124, -125, -47]
[93, -117, -38, -123, 0, 127, 123, 63]
[-119, 112, 23, 117, -1, -124, -120, -61]
[106, -113, -28, -117, 1, 123, 120, 74]
[-102, 120, 37, 118, -11, -128, -120, -74]
[110, -122, -29, -120, 17, 127, 121, 89]
[119, -122, -49, -115, 14, 125, 117, 97]
[-106, 122, 34, 112, -22, -123, -117, -89]
[-120, 122, 25, 108, -27, -128, -111, -103]
[-121, 120, 41, 107, -35, -127, -109, -104]
[117, -119, -38, -105, 33, 126, 107, 102]
[-121, 108, 30, 103, -35, -124, -103, -104]
[56, 33, -3, 103, 102, -7, -81, 100]
[123, -112, -36, -100, 39, 124, 96, 103]
[-53, -49, 0, -104, -101, 21, 84, -91]
[-126, 114, 34, 97, -43, -126, -91, -101]
[43, 50, -6, 110, 95, -26, -92, 93]
[-122, 112, 35, 93, -53, -127, -87, -106]
[-128, 102, 36, 91, -58, -126, -85, -106]
[20, 53, 0, 112, 90, -35, -102, 82]
[-128, 96, 34, 83, -64, -125, -80, -114]
[127, -104, -46, -79, 63, 124, 77, 123]
[124, -97, -57, -73, 67, 121, 70, 124]
[-122, 99, 37, 68, -68, -120, -68, -118]
[-128, 92, 40, 63, -75, -118, -63, -120]
[5, -67, -8, -126, -75, 58, 121, -35]
[-120, 88, 37, 50, -82, -113, -56, -127]
[-7, 95, 14, 124, 71, -61, -121, 38]
[125, -82, -45, -48, 83, 109, 53, 127]
[18, -92, -13, -128, -63, 71, 125, -20]
[127, -84, -50, -45, 89, 106, 50, 127]
[-122, 73, 44, 39, -87, -104, -49, -128]
[-26, 84, 8, 127, 61, -76, -126, 20]
[-128, 74, 51, 38, -89, -100, -47, -128]
[127, -71, -39, -32, 92, 98, 44, 127]
[-126, 72, 21, 26, -95, -96, -34, -128]
[-126, 75, 56, 29, -91, -95, -47, -128]
[-34, 97, 19, 127, 57, -76, -124, 11]
[126, -68, -32, -25, 94, 94, 33, 127]
[42, -96, -24, -128, -51, 88, 127, -10]
[123, -66, -45, -22, 91, 90, 28, 127]
[-123, 58, 35, 17, -96, -89, -27, -128]
[124, -62, -61, -19, 94, 87, 28, 127]
[-122, 62, 41, 13, -99, -86, -22, -128]
[121, -61, -28, -12, 99, 84, 22, 127]
[-121, 57, 38, 12, -99, -82, -15, -128]
[115, -62, -42, -10, 103, 80, 14, 127]
[-116, 38, 44, 10, -103, -80, -11, -128]
[-51, 114, 17, 127, 31, -110, -126, 3]
[-115, 50, 42, 8, -101, -74, -4, -128]
[117, -40, -34, -2, 104, 71, 1, 127]
[55, -111, -30, -128, -28, 113, 123, 14]
[115, -37, -22, 2, 104, 66, 0, 127]
[-115, 42, 20, 0, -104, -68, 1, -128]
[-61, 98, 15, 127, 27, -117, -126, -8]
[-111, 39, 29, -4, -103, -66, 4, -128]
[66, -102, -21, -128, -24, 118, 126, 19]
[81, -126, -31, -128, -21, 122, 127, 28]
[-106, 20, 33, -13, -111, -62, 17, -126]
[-79, 125, 26, 127, 14, -120, -122, -26]
[-100, 12, 13, -25, -102, -59, 20, -122]
[98, -18, -22, 24, 102, 55, -27, 127]
[-100, 16, 23, -30, -100, -54, 28, -118]
[95, -18, -20, 30, 107, 53, -31, 125]
[-83, 116, 39, 126, 8, -123, -123, -46]
[89, -7, -36, 37, 104, 49, -38, 122]
[-85, 2, 20, -46, -104, -45, 40, -112]
[83, -11, -33, 51, 103, 36, -48, 119]
[-81, 3, 9, -62, -108, -32, 50, -108]
[-79, -12, 33, -65, -105, -27, 54, -100]
[-117, 114, 19, 110, -20, -124, -114, -96]
[-63, -22, 2, -81, -106, -9, 68, -97]
[42, -100, -22, -128, -55, 86, 127, -9]
[-59, -32, 21, -91, -101, -4, 70, -98]
[58, 37, -9, 93, 101, 1, -68, 100]
[-58, -31, 21, -96, -101, 3, 73, -99]
[56, 34, -19, 98, 100, -7, -79, 100]
[-57, -34, 18, -102, -98, 7, 80, -99]
[55, 28, -18, 102, 98, -12, -83, 99]
[-53, -36, 5, -102, -99, 14, 84, -94]
[51, 34, -8, 103, 100, -12, -81, 100]
[-48, -53, 13, -104, -98, 16, 86, -91]
[50, 44, -1, 110, 95, -23, -90, 97]
[-54, -50, 4, -106, -97, 20, 86, -89]
[52, 37, -19, 102, 92, -18, -85, 98]
[-121, 105, 45, 98, -47, -125, -90, -101]
[127, -104, -41, -99, 42, 122, 91, 108]
[-46, -52, 17, -106, -94, 22, 93, -87]
[47, 46, -16, 103, 94, -25, -92, 95]
[-45, -50, 15, -102, -98, 20, 88, -87]
[41, 45, -24, 101, 95, -23, -87, 94]
[46, 50, -15, 107, 90, -31, -93, 89]
[-36, -50, 6, -107, -92, 31, 99, -78]
[32, 51, -1, 111, 92, -34, -97, 83]
[-31, -49, 4, -108, -90, 38, 99, -73]
[-127, 108, 51, 82, -62, -123, -77, -114]
[-23, -55, -2, -114, -87, 42, 105, -63]
[23, 56, -5, 111, 84, -43, -108, 69]
[127, -99, -36, -71, 67, 121, 69, 125]
[9, 47, -10, 115, 80, -47, -112, 62]
[0, -52, 0, -118, -81, 48, 113, -50]
[127, -92, -37, -67, 72, 120, 64, 127]
[-5, -73, -2, -120, -73, 51, 118, -42]
[5, 84, -7, 120, 74, -56, -118, 48]
[-4, -104, 5, -122, -73, 64, 120, -37]
[-17, 81, 5, 125, 70, -61, -121, 39]
[13, -75, -7, -126, -74, 63, 123, -28]
[-6, 90, 1, 125, 65, -65, -123, 34]
[17, -81, -19, -125, -67, 64, 123, -24]
[-12, 116, 17, 127, 67, -68, -124, 29]
[10, -86, -14, -124, -64, 67, 124, -21]
[-16, 88, 18, 127, 65, -71, -124, 28]
[14, -89, -9, -128, -67, 66, 123, -22]
[-12, 93, 13, 125, 64, -67, -122, 30]
[12, -89, 5, -128, -66, 70, 124, -20]
[-31, 86, 18, 127, 61, -71, -125, 25]
[23, -98, -12, -128, -65, 74, 126, -15]
[110, -125, -36, -113, 11, 124, 117, 96]
[27, -95, -28, -128, -59, 76, 125, -12]
[-31, 91, 14, 127, 58, -81, -126, 14]
[-116, 119, 28, 109, -25, -126, -111, -104]
[-37, 90, 22, 127, 54, -81, -125, 10]
[36, -103, -7, -128, -55, 85, 126, -9]
[-33, 99, 8, 127, 51, -89, -124, 10]
[40, -91, -30, -128, -51, 88, 126, -9]
[-44, 105, 11, 127, 46, -92, -126, 10]
[52, -96, -8, -128, -48, 93, 127, -10]
[-48, 106, 27, 127, 49, -98, -125, 10]
[40, -109, -19, -128, -47, 100, 125, -10]
[48, -113, -27, -128, -37, 102, 125, -10]
[-53, 93, 27, 127, 36, -103, -127, 11]
[117, -56, -41, -4, 99, 74, 5, 127]
[-113, 47, 36, 1, -100, -73, 0, -128]
[59, -125, -21, -128, -28, 114, 126, 18]
[-112, 35, 30, -6, -105, -66, 6, -128]
[67, -114, -25, -128, -29, 113, 123, 22]
[-68, 120, 20, 127, 21, -116, -124, -14]
[108, -21, -33, 12, 98, 59, -17, 127]
[-75, 111, 24, 127, 16, -122, -126, -26]
[102, -31, -28, 16, 105, 60, -20, 127]
[-102, 18, 29, -23, -107, -59, 21, -121]
[76, -127, -26, -128, -18, 122, 125, 41]
[-93, 118, 22, 127, 8, -124, -127, -41]
[95, -23, -36, 33, 109, 53, -33, 125]
[-91, 20, 35, -38, -104, -51, 37, -115]
[97, -118, -36, -125, -4, 126, 124, 68]
[-85, -7, 23, -49, -109, -42, 44, -108]
[-101, 115, 41, 118, -11, -125, -119, -75]
[76, 2, -28, 53, 101, 34, -49, 111]
[-96, 121, 36, 115, -14, -124, -119, -80]
[108, -115, -37, -115, 10, 124, 118, 88]
[-106, 116, 36, 115, -10, -125, -118, -83]
[108, -123, -43, -115, 9, 124, 119, 93]
[-115, 119, 25, 114, -16, -126, -118, -89]
[110, -126, -37, -115, 14, 124, 118, 100]
[120, -122, -45, -112, 23, 127, 115, 100]
[-118, 116, 38, 109, -20, -124, -113, -102]
[119, -107, -36, -110, 24, 124, 113, 100]
[-120, 111, 42, 108, -26, -125, -109, -104]
[117, -114, -50, -107, 27, 126, 108, 103]
[-57, -8, 8, -91, -96, -4, 70, -99]
[-121, 109, 39, 103, -33, -125, -103, -104]
[-123, 63, 35, 16, -96, -87, -24, -128]
[-120, 110, 49, 101, -38, -125, -101, -103]
[122, -113, -35, -101, 35, 124, 101, 103]
[-123, 103, 19, 100, -35, -126, -100, -103]
[125, -114, -51, -102, 36, 127, 100, 103]
[-123, 113, 44, 100, -40, -128, -98, -103]
[52, 39, -10, 102, 99, -9, -79, 99]
[-124, 95, 44, 99, -41, -126, -95, -102]
[126, -105, -31, -99, 39, 124, 94, 108]
[-50, -59, 7, -103, -92, 16, 86, -89]
[125, -109, -43, -99, 41, 127, 91, 111]
[-128, 104, 39, 99, -46, -126, -90, -102]
[43, 45, -22, 110, 95, -19, -90, 92]
[-121, 113, 38, 93, -52, -127, -87, -105]
[127, -104, -45, -91, 52, 124, 85, 116]
[-38, -60, 2, -106, -89, 32, 95, -78]
[124, -109, -48, -88, 53, 124, 83, 116]
[-124, 99, 43, 86, -56, -125, -81, -110]
[34, 51, 3, 109, 87, -36, -98, 81]
[-128, 102, 44, 84, -57, -124, -79, -110]
[127, -102, -38, -79, 55, 124, 77, 123]
[-25, -67, -7, -117, -86, 43, 108, -60]
[127, -99, -52, -75, 64, 123, 72, 126]
[-124, 103, 39, 73, -65, -121, -70, -115]
[23, 69, 0, 113, 79, -46, -111, 62]
[-123, 97, 48, 70, -65, -120, -68, -116]
[124, -97, -44, -70, 64, 120, 67, 122]
[-126, 94, 36, 71, -65, -120, -69, -115]
[126, -96, -54, -72, 63, 120, 69, 126]
[-128, 87, 65, 70, -61, -121, -68, -121]
[9, 70, 3, 120, 82, -49, -117, 57]
[-126, 94, 55, 66, -71, -120, -66, -121]
[124, -94, -44, -66, 68, 119, 63, 127]
[-125, 90, 34, 60, -71, -119, -63, -121]
[125, -89, -38, -60, 71, 117, 60, 127]
[-127, 89, 37, 59, -74, -118, -61, -124]
[127, -90, -40, -60, 71, 117, 59, 127]
[-127, 85, 37, 57, -75, -117, -59, -123]
[126, -85, -51, -56, 73, 115, 58, 127]
[-127, 89, 34, 54, -76, -115, -58, -126]
[-9, 79, 9, 120, 69, -58, -120, 40]
[-128, 83, 46, 53, -73, -111, -56, -127]
[127, -86, -50, -50, 80, 112, 54, 127]
[15, -95, -17, -126, -67, 67, 126, -24]
[126, -80, -40, -47, 78, 108, 52, 127]
[-128, 85, 44, 42, -82, -105, -51, -128]
[-121, 66, 43, 37, -88, -102, -49, -128]
[124, -72, -42, -39, 83, 102, 48, 127]
[36, -86, -14, -128, -57, 77, 126, -10]
[125, -76, -26, -35, 87, 98, 42, 127]
[-126, 82, 40, 33, -88, -98, -46, -128]
[-36, 92, 7, 127, 55, -83, -127, 11]
[126, -58, -36, -25, 94, 93, 33, 127]
[39, -121, -23, -128, -51, 90, 126, -10]
[121, -58, -38, -19, 96, 86, 27, 127]
[-121, 44, 23, 13, -97, -84, -19, -128]
[-44, 103, 26, 127, 37, -101, -124, 10]
[-122, 61, 42, 10, -97, -81, -16, -128]
[122, -53, -38, -10, 101, 78, 7, 127]
[62, -112, -36, -128, -35, 112, 127, 12]
[112, -51, -33, 2, 99, 70, 1, 127]
[-111, 45, 42, -1, -103, -70, 5, -128]
[108, -38, -32, 2, 96, 66, -4, 127]
[-108, 29, 36, -2, -93, -64, 6, -127]
[110, -36, -55, 6, 97, 63, -9, 127]
[70, -111, -11, -128, -21, 113, 122, 19]
[-110, 23, 35, -3, -100, -66, 7, -128]
[-63, 117, 11, 127, 26, -117, -126, -14]
[107, -28, -45, 6, 103, 63, -9, 127]
[62, -122, -22, -128, -24, 120, 125, 28]
[106, -33, -31, 13, 100, 61, -13, 127]
[-106, 39, 36, -12, -105, -61, 11, -124]
[-109, 19, 33, -11, -100, -60, 13, -123]
[107, -26, -29, 26, 108, 61, -19, 127]
[67, -121, -28, -128, -21, 121, 124, 35]
[-102, 21, 35, -15, -103, -59, 20, -122]
[103, -32, -44, 16, 101, 59, -21, 127]
[96, -24, -28, 26, 104, 56, -25, 127]
[-97, 12, 27, -27, -104, -56, 26, -119]
[95, -25, -27, 30, 108, 55, -32, 126]
[-92, 24, 37, -27, -104, -54, 30, -116]
[88, -24, -31, 28, 100, 54, -30, 123]
[-89, 17, 30, -34, -105, -52, 30, -115]
[93, -11, -42, 32, 105, 51, -33, 123]
[-91, 8, 20, -39, -105, -51, 36, -114]
[90, -20, -33, 36, 106, 51, -36, 121]
[-95, 120, 44, 124, 3, -125, -124, -54]
[82, -12, -20, 44, 103, 46, -40, 120]
[-82, 9, 34, -46, -107, -40, 46, -111]
[81, 4, -27, 48, 101, 37, -46, 116]
[-80, -2, 27, -49, -99, -36, 46, -106]
[79, -11, -5, 64, 103, 35, -47, 113]
[-77, -13, 19, -56, -104, -34, 47, -103]
[77, 5, -19, 60, 102, 31, -49, 111]
[-75, 1, 20, -66, -111, -32, 49, -102]
[74, 14, -27, 58, 98, 27, -52, 110]
[-72, -9, 22, -66, -102, -25, 52, -101]
[72, 5, -38, 69, 102, 23, -55, 108]
[-70, -8, 15, -79, -104, -18, 57, -100]
[66, 23, -27, 75, 101, 15, -63, 103]
[122, -118, -43, -109, 19, 124, 111, 99]
[38, -102, -15, -128, -54, 87, 124, -10]
[-61, -9, 14, -83, -99, -9, 63, -97]
[121, -109, -26, -104, 23, 122, 108, 102]
[-59, -21, 15, -86, -99, -9, 67, -99]
[62, 38, -19, 86, 100, 7, -68, 100]
[121, -117, -50, -107, 29, 127, 107, 103]
[60, 29, -5, 92, 100, 5, -68, 100]
[-60, -19, 6, -89, -106, -5, 69, -99]
[39, -94, -2, -128, -52, 85, 125, -10]
[-61, -26, 13, -90, -98, -7, 67, -99]
[61, 39, -25, 83, 100, 10, -68, 99]
[81, -120, -54, -106, 32, 125, 108, 103]
[58, 21, -16, 84, 101, 6, -67, 99]
[-63, -26, 18, -84, -101, -7, 67, -99]
[-118, 110, 51, 107, -31, -128, -106, -103]
[61, 22, -18, 85, 97, 4, -68, 99]
[-62, -20, 16, -80, -98, -6, 68, -99]
[58, 15, -6, 82, 100, 10, -65, 99]
[-63, -26, 17, -87, -100, -10, 66, -99]
[69, 26, -18, 81, 98, 8, -64, 99]
[61, 19, -19, 87, 108, 6, -67, 99]
[-62, -21, 16, -84, -107, -8, 66, -99]
[62, 12, -20, 85, 98, 6, -66, 99]
[-57, -13, 19, -88, -101, -4, 69, -99]
[58, 13, 0, 95, 96, 4, -70, 99]
[-39, 92, 10, 127, 48, -88, -124, 10]
[60, 31, -21, 81, 94, 5, -64, 99]
[-60, -20, 10, -92, -101, -5, 68, -99]
[61, 15, -17, 88, 99, 6, -67, 99]
[-61, -26, 10, -85, -98, -6, 66, -99]
[61, 26, -22, 84, 98, 8, -65, 99]
[-62, -24, 20, -86, -101, -8, 68, -99]
[61, 20, -25, 81, 107, 7, -66, 99]
[-62, -27, 23, -83, -99, -5, 67, -99]
[-61, -26, 25, -80, -97, -7, 68, -99]
[64, 27, -22, 86, 98, 7, -69, 99]
[-61, -19, 10, -86, -102, -9, 65, -99]
[65, 30, -18, 82, 102, 6, -64, 99]
[-64, -23, 22, -84, -103, -9, 65, -99]
[-120, 111, 36, 106, -29, -126, -108, -103]
[-66, -33, 9, -87, -101, -6, 67, -99]
[63, 6, -29, 81, 98, 10, -67, 99]
[-64, -18, 22, -84, -102, -12, 67, -99]
[63, 21, -18, 84, 99, 7, -67, 99]
[-65, -16, 23, -86, -104, -9, 66, -99]
[62, 22, -14, 79, 95, 8, -63, 99]
[-63, -25, 13, -86, -100, -8, 67, -99]
[65, 19, -17, 88, 98, 10, -62, 99]
[-37, 98, 6, 127, 57, -87, -126, 10]
[117, -116, -32, -106, 24, 125, 108, 103]
[-61, -20, 18, -88, -96, -6, 68, -99]
[-126, 118, 31, 105, -24, -127, -105, -103]
[-58, -36, 4, -100, -105, -3, 73, -99]
[57, 28, -11, 96, 103, -1, -76, 99]
[-120, 121, 47, 101, -31, -126, -101, -103]
[123, -118, -27, -101, 33, 124, 100, 103]
[-54, -36, 6, -101, -95, 8, 76, -99]
[54, 30, -20, 102, 94, -12, -77, 99]
[-119, 44, 33, 10, -91, -79, -12, -128]
[51, 22, -18, 100, 91, -14, -82, 99]
[124, -113, -41, -99, 35, 125, 96, 107]
[-119, 51, 34, 10, -96, -80, -12, -128]
[53, 59, -5, 103, 99, -14, -78, 97]
[-118, 52, 32, 10, -93, -79, -14, -128]
[49, 37, -12, 103, 91, -11, -82, 97]
[-51, -42, 10, -103, -94, 14, 86, -93]
[-52, -37, 12, -103, -95, 8, 79, -97]
[54, 40, -19, 98, 89, -13, -78, 98]
[-52, -30, 12, -102, -94, 8, 78, -98]
[-56, -31, 15, -96, -102, 1, 71, -99]
[-59, -45, 14, -95, -99, 2, 75, -100]
[59, 30, -17, 93, 99, 1, -75, 100]
[-71, -28, 18, -95, -100, -1, 73, -99]
[39, -100, -17, -128, -51, 89, 124, -10]
[-56, -13, 24, -88, -99, -7, 66, -99]
[-59, -25, 14, -91, -102, -6, 66, -99]
[62, 22, -21, 86, 100, 9, -65, 99]
[64, 12, -4, 89, 97, 7, -64, 99]
[-64, -31, 10, -82, -100, -10, 66, -99]
[-121, 113, 35, 106, -24, -126, -110, -103]
[-64, -17, 22, -81, -102, -14, 66, -99]
[62, 16, -20, 74, 100, 17, -59, 99]
[117, -116, -32, -110, 18, 126, 114, 103]
[-70, -8, 20, -68, -98, -20, 55, -98]
[-108, 105, 43, 111, -19, -124, -116, -89]
[-72, -7, 23, -62, -103, -24, 52, -100]
[70, -6, -16, 64, 101, 28, -50, 106]
[103, -120, -40, -117, 8, 124, 120, 89]
[80, 4, -22, 53, 100, 35, -48, 110]
[-79, 1, 31, -51, -98, -37, 47, -104]
[82, -4, -39, 46, 98, 39, -44, 113]
[-123, 88, 37, 53, -72, -115, -58, -126]
[72, -12, -21, 47, 103, 45, -42, 117]
[91, -124, -58, -122, -3, 126, 122, 64]
[89, -10, -32, 40, 101, 49, -38, 120]
[-87, 22, 30, -37, -101, -51, 33, -113]
[-92, 119, 33, 124, 1, -126, -124, -56]
[-87, 15, 22, -42, -105, -51, 38, -114]
[87, -12, -26, 41, 104, 50, -37, 121]
[87, -13, -26, 34, 100, 51, -33, 119]
[-90, 5, 44, -30, -100, -51, 32, -112]
[91, -11, -35, 31, 100, 51, -34, 122]
[-91, 12, 21, -36, -106, -52, 33, -115]
[94, -22, -39, 29, 109, 54, -29, 123]
[-92, 13, 36, -30, -106, -53, 30, -116]
[94, -20, -30, 29, 97, 54, -31, 125]
[-95, 28, 27, -26, -102, -56, 24, -116]
[99, -15, -25, 31, 105, 56, -25, 126]
[-100, 23, 39, -21, -101, -57, 23, -119]
[101, -26, -32, 21, 99, 56, -21, 127]
[-99, 22, 21, -21, -101, -57, 20, -120]
[101, -18, -34, 18, 99, 59, -18, 127]
[-101, 23, 32, -16, -99, -60, 15, -121]
[100, -33, -33, 14, 98, 60, -14, 127]
[-104, 27, 42, -5, -103, -60, 14, -123]
[108, -28, -27, 5, 95, 63, -11, 127]
[-106, 37, 52, -7, -94, -63, 8, -125]
[109, -31, -37, 8, 106, 65, -5, 127]
[-112, 36, 28, 1, -98, -67, 1, -128]
[112, -47, -36, -11, 96, 68, 3, 127]
[-116, 35, 27, 6, -99, -71, -6, -128]
[116, -43, -50, -10, 95, 73, 8, 127]
[-117, 51, 27, 8, -96, -78, -11, -128]
[-55, -42, -2, -99, -100, 4, 74, -99]
[-121, 60, 39, 15, -92, -83, -24, -128]
[122, -69, -32, -20, 85, 86, 28, 127]
[59, 21, -17, 83, 97, 5, -68, 100]
[123, -55, -40, -22, 90, 90, 33, 127]
[-125, 64, 43, 21, -91, -92, -33, -128]
[-36, 114, 23, 127, 50, -88, -126, 9]
[-122, 67, 40, 26, -86, -92, -34, -128]
[124, -65, -37, -25, 85, 92, 38, 127]
[125, -69, -18, -27, 83, 94, 43, 127]
[-126, 69, 31, 31, -85, -95, -44, -128]
[-31, 80, 8, 127, 56, -75, -125, 19]
[-126, 73, 43, 36, -81, -100, -47, -128]
[120, -82, -31, -41, 79, 103, 48, 127]
[10, -90, -2, -121, -69, 63, 121, -23]
[123, -85, -48, -51, 75, 110, 55, 127]
[-124, 88, 42, 54, -71, -113, -58, -124]
[8, 76, 9, 118, 78, -51, -117, 49]
[-121, 89, 50, 64, -65, -117, -63, -120]
[125, -94, -45, -67, 63, 117, 66, 127]
[-7, -78, -14, -120, -83, 50, 112, -51]
[123, -100, -44, -70, 65, 122, 68, 126]
[-125, 93, 25, 76, -59, -122, -72, -114]
[126, -101, -48, -77, 50, 122, 72, 122]
[-122, 102, 41, 74, -59, -122, -74, -115]
[-124, 98, 40, 80, -57, -122, -77, -110]
[-123, 101, 39, 85, -51, -125, -81, -108]
[127, -97, -28, -87, 46, 121, 83, 116]
[122, -109, -35, -88, 49, 123, 86, 112]
[-126, 101, 43, 96, -39, -125, -88, -103]
[49, 48, -15, 104, 92, -23, -86, 95]
[-125, 110, 45, 99, -37, -125, -92, -101]
[121, -108, -28, -99, 38, 125, 93, 111]
[-123, 113, 33, 100, -34, -124, -96, -104]
[120, -114, -39, -100, 31, 123, 99, 104]
[-120, 108, 31, 100, -30, -124, -101, -105]
[58, 14, -31, 87, 98, 4, -69, 100]
[60, 16, -9, 81, 93, 9, -63, 100]
[-61, -13, 12, -83, -100, -13, 63, -100]
[83, -118, -46, -110, 18, 126, 111, 103]
[-67, -18, 18, -72, -98, -17, 59, -98]
[71, 9, -23, 67, 95, 19, -55, 101]
[-70, -20, 16, -71, -101, -21, 53, -98]
[116, -116, -42, -112, 16, 125, 116, 101]
[-74, -11, 17, -60, -97, -26, 49, -100]
[-105, 119, 33, 114, -7, -123, -120, -75]
[80, -4, -26, 44, 100, 44, -42, 113]
[-109, 107, 35, 119, 0, -123, -121, -60]
[97, -119, -51, -123, -7, 122, 119, 64]
[-89, 23, 20, -26, -98, -52, 30, -114]
[-79, 114, 23, 127, 11, -122, -121, -36]
[100, -37, -37, 14, 101, 59, -17, 127]
[-65, 125, 40, 127, 22, -120, -125, -24]
[107, -33, -33, 7, 93, 63, -6, 127]
[-110, 32, 30, -2, -97, -65, 6, -127]
[63, -111, -10, -128, -29, 110, 123, 17]
[-59, 111, 14, 127, 32, -112, -124, -4]
[-125, 103, 40, 96, -48, -126, -88, -104]
[-58, 109, 22, 127, 34, -110, -124, 2]
[58, -114, -28, -128, -39, 105, 123, 3]
[-54, 105, 38, 127, 39, -106, -125, 6]
[53, -102, -35, -128, -43, 104, 124, -2]
[-50, 89, 18, 127, 40, -96, -123, 7]
[118, -57, -47, -17, 86, 83, 23, 127]
[122, -114, -44, -101, 29, 123, 102, 105]
[-122, 111, 48, 103, -31, -123, -104, -103]
[-122, 52, 43, 22, -87, -88, -32, -128]
[35, -98, -21, -128, -57, 83, 125, -10]
[-36, 97, 9, 127, 53, -82, -125, 9]
[37, -101, -18, -128, -55, 78, 124, -10]
[-32, 89, 16, 127, 57, -75, -123, 15]
[30, -76, -16, -126, -60, 70, 122, -13]
[-20, 91, 13, 124, 62, -65, -121, 25]
[19, -88, -10, -126, -69, 65, 123, -20]
[-17, 61, 16, 122, 65, -61, -122, 32]
[10, -86, -10, -127, -75, 61, 122, -28]
[-125, 94, 38, 58, -66, -116, -60, -124]
[2, -73, -5, -122, -74, 51, 115, -37]
[5, 74, -1, 120, 74, -52, -117, 49]
[119, -98, -48, -66, 60, 118, 64, 126]
[5, 74, 10, 120, 76, -49, -114, 54]
[-8, -70, -6, -116, -75, 49, 110, -51]
[76, -119, -33, -128, -18, 121, 123, 43]
[-20, -67, -5, -115, -84, 40, 104, -60]
[10, 55, 1, 109, 84, -37, -99, 73]
[122, -99, -38, -84, 47, 122, 81, 115]
[-35, -48, 8, -105, -91, 27, 91, -78]
[45, 54, -13, 104, 87, -27, -88, 91]
[-46, -40, 8, -104, -93, 18, 83, -88]
[48, 41, -8, 103, 92, -16, -86, 97]
[-51, -32, 17, -101, -93, 10, 79, -97]
[54, 39, -10, 100, 95, -8, -75, 98]
[-57, -29, 23, -98, -96, 5, 73, -99]
[-121, 109, 46, 102, -28, -125, -104, -104]
[-59, -26, 9, -86, -94, -4, 68, -99]
[61, 25, -20, 80, 97, 7, -67, 100]
[120, -120, -40, -108, 24, 125, 112, 103]
[62, 14, -34, 75, 97, 13, -61, 100]
[-64, -7, 34, -69, -98, -19, 58, -99]
[-116, 113, 28, 110, -17, -123, -116, -89]
[70, 8, -25, 61, 97, 29, -51, 104]
[-72, -11, 35, -53, -95, -28, 50, -101]
[76, 17, -36, 53, 93, 34, -46, 109]
[-82, 7, 22, -44, -102, -44, 41, -104]
[-90, 104, 29, 121, 5, -121, -120, -51]
[-88, 3, 30, -34, -100, -48, 33, -112]
[93, -21, -32, 23, 95, 54, -27, 123]
[79, -116, -15, -128, -20, 118, 122, 36]
[-66, 110, 26, 127, 25, -119, -122, -15]
[-110, 34, 30, 0, -90, -65, 5, -124]
[-61, 107, 21, 127, 31, -109, -123, 0]
[-117, 40, 46, 4, -99, -72, -7, -128]
[117, -44, -40, -8, 95, 74, 11, 127]
[-120, 50, 34, 10, -88, -78, -16, -128]
[-57, -26, 15, -99, -98, 1, 71, -99]
[-119, 64, 40, 18, -89, -87, -29, -128]
[122, -68, -46, -23, 84, 91, 33, 127]
[-124, 68, 35, 26, -84, -94, -37, -128]
[122, -71, -41, -34, 80, 96, 43, 127]
[-123, 77, 53, 37, -81, -99, -46, -128]
[122, -81, -53, -41, 75, 103, 51, 127]
[123, -84, -43, -51, 74, 111, 56, 127]
[-128, 87, 42, 55, -71, -114, -58, -126]
[126, -92, -43, -57, 68, 115, 59, 127]
[-122, 87, 47, 60, -64, -116, -61, -121]
[-128, 92, 28, 67, -60, -119, -67, -116]
[126, -98, -42, -69, 58, 120, 67, 125]
[-125, 101, 41, 72, -53, -120, -71, -114]
[127, -99, -41, -78, 51, 122, 75, 119]
[72, -104, -33, -128, -23, 119, 122, 31]
[122, -110, -41, -86, 46, 120, 80, 115]
[5, 57, -2, 106, 80, -32, -95, 82]
[124, -105, -48, -91, 43, 124, 85, 116]
[-42, -59, 1, -104, -92, 24, 87, -84]
[-120, 111, 37, 97, -42, -123, -94, -104]
[53, 33, -8, 96, 94, -6, -74, 97]
[123, -113, -39, -102, 29, 126, 101, 105]
[-121, 111, 36, 104, -28, -125, -106, -105]
[119, -115, -38, -105, 22, 124, 108, 104]
[-117, 113, 36, 106, -19, -125, -108, -103]
[65, 10, -15, 77, 96, 17, -58, 101]
[110, -116, -34, -111, 10, 124, 115, 97]
[-76, 2, 26, -51, -99, -37, 46, -101]
[98, -120, -32, -116, 1, 121, 119, 77]
[-97, 118, 50, 119, 0, -123, -122, -60]
[89, -22, -16, 40, 100, 48, -34, 120]
[-93, 120, 33, 126, 7, -126, -124, -51]
[82, -122, -44, -127, -11, 123, 121, 52]
[-80, 118, 23, 127, 14, -120, -123, -36]
[69, -122, -32, -128, -19, 120, 124, 37]
[-73, 93, 27, 127, 20, -118, -122, -20]
[71, -111, -27, -128, -25, 114, 122, 25]
[-69, 119, 37, 127, 24, -118, -124, -17]
[61, -105, -18, -128, -29, 111, 122, 16]
[-112, 38, 29, -1, -97, -71, -6, -128]
[56, -117, -24, -128, -28, 105, 124, 8]
[122, -111, -41, -98, 36, 124, 93, 108]
[54, -108, -27, -128, -42, 103, 125, -1]
[-50, 107, 26, 127, 42, -102, -125, 6]
[42, -118, -30, -128, -54, 90, 123, -11]
[-44, 89, 17, 127, 45, -94, -123, 7]
[-37, 105, 15, 127, 49, -87, -124, 9]
[35, -86, -19, -128, -56, 79, 123, -11]
[-124, 73, 38, 31, -83, -95, -44, -128]
[37, -99, -8, -128, -57, 80, 126, -10]
[-30, 88, 23, 127, 59, -78, -124, 13]
[123, -82, -48, -43, 72, 102, 51, 127]
[-23, 82, 6, 122, 55, -68, -121, 24]
[13, -79, -10, -122, -68, 64, 121, -22]
[-125, 82, 48, 58, -69, -113, -58, -119]
[2, -66, -7, -117, -68, 53, 113, -39]
[6, 75, -7, 116, 69, -52, -114, 53]
[19, 82, 1, 112, 78, -44, -105, 67]
[-24, -70, -3, -113, -82, 42, 103, -63]
[32, 61, 2, 109, 87, -33, -98, 77]
[-35, -61, 8, -108, -85, 33, 95, -74]
[38, 47, -14, 101, 83, -29, -91, 86]
[127, -105, -53, -96, 37, 122, 89, 110]
[-50, -44, 5, -105, -94, 13, 80, -93]
[53, 44, -24, 99, 91, -12, -76, 98]
[-55, -32, 9, -94, -93, 3, 71, -98]
[58, 24, -17, 87, 94, 1, -68, 99]
[63, 14, -22, 80, 100, 13, -62, 101]
[-65, -6, 13, -73, -98, -18, 57, -99]
[-108, 118, 40, 112, -8, -124, -117, -82]
[-71, -3, 19, -56, -101, -29, 51, -99]
[76, 2, -27, 51, 95, 34, -47, 107]
[82, -7, -19, 46, 100, 44, -40, 114]
[-85, 3, 25, -42, -101, -48, 38, -110]
[87, -18, -18, 37, 96, 49, -37, 120]
[-91, 3, 40, -29, -95, -52, 29, -114]
[95, -15, -38, 18, 96, 56, -22, 123]
[75, -122, -31, -128, -22, 115, 120, 29]
[106, -30, -39, 7, 90, 62, -10, 127]
[-107, 38, 28, -5, -98, -66, 3, -126]
[-57, 106, 12, 127, 32, -107, -124, 2]
[-112, 42, 31, 7, -93, -74, -9, -128]
[117, -54, -40, -12, 84, 79, 17, 127]
[-121, 60, 36, 15, -87, -84, -24, -128]
[-40, 78, 8, 127, 50, -88, -124, 8]
[122, -68, -39, -27, 90, 92, 37, 127]
[-123, 69, 46, 29, -84, -95, -45, -128]
[124, -75, -31, -35, 76, 98, 45, 127]
[-126, 75, 36, 38, -78, -102, -48, -128]
[127, -81, -26, -44, 74, 104, 50, 127]
[-123, 81, 42, 46, -74, -107, -52, -127]
[123, -83, -29, -50, 76, 110, 56, 127]
[11, -82, -10, -125, -71, 57, 118, -31]
[-123, 91, 31, 60, -62, -117, -61, -122]
[9, 68, 0, 113, 76, -49, -112, 56]
[-128, 88, 32, 68, -62, -119, -67, -115]
[-126, 100, 38, 73, -59, -122, -73, -115]
[126, -102, -34, -76, 55, 123, 76, 120]
[105, -29, -30, 11, 90, 61, -10, 127]
[124, -104, -43, -87, 45, 122, 82, 115]
[98, -42, -33, 0, 91, 67, 2, 127]
[127, -105, -40, -95, 46, 120, 88, 110]
[-49, -41, 25, -99, -83, 16, 79, -92]
[-124, 107, 27, 100, -33, -125, -100, -105]
[57, 20, -9, 87, 95, 5, -66, 100]
[-118, 121, 38, 104, -23, -125, -107, -105]
[115, -111, -42, -108, 24, 123, 110, 103]
[-65, -8, 23, -69, -98, -20, 56, -99]
[118, -113, -49, -112, 9, 125, 115, 101]
[-110, 119, 38, 113, -9, -123, -118, -82]
[109, -92, -22, -116, 3, 123, 119, 89]
[-94, 117, 40, 117, -5, -124, -120, -72]
[96, -126, -35, -120, -1, 123, 120, 73]
[-89, 7, 43, -36, -96, -47, 34, -111]
[80, -128, -24, -123, -4, 124, 120, 57]
[-86, 120, 13, 124, 9, -120, -121, -40]
[99, -22, -35, 26, 102, 57, -19, 127]
[-84, 103, 32, 127, 18, -121, -124, -31]
[70, -103, -25, -128, -22, 119, 122, 32]
[-107, 31, 32, -3, -96, -67, 3, -124]
[-59, 97, 25, 127, 31, -110, -122, -1]
[116, -55, -38, -6, 87, 74, 11, 127]
[-48, 107, 10, 127, 38, -100, -123, 4]
[40, -115, -26, -128, -48, 89, 122, -8]
[-123, 68, 42, 26, -81, -91, -40, -128]
[32, -97, -20, -128, -60, 77, 122, -10]
[-27, 97, 15, 127, 58, -74, -123, 20]
[18, -88, 0, -124, -62, 75, 124, -18]
[102, -119, -34, -117, -2, 124, 120, 78]
[6, -72, -11, -121, -78, 53, 118, -32]
[7, 64, 7, 121, 77, -51, -114, 47]
[24, 65, -3, 109, 77, -43, -104, 66]
[-29, -75, 0, -110, -82, 37, 98, -64]
[-44, -55, 13, -104, -87, 23, 90, -80]
[27, 37, -8, 104, 88, -19, -84, 93]
[-45, -37, 5, -106, -88, 13, 79, -93]
[56, 44, -8, 99, 92, -10, -77, 98]
[-54, -31, 8, -92, -96, 1, 73, -99]
[63, 13, -18, 84, 97, 9, -65, 100]
[-61, -12, 17, -74, -98, -15, 57, -99]
[66, 10, -25, 69, 96, 22, -56, 102]
[70, 14, 4, 63, 97, 29, -51, 105]
[-76, 5, 29, -52, -105, -35, 48, -102]
[-81, 16, 25, -36, -93, -46, 33, -107]
[90, -15, -32, 29, 93, 50, -28, 119]
[-94, 18, 27, -19, -97, -57, 19, -116]
[100, -29, -33, 11, 97, 60, -12, 127]
[-106, 35, 29, -3, -89, -65, 4, -125]
[-54, 121, 22, 127, 34, -105, -122, 1]
[-116, 40, 15, 6, -88, -74, -11, -128]
[116, -50, -28, -8, 87, 79, 18, 127]
[44, -101, -17, -128, -51, 87, 124, -10]
[121, -58, -43, -26, 79, 88, 38, 127]
[-124, 71, 37, 29, -82, -94, -42, -128]
[121, -72, -43, -37, 76, 99, 45, 127]
[-122, 72, 37, 41, -75, -104, -50, -127]
[13, -86, 1, -125, -65, 66, 124, -20]
[6, -81, -9, -120, -72, 62, 118, -33]
[127, -87, -28, -60, 63, 117, 61, 127]
[-121, 93, 42, 65, -65, -117, -65, -118]
[13, 64, -4, 112, 73, -46, -110, 62]
[-128, 95, 63, 78, -52, -121, -71, -116]
[124, -104, -52, -80, 55, 123, 74, 120]
[-123, 103, 46, 86, -44, -122, -80, -107]
[-45, -64, 6, -103, -88, 28, 91, -75]
[-121, 103, 30, 94, -38, -122, -90, -103]
[123, -110, -42, -98, 27, 118, 97, 105]
[-122, 106, 32, 101, -29, -122, -102, -107]
[121, -107, -40, -106, 15, 122, 109, 106]
[-115, 113, 26, 109, -16, -124, -114, -95]
[117, -98, -48, -114, 11, 125, 116, 100]
[-110, 110, 44, 114, -6, -123, -119, -81]
[103, -118, -45, -117, 4, 123, 120, 85]
[-104, 110, 43, 118, -3, -122, -122, -66]
[-79, 118, 40, 122, 11, -120, -120, -42]
[85, -99, -41, -126, -18, 120, 117, 40]
[-73, 107, 25, 127, 20, -119, -122, -18]
[66, -111, -26, -128, -27, 111, 122, 17]
[-61, 98, 27, 127, 36, -106, -124, 0]
[53, -107, -32, -128, -43, 96, 123, -8]
[-50, 100, 32, 127, 48, -92, -122, 5]
[-29, 95, 36, 127, 57, -82, -123, 11]
[32, -66, -24, -128, -58, 76, 124, -12]
[-25, 82, 13, 123, 64, -65, -123, 24]
[-96, 120, 41, 116, 5, -122, -120, -67]
[-11, 75, 9, 122, 67, -58, -121, 35]
[-2, 68, 6, 119, 76, -53, -116, 48]
[-5, -66, -10, -118, -74, 50, 112, -45]
[-16, -46, 1, -107, -85, 36, 96, -63]
[31, 44, -6, 107, 82, -31, -95, 78]
[41, 45, -6, 104, 88, -23, -86, 90]
[-47, -49, 3, -107, -94, 17, 86, -88]
[-54, -40, 9, -96, -94, 1, 71, -99]
[-62, -31, 15, -74, -94, -15, 57, -99]
[-111, 112, 40, 110, -12, -123, -115, -85]
[-72, -11, 27, -57, -92, -24, 53, -99]
[-103, 114, 44, 118, 1, -122, -120, -68]
[81, -12, -23, 34, 96, 47, -35, 114]
[93, -18, -13, 23, 96, 55, -21, 124]
[-75, 118, 35, 127, 15, -121, -121, -29]
[-34, -49, 10, -107, -87, 29, 91, -74]
[-112, 45, 33, 3, -92, -69, -2, -128]
[116, -45, -40, -6, 96, 72, 10, 127]
[-118, 52, 35, 6, -90, -78, -15, -128]
[-120, 64, 35, 22, -82, -88, -34, -128]
[121, -68, -41, -27, 82, 92, 41, 127]
[121, -78, -43, -40, 71, 102, 46, 127]
[-121, 75, 43, 47, -71, -105, -51, -127]
[123, -84, -35, -49, 62, 110, 56, 127]
[-128, 90, 32, 55, -80, -113, -60, -121]
[122, -91, -46, -66, 55, 117, 64, 123]
[119, -100, -55, -78, 48, 119, 74, 119]
[-121, 96, 43, 87, -37, -121, -81, -106]
[-118, 110, 53, 95, -27, -124, -93, -106]
[117, -110, -45, -100, 22, 120, 101, 106]
[-123, 105, 38, 101, -25, -122, -103, -106]
[118, -106, -32, -108, 14, 122, 110, 105]
[-119, 115, 36, 109, -12, -122, -116, -84]
[104, -121, -50, -115, 2, 124, 118, 83]
[-98, 117, 43, 119, 7, -123, -121, -61]
[94, -122, -31, -123, -13, 122, 119, 63]
[-86, 124, 30, 126, 12, -121, -122, -43]
[81, -119, -32, -128, -15, 122, 120, 43]
[-76, 112, 24, 127, 23, -119, -122, -21]
[70, -117, -30, -128, -34, 111, 121, 20]
[-60, 108, 35, 127, 33, -113, -124, -2]
[57, -96, -31, -128, -35, 106, 123, 0]
[123, -106, -33, -99, 29, 123, 98, 104]
[15, -94, -19, -128, -49, 84, 122, -9]
[-28, 89, 11, 127, 46, -80, -121, 9]
[30, -93, -15, -126, -59, 74, 122, -13]
[-16, 90, 15, 127, 69, -64, -121, 25]
[13, -84, -12, -121, -70, 57, 122, -27]
[-120, 88, 35, 63, -60, -116, -63, -115]
[0, -63, -2, -115, -77, 49, 105, -46]
[16, 68, 24, 115, 83, -41, -102, 63]
[122, -101, -46, -85, 52, 121, 81, 117]
[30, 49, -9, 107, 84, -32, -93, 81]
[-41, -53, 19, -104, -90, 22, 90, -81]
[-122, 104, 44, 97, -32, -123, -94, -104]
[-47, -47, 4, -103, -91, 14, 78, -94]
[52, 32, -27, 91, 90, -4, -71, 98]
[-58, -24, 14, -86, -96, -2, 66, -99]
[-62, -19, 14, -75, -102, -15, 60, -99]
[-113, 118, 33, 111, -8, -122, -116, -83]
[-69, -6, 19, -60, -95, -29, 50, -98]
[74, 24, -28, 52, 93, 37, -46, 106]
[105, -115, -35, -121, -9, 121, 118, 67]
[85, -15, -22, 38, 91, 46, -35, 115]
[-91, 10, 20, -27, -96, -52, 26, -113]
[93, -21, -35, 23, 98, 55, -21, 125]
[-96, 29, 32, -10, -89, -60, 17, -121]
[104, -27, -31, 5, 89, 63, -7, 127]
[-111, 33, 30, 4, -91, -68, -2, -128]
[114, -47, -38, -10, 82, 73, 11, 127]
[-117, 52, 49, 9, -83, -78, -18, -128]
[120, -62, -45, -20, 79, 85, 29, 127]
[126, -74, -37, -34, 75, 97, 43, 127]
[-128, 76, 42, 40, -68, -103, -49, -128]
[-78, 2, 18, -50, -92, -32, 45, -102]
[-127, 84, 39, 54, -69, -113, -58, -121]
[118, -88, -42, -62, 63, 115, 61, 127]
[-13, -69, -1, -113, -79, 44, 104, -51]
[123, -95, -55, -76, 48, 120, 71, 122]
[-122, 104, 49, 83, -48, -122, -77, -108]
[41, 60, -4, 103, 87, -22, -87, 89]
[-121, 106, 54, 94, -37, -123, -89, -104]
[121, -103, -41, -97, 32, 121, 95, 106]
[-58, -24, 14, -88, -97, -3, 68, -99]
[121, -118, -31, -104, 16, 124, 107, 106]
[-118, 113, 31, 107, -5, -123, -112, -95]
[70, 4, -32, 50, 90, 32, -49, 105]
[-95, 121, 38, 116, -1, -120, -119, -67]
[103, -117, -39, -121, -7, 123, 119, 71]
[-90, 122, 32, 124, 7, -123, -121, -56]
[90, -116, -42, -127, -20, 123, 120, 53]
[-75, 109, 39, 127, 19, -121, -123, -33]
[100, -40, -28, 4, 84, 62, -8, 127]
[-67, 113, 32, 127, 31, -111, -123, -9]
[61, -114, -34, -128, -37, 103, 121, 11]
[47, -113, -25, -128, -40, 97, 124, -6]
[-42, 97, 21, 127, 44, -88, -122, 5]
[35, -88, -16, -128, -53, 79, 124, -10]
[-33, 94, 8, 127, 57, -75, -123, 16]
[21, -91, -6, -126, -58, 72, 123, -18]
[-121, 81, 33, 54, -63, -111, -57, -119]
[4, -75, -7, -117, -72, 51, 114, -35]
[5, 72, 1, 116, 74, -49, -112, 50]
[125, -93, -40, -77, 49, 121, 72, 121]
[27, 61, 0, 108, 77, -37, -98, 71]
[-31, -50, 4, -106, -90, 26, 89, -74]
[123, -99, -42, -92, 40, 119, 85, 110]
[-52, -47, 5, -101, -98, 11, 76, -92]
[51, 37, -4, 96, 91, -8, -71, 97]
[-58, -29, 13, -89, -90, -1, 68, -99]
[64, 28, -11, 82, 97, 11, -60, 102]
[-69, -18, 16, -70, -87, -20, 55, -99]
[73, 1, -24, 58, 90, 30, -49, 104]
[92, -120, -35, -117, -6, 122, 119, 75]
[77, -5, -27, 39, 91, 44, -39, 110]
[-86, 11, 29, -30, -91, -49, 28, -109]
[-72, 98, 23, 127, 20, -120, -121, -24]
[-101, 24, 25, -10, -96, -61, 8, -120]
[107, -39, -37, -5, 85, 65, 1, 127]
[49, -107, -33, -128, -49, 95, 122, -5]
[118, -49, -26, -14, 89, 80, 22, 127]
[-121, 60, 44, 21, -80, -88, -31, -128]
[-27, 92, 21, 127, 59, -73, -122, 18]
[-122, 76, 39, 42, -74, -100, -47, -127]
[121, -80, -35, -52, 62, 109, 54, 127]
[-124, 85, 42, 59, -65, -114, -60, -116]
[122, -92, -44, -70, 53, 117, 68, 120]
[-123, 99, 41, 79, -49, -122, -74, -109]
[35, 50, -7, 104, 84, -29, -92, 83]
[-123, 99, 43, 93, -35, -122, -87, -105]
[124, -107, -36, -97, 32, 121, 93, 105]
[-56, -35, 14, -89, -95, -1, 68, -99]
[120, -114, -39, -102, 20, 122, 106, 107]
[-114, 116, 40, 105, -18, -123, -111, -90]
[71, 13, -17, 56, 101, 33, -47, 105]
[-102, 114, 28, 115, -3, -123, -119, -68]
[99, -116, -45, -121, -5, 123, 120, 70]
[-92, 9, 20, -26, -97, -53, 25, -112]
[80, -116, -51, -128, -20, 122, 120, 46]
[-84, 111, 25, 127, 17, -119, -122, -27]
[106, -43, -32, -5, 86, 65, -3, 127]
[-56, 108, 25, 127, 32, -102, -122, -1]
[55, -109, -23, -128, -38, 95, 121, -6]
[-119, 53, 36, 15, -84, -81, -21, -128]
[46, -100, -17, -128, -48, 91, 124, -8]
[-39, 102, 25, 127, 55, -83, -123, 7]
[119, -77, -44, -36, 74, 99, 46, 127]
[-27, 73, 5, 127, 62, -70, -122, 22]
[18, -76, -9, -127, -66, 63, 121, -21]
[-121, 90, 46, 60, -61, -113, -60, -116]
[-2, -66, -4, -112, -73, 49, 105, -41]
[16, 67, 1, 114, 79, -45, -103, 57]
[127, -95, -45, -81, 46, 119, 78, 119]
[29, 46, -6, 109, 83, -30, -92, 79]
[-45, -49, 10, -104, -88, 22, 85, -82]
[-122, 107, 36, 96, -28, -123, -98, -108]
[-54, -31, 4, -92, -95, 1, 70, -96]
[60, 31, -17, 77, 93, 9, -60, 98]
[-65, -6, 21, -69, -92, -22, 55, -99]
[70, 5, -17, 57, 94, 31, -48, 105]
[-77, 3, 15, -47, -93, -42, 41, -103]
[85, -9, -28, 34, 94, 48, -34, 113]
[-92, 10, 33, -17, -93, -53, 22, -113]
[99, -25, -32, 12, 90, 60, -15, 126]
[-104, 34, 33, -4, -92, -65, 4, -124]
[111, -48, -28, -7, 84, 71, 6, 127]
[-117, 44, 42, 12, -83, -77, -17, -128]
[121, -54, -58, -21, 79, 84, 31, 127]
[-123, 67, 43, 26, -70, -92, -40, -128]
[122, -76, -42, -36, 71, 99, 45, 127]
[-124, 80, 27, 44, -74, -105, -51, -123]
[120, -82, -26, -56, 60, 112, 58, 126]
[-123, 88, 49, 64, -53, -116, -62, -115]
[124, -92, -37, -73, 51, 119, 70, 122]
[-120, 98, 48, 82, -51, -122, -77, -108]
[123, -100, -51, -91, 40, 119, 84, 111]
[-119, 104, 47, 94, -32, -120, -91, -106]
[121, -113, -40, -98, 24, 121, 99, 108]
[-122, 107, 38, 102, -21, -122, -107, -105]
[108, -116, -44, -107, 7, 122, 113, 103]
[-102, 112, 33, 112, -2, -121, -117, -76]
[96, -111, -32, -118, 0, 122, 119, 75]
[-98, 116, 30, 122, 5, -122, -120, -53]
[92, -18, -32, 20, 94, 54, -23, 121]
[-74, 99, 38, 127, 19, -122, -123, -34]
[71, -111, -38, -128, -27, 116, 122, 31]
[-111, 34, 35, 1, -92, -68, -3, -127]
[56, -100, -30, -128, -39, 102, 121, 6]
[-52, 104, 25, 127, 39, -100, -121, 2]
[121, -57, -33, -19, 75, 85, 28, 127]
[-45, 90, 13, 127, 54, -84, -122, 5]
[36, -83, -13, -128, -59, 78, 122, -10]
[-123, 74, 40, 38, -71, -102, -47, -127]
[18, -68, -13, -123, -69, 65, 121, -22]
[-17, 71, -2, 116, 63, -58, -121, 36]
[124, -92, -60, -64, 54, 116, 64, 127]
[9, 71, 6, 115, 75, -47, -109, 53]
[-18, -64, 3, -110, -80, 40, 99, -57]
[-125, 79, 40, 89, -43, -121, -82, -105]
[-39, -57, 1, -104, -84, 23, 87, -79]
[47, 38, -12, 97, 88, -14, -79, 93]
[64, 22, -22, 71, 89, 15, -58, 99]
[-67, -6, 23, -62, -95, -27, 52, -99]
[78, 10, -23, 48, 91, 35, -48, 107]
[-82, 15, 23, -45, -96, -44, 38, -107]
[92, -13, -39, 33, 92, 49, -32, 117]
[-91, 32, 39, -18, -99, -55, 22, -116]
[99, -29, -28, 9, 91, 61, -12, 127]
[-106, 28, 30, 1, -85, -65, -1, -124]
[111, -41, -18, -9, 86, 71, 11, 127]
[49, 26, -18, 90, 91, -3, -72, 93]
[121, -58, -39, -20, 78, 86, 32, 127]
[-124, 62, 33, 29, -73, -93, -41, -128]
[-69, -3, 23, -59, -94, -28, 51, -100]
[-121, 69, 45, 48, -68, -103, -53, -121]
[125, -89, -32, -58, 63, 112, 60, 125]
[-124, 95, 34, 65, -56, -119, -67, -115]
[122, -95, -48, -76, 48, 120, 73, 122]
[-123, 96, 44, 84, -43, -123, -79, -107]
[42, 46, -5, 100, 87, -18, -81, 90]
[-122, 102, 32, 95, -31, -122, -93, -106]
[122, -101, -43, -98, 21, 121, 99, 107]
[112, -112, -38, -109, 7, 121, 112, 104]
[-106, 110, 43, 113, -4, -121, -116, -73]
[98, -124, -43, -118, -8, 121, 117, 70]
[-85, 118, 22, 122, 13, -122, -121, -44]
[75, -108, -18, -128, -26, 119, 119, 41]
[-106, 13, 29, 0, -89, -64, 3, -124]
[60, -103, -30, -128, -33, 104, 120, 11]
[-55, 101, 16, 127, 41, -96, -121, -1]
[121, -58, -43, -20, 79, 85, 33, 127]
[-44, 89, 21, 127, 50, -88, -123, 5]
[33, -95, -25, -128, -58, 78, 125, -11]
[-123, 65, 36, 46, -66, -104, -53, -121]
[-96, 113, 41, 116, 7, -120, -118, -57]
[-5, 77, -1, 119, 73, -52, -113, 43]
[122, -91, -49, -74, 51, 119, 71, 119]
[24, 73, 0, 109, 78, -37, -100, 67]
[-37, -36, -9, -107, -87, 29, 88, -73]
[58, -92, -18, -128, -44, 97, 120, -4]
[-47, -35, 23, -91, -89, 3, 72, -93]
[54, 17, -16, 82, 89, 7, -63, 98]
[104, -123, -42, -110, 11, 123, 114, 100]
[68, 10, -22, 61, 94, 29, -52, 105]
[-72, 9, 26, -45, -94, -41, 41, -102]
[-88, 110, 25, 123, 9, -121, -120, -43]
[-91, 17, 30, -24, -87, -53, 23, -112]
[99, -23, -37, 11, 89, 60, -12, 125]
[60, -109, -27, -128, -39, 105, 121, 11]
[113, -38, -33, -7, 87, 72, 10, 127]
[-116, 48, 32, 11, -85, -78, -19, -128]
[120, -64, -36, -21, 79, 85, 29, 127]
[-124, 72, 37, 26, -77, -91, -39, -128]
[125, -70, -44, -36, 74, 97, 45, 127]
[-121, 78, 46, 44, -73, -103, -49, -128]
[-78, 10, 39, -36, -90, -45, 40, -102]
[-124, 81, 46, 60, -59, -114, -62, -115]
[124, -92, -42, -68, 48, 117, 67, 124]
[100, -17, -37, 11, 85, 58, -14, 125]
[119, -99, -38, -87, 41, 119, 80, 113]
[-123, 104, 46, 92, -31, -119, -87, -103]
[-116, 59, 39, 11, -78, -80, -22, -128]
[-111, 113, 46, 100, -18, -121, -105, -109]
[117, -111, -44, -106, 5, 121, 111, 103]
[-109, 115, 36, 112, -4, -123, -116, -75]
[96, -108, -23, -119, -1, 123, 118, 72]
[-94, 115, 37, 123, 11, -123, -121, -46]
[98, -27, -36, 13, 87, 59, -13, 124]
[-67, 110, 18, 127, 31, -115, -120, -17]
[61, -114, -36, -128, -33, 105, 121, 13]
[119, -108, -33, -96, 28, 121, 96, 106]
[44, -114, -19, -128, -46, 90, 123, -5]
[-43, 101, 21, 127, 54, -81, -122, 6]
[123, -79, -44, -38, 71, 99, 47, 127]
[-21, 91, 16, 124, 61, -67, -122, 26]
[3, -86, -16, -122, -69, 54, 117, -28]
[-118, 89, 48, 68, -54, -117, -65, -111]
[-11, -71, 5, -111, -78, 44, 99, -51]
[23, 44, -20, 108, 81, -37, -95, 71]
[119, -110, -45, -92, 39, 119, 89, 109]
[46, 45, -2, 98, 89, -13, -78, 91]
[-52, -27, 9, -88, -90, 1, 69, -95]
[-112, 111, 43, 105, -14, -120, -111, -88]
[-68, -14, 32, -47, -79, -27, 51, -99]
[78, 7, -27, 45, 92, 39, -42, 107]
[-83, 10, 26, -36, -96, -46, 31, -108]
[92, -26, -34, 18, 87, 54, -22, 120]
[-101, 25, 18, -13, -90, -60, 10, -120]
[-58, 117, 25, 127, 38, -107, -124, -2]
[117, -54, -42, -17, 75, 81, 24, 127]
[34, -101, -23, -128, -59, 77, 123, -9]
[119, -74, -26, -30, 77, 96, 42, 127]
[-122, 79, 31, 45, -67, -103, -51, -121]
[1, 75, 4, 114, 66, -50, -110, 47]
[-122, 91, 37, 65, -60, -117, -66, -113]
[116, -96, -48, -79, 47, 118, 73, 117]
[-120, 94, 47, 88, -41, -121, -83, -103]
[122, -114, -55, -95, 31, 118, 93, 105]
[-120, 105, 41, 98, -20, -122, -101, -109]
[114, -113, -48, -105, 12, 121, 110, 110]
[120, -80, -51, -43, 68, 103, 49, 127]
[94, -115, -39, -118, 0, 123, 115, 74]
[-86, 120, 37, 122, 14, -122, -120, -47]
[78, -111, -23, -127, -20, 121, 119, 44]
[-72, 109, 30, 127, 25, -118, -122, -18]
[63, -92, -26, -128, -37, 107, 121, 12]
[42, -99, -17, -128, -51, 87, 123, -5]
[-36, 94, 13, 127, 53, -81, -120, 8]
[121, -70, -30, -40, 68, 103, 49, 127]
[-7, 83, 9, 123, 70, -63, -121, 32]
[-5, -77, -15, -119, -73, 56, 112, -36]
[-120, 98, 47, 76, -48, -120, -71, -109]
[-23, -67, -6, -110, -82, 37, 97, -61]
[37, 51, 6, 104, 84, -24, -90, 81]
[-53, 95, 18, 127, 42, -97, -120, -3]
[53, 24, 0, 96, 90, -1, -69, 95]
[-58, -23, 19, -77, -94, -10, 60, -98]
[68, 15, -19, 58, 85, 26, -50, 104]
[-75, -3, 22, -49, -93, -39, 41, -102]
[85, -2, -31, 35, 93, 47, -32, 112]
[75, -106, -33, -128, -21, 117, 120, 39]
[-110, 32, 23, 3, -86, -68, -2, -126]
[-47, 97, 26, 127, 46, -93, -121, 0]
[122, -64, -35, -28, 78, 93, 39, 127]
[122, -71, -35, -50, 66, 106, 52, 127]
[-116, 83, 36, 59, -61, -113, -59, -116]
[20, 57, 6, 108, 80, -33, -96, 66]
[118, -98, -38, -91, 32, 119, 87, 110]
[-52, -24, 9, -88, -89, 1, 71, -93]
[119, -111, -45, -100, 17, 121, 106, 111]
[-114, 103, 34, 106, -12, -121, -113, -90]
[75, 29, -12, 51, 92, 39, -45, 108]
[-96, 117, 30, 119, 4, -122, -120, -58]
[82, -115, -39, -124, -19, 121, 117, 50]
[-99, 23, 26, -5, -89, -61, 8, -120]
[108, -55, -29, -3, 88, 68, 5, 127]
[-57, 101, 18, 127, 38, -103, -121, -2]
[48, -83, -14, -128, -43, 92, 122, -3]
[-42, 93, 25, 127, 48, -85, -122, 3]
[2, -98, -18, -128, -59, 73, 122, -12]
[-12, 81, 5, 121, 60, -65, -121, 29]
[12, -78, -4, -115, -65, 53, 113, -33]
[8, 65, -25, 117, 73, -47, -111, 50]
[-11, -77, 3, -114, -76, 48, 104, -52]
[26, 59, -3, 109, 81, -36, -99, 72]
[-38, -59, 5, -103, -82, 24, 88, -75]
[47, 36, -14, 101, 90, -16, -78, 91]
[56, 21, -16, 81, 85, 3, -67, 97]
[-59, -36, 9, -73, -92, -14, 65, -100]
[-107, 115, 48, 113, 3, -122, -116, -75]
[-74, 0, 19, -51, -89, -38, 44, -100]
[78, -8, -23, 34, 92, 47, -35, 109]
[-87, 16, 34, -21, -90, -51, 22, -111]
[98, -21, -28, 12, 89, 58, -13, 124]
[-106, 35, 27, 1, -92, -65, 1, -125]
[112, -53, -26, -9, 84, 74, 15, 127]
[-116, 58, 46, 13, -84, -83, -27, -128]
[125, -57, -30, -28, 71, 91, 40, 127]
[69, -1, -21, 49, 87, 32, -46, 104]
[117, -83, -51, -52, 57, 110, 54, 126]
[-121, 89, 46, 65, -53, -115, -62, -113]
[21, 52, -2, 108, 80, -36, -95, 71]
[121, -99, -46, -94, 27, 121, 91, 106]
[-51, -18, 1, -85, -89, -4, 68, -97]
[119, -107, -48, -103, 14, 122, 106, 110]
[-112, 116, 37, 109, -10, -124, -112, -92]
[72, -4, -24, 49, 92, 36, -47, 106]
[-104, 114, 37, 118, 7, -122, -120, -59]
[76, -128, -43, -123, -11, 121, 117, 53]
[-103, 31, 34, 1, -85, -62, 3, -117]
[-120, 96, 38, 89, -33, -116, -86, -102]
[-50, 97, 28, 127, 42, -90, -119, -6]
[52, -93, -22, -128, -49, 84, 123, -2]
[111, -118, -38, -108, 8, 124, 114, 105]
[22, -83, 0, -125, -67, 66, 124, -20]
[-121, 80, 42, 60, -58, -114, -61, -115]
[-10, -65, 4, -111, -73, 48, 106, -46]
[25, 51, 2, 105, 85, -31, -92, 69]
[-37, -53, 6, -105, -84, 22, 84, -75]
[46, 34, -16, 90, 81, -10, -76, 88]
[-53, -29, 12, -82, -89, -3, 69, -95]
[62, 14, -17, 68, 93, 22, -55, 101]
[79, -5, -26, 36, 89, 44, -35, 111]
[-87, 23, 36, -22, -93, -54, 22, -113]
[99, -31, -36, 11, 85, 59, -9, 126]
[114, -47, -44, -11, 79, 75, 16, 127]
[-120, 59, 51, 19, -73, -85, -25, -128]
[120, -64, -44, -30, 74, 93, 42, 127]
[-121, 73, 34, 41, -68, -102, -49, -125]
[-123, 82, 39, 66, -55, -116, -64, -113]
[122, -94, -35, -77, 44, 118, 73, 117]
[-124, 94, 39, 87, -40, -121, -81, -105]
[121, -105, -43, -95, 36, 120, 89, 105]
[-121, 105, 34, 96, -19, -121, -99, -108]
[-108, 109, 29, 110, -9, -122, -114, -79]
[89, -119, -41, -117, -10, 120, 115, 70]
[-80, 120, 35, 122, 14, -123, -120, -44]
[70, -117, -41, -128, -23, 117, 120, 36]
[-71, 106, 43, 127, 29, -113, -121, -11]
[37, -109, -35, -128, -46, 98, 120, 0]
[-42, 107, 25, 127, 51, -88, -119, 1]
[43, -92, -17, -128, -48, 83, 123, -4]
[-25, 87, -7, 126, 61, -69, -122, 19]
[16, -88, -18, -121, -59, 64, 120, -25]
[-3, 77, 8, 117, 71, -51, -109, 45]
[29, 63, 0, 108, 77, -36, -94, 71]
[-38, -51, 1, -105, -88, 18, 83, -75]
[115, -61, -47, -20, 78, 84, 30, 127]
[114, -109, -47, -104, 13, 118, 109, 110]
[64, 14, -27, 65, 84, 20, -55, 101]
[-72, -8, 24, -57, -88, -35, 47, -101]
[81, -8, -27, 34, 89, 44, -38, 110]
[75, -109, -40, -128, -23, 117, 119, 40]
[99, -25, -31, 10, 86, 58, -13, 124]
[57, -103, -24, -128, -38, 97, 120, -1]
[112, -46, -33, -11, 79, 75, 17, 127]
[40, -103, -30, -128, -55, 81, 122, -4]
[108, -115, -52, -110, 6, 121, 113, 96]
[-121, 76, 38, 38, -67, -101, -47, -127]
[120, -81, -45, -54, 58, 110, 55, 127]
[-123, 84, 41, 67, -53, -116, -65, -111]
[121, -94, -55, -84, 38, 115, 74, 113]
[-121, 95, 44, 90, -27, -119, -84, -102]
[-40, -70, -3, -100, -84, 14, 79, -84]
[-121, 111, 45, 100, -19, -120, -105, -109]
[109, -108, -37, -107, 6, 120, 112, 98]
[121, -79, -47, -49, 63, 109, 53, 127]
[90, -126, -34, -121, -11, 122, 117, 60]
[-76, 121, 39, 127, 18, -121, -120, -30]
[65, -105, -28, -128, -28, 108, 120, 21]
[-57, 107, 31, 127, 25, -108, -123, -3]
[50, -95, -34, -128, -45, 90, 121, -3]
[25, -87, -3, -125, -56, 71, 121, -15]
[-10, 78, 7, 121, 65, -59, -120, 34]
[13, 65, 0, 113, 74, -46, -105, 58]
[-34, -59, 3, -107, -75, 33, 93, -64]
[-45, -28, 13, -95, -89, 7, 75, -90]
[55, 23, -12, 86, 94, 6, -64, 96]
[-31, 84, 19, 126, 62, -68, -120, 18]
[71, 2, -20, 55, 85, 30, -50, 105]
[-77, 3, 20, -42, -92, -43, 38, -105]
[-9, -71, 4, -114, -76, 47, 106, -47]
[-94, 17, 31, -12, -92, -57, 13, -116]
[104, -36, -44, -4, 83, 64, 0, 127]
[116, -53, -50, -19, 77, 83, 30, 127]
[-123, 65, 50, 30, -65, -92, -41, -128]
[-125, 79, 38, 54, -61, -112, -54, -120]
[124, -91, -42, -67, 57, 117, 64, 125]
[-73, 111, 20, 127, 36, -107, -120, -13]
[121, -94, -42, -89, 46, 120, 79, 113]
[-121, 103, 40, 94, -32, -119, -90, -104]
[55, 24, -6, 77, 86, 9, -61, 94]
[-117, 105, 47, 102, -14, -121, -108, -96]
[105, -103, -39, -111, 2, 119, 114, 88]
[-84, 1, 28, -30, -92, -48, 29, -106]
[79, -108, -32, -125, -19, 121, 116, 45]
[-75, 99, 20, 127, 28, -115, -121, -21]
[58, -112, -34, -128, -35, 107, 123, 17]
[-114, 42, 37, 13, -77, -79, -22, -128]
[41, -107, -27, -128, -51, 84, 123, -4]
[-121, 73, 38, 36, -69, -98, -45, -128]
[119, -80, -37, -49, 60, 107, 51, 127]
[-11, 79, 4, 120, 62, -59, -118, 36]
[122, -94, -41, -68, 52, 118, 65, 126]
[15, 67, 3, 112, 77, -44, -105, 58]
[-24, -58, -3, -107, -88, 30, 90, -64]
[38, 38, -4, 101, 83, -20, -84, 84]
[-49, -37, 19, -92, -91, 4, 72, -88]
[53, 23, -9, 75, 87, 7, -60, 94]
[-66, -19, 3, -68, -91, -18, 56, -97]
[9, -95, -8, -124, -69, 62, 118, -26]
[-81, 16, 21, -37, -88, -44, 36, -105]
[90, -16, -20, 24, 86, 56, -19, 117]
[29, 60, -8, 104, 82, -32, -92, 74]
[108, -41, -42, -4, 79, 68, 5, 127]
[-114, 50, 39, 10, -77, -77, -19, -128]
[119, -62, -34, -22, 72, 87, 33, 127]
[-119, 71, 37, 31, -73, -96, -44, -128]
[119, -77, -29, -45, 64, 105, 50, 127]
[121, -91, -38, -70, 53, 117, 67, 120]
[-120, 96, 37, 79, -45, -120, -76, -103]
[-124, 105, 42, 94, -21, -120, -97, -108]
[81, -116, -38, -102, 13, 120, 107, 112]
[-10, 84, 13, 115, 63, -58, -118, 34]
[98, -114, -42, -118, -5, 124, 115, 68]
[-81, 103, 37, 123, 16, -121, -118, -39]
[72, -122, -36, -128, -27, 112, 119, 32]
[-54, 106, 20, 127, 37, -103, -120, -4]
[56, -101, -22, -128, -42, 93, 119, 0]
[-39, 93, 22, 126, 49, -85, -121, 2]
[24, -91, -21, -127, -56, 73, 122, -12]
[-15, 87, 10, 123, 61, -62, -121, 30]
[0, -77, -5, -118, -71, 55, 111, -36]
[13, 72, 7, 114, 72, -47, -106, 55]
[-24, -61, 2, -108, -82, 33, 94, -63]
[-124, 98, 41, 92, -40, -121, -90, -105]
[-45, -21, 9, -93, -84, 10, 76, -89]
[54, 23, -11, 83, 85, 1, -67, 95]
[108, -119, -43, -110, 2, 122, 112, 103]
[-76, -11, 20, -52, -87, -41, 42, -102]
[-79, 107, 22, 124, 17, -119, -118, -31]
[-95, 22, 29, -11, -84, -57, 13, -114]
[104, -33, -41, 0, 86, 65, -2, 127]
[52, -92, -19, -127, -32, 90, 121, 0]
[118, -55, -36, -16, 84, 84, 30, 127]
[-123, 64, 33, 29, -77, -93, -43, -128]
[119, -79, -44, -45, 67, 105, 50, 127]
[-122, 85, 42, 59, -58, -112, -57, -118]
[121, -91, -45, -70, 49, 117, 68, 120]
[-39, -57, 6, -106, -81, 26, 88, -72]
[-120, 109, 44, 95, -23, -119, -95, -108]
[118, -113, -42, -102, 13, 120, 106, 111]
[124, -73, -45, -38, 68, 99, 45, 127]
[98, -118, -36, -114, 7, 121, 115, 80]
[-87, 112, 31, 120, 8, -120, -117, -47]
[77, -121, -34, -126, -19, 119, 117, 41]
[-68, 104, 23, 127, 29, -112, -121, -15]
[56, -110, -30, -128, -41, 98, 120, 1]
[-48, 101, 22, 127, 44, -92, -122, 0]
[39, -88, -1, -121, -45, 79, 121, -3]
[-16, 90, 10, 122, 59, -65, -119, 25]
[4, -78, -9, -120, -72, 51, 110, -33]
[11, 66, 16, 113, 74, -44, -104, 56]
[-24, -65, -7, -108, -83, 34, 93, -63]
[-123, 105, 38, 92, -28, -122, -91, -106]
[-47, -26, 10, -92, -89, 8, 74, -90]
[56, 21, -18, 77, 85, 9, -61, 96]
[-65, -9, 22, -67, -89, -22, 54, -98]
[72, 6, -31, 50, 91, 37, -47, 106]
[-83, 1, 18, -37, -95, -45, 33, -106]
[93, -19, -28, 17, 87, 54, -19, 117]
[-99, 29, 30, 0, -79, -62, 4, -120]
[109, -36, -34, -7, 78, 72, 9, 127]
[-117, 45, 39, 13, -78, -81, -23, -128]
[119, -55, -44, -28, 68, 91, 39, 127]
[-120, 71, 39, 38, -66, -101, -46, -127]
[120, -84, -43, -54, 58, 110, 55, 126]
[-120, 85, 40, 67, -59, -116, -63, -112]
[120, -98, -38, -79, 41, 116, 74, 116]
[-42, -40, 4, -99, -87, 11, 79, -84]
[-119, 108, 32, 100, -13, -119, -106, -102]
[71, 2, -18, 52, 84, 32, -49, 104]
[-80, 3, 16, -36, -89, -44, 36, -105]
[89, -106, -23, -124, -13, 123, 118, 57]
[-98, 18, 36, -8, -81, -59, 9, -119]
[71, -110, -28, -128, -32, 108, 120, 20]
[-56, 102, 19, 127, 37, -100, -121, -2]
[115, -58, -36, -22, 73, 87, 34, 127]
[22, -89, -4, -119, -51, 67, 122, -17]
[-120, 83, 43, 60, -52, -113, -59, -113]
[-6, -61, -9, -112, -75, 47, 103, -45]
[22, 55, -9, 108, 76, -36, -97, 66]
[47, 32, -9, 93, 82, -9, -76, 89]
[-55, -21, 10, -80, -88, -4, 66, -94]
[61, 7, -18, 67, 92, 20, -54, 99]
[-72, -5, 28, -50, -88, -38, 44, -100]
[82, -6, -27, 30, 85, 46, -34, 111]
[-92, 13, 25, -20, -91, -52, 18, -113]
[100, -32, -24, 11, 83, 63, -6, 127]
[-59, 104, 26, 127, 32, -104, -119, -5]
[116, -54, -41, -16, 72, 81, 25, 127]
[-122, 60, 41, 25, -75, -91, -39, -128]
[120, -76, -43, -41, 64, 101, 48, 127]
[-121, 63, 36, 51, -59, -110, -53, -119]
[14, 66, 0, 109, 73, -45, -103, 58]
[-123, 90, 42, 79, -47, -120, -73, -105]
[119, -97, -38, -90, 33, 117, 84, 110]
[-119, 107, 40, 94, -22, -119, -94, -107]
[123, -100, -42, -100, 14, 119, 105, 112]
[-117, 111, 40, 107, -3, -120, -112, -87]
[-122, 80, 24, 50, -59, -110, -53, -120]
[-93, 111, 28, 121, 11, -122, -118, -50]
[80, -108, -31, -127, -20, 123, 119, 44]
[-106, 36, 39, 2, -88, -67, 1, -124]
[57, -118, -20, -128, -38, 101, 120, 9]
[-49, 96, 16, 127, 43, -91, -119, -2]
[120, -66, -37, -33, 66, 93, 42, 127]
[-28, 81, 12, 127, 64, -69, -122, 18]
[12, -68, -5, -114, -65, 55, 113, -30]
[-120, 89, 40, 72, -48, -117, -68, -109]
[-24, -59, -3, -113, -81, 38, 97, -57]
[37, 44, 3, 103, 78, -24, -87, 79]
[119, -106, -41, -96, 19, 120, 98, 109]
[52, 26, -15, 79, 82, 5, -64, 93]
[-63, -25, 12, -63, -88, -24, 50, -97]
[77, 4, -27, 44, 85, 39, -40, 106]
[-84, 7, 17, -31, -92, -46, 30, -108]
[94, -26, -36, 13, 82, 55, -16, 121]
[54, -105, -14, -128, -36, 96, 119, 0]
[113, -49, -33, -12, 75, 76, 21, 127]
[-118, 62, 41, 22, -72, -86, -36, -128]
[-32, 88, 6, 123, 56, -70, -124, 22]
[120, -85, -48, -59, 54, 113, 59, 127]
[-19, -56, 2, -107, -78, 35, 96, -58]
[122, -101, -44, -87, 31, 115, 80, 112]
[-127, 95, 37, 90, -31, -119, -87, -104]
[53, 31, -7, 79, 87, 6, -63, 93]
[-116, 110, 32, 102, -17, -120, -107, -99]
[103, -110, -38, -112, 3, 121, 114, 89]
[-85, 8, 19, -31, -94, -47, 29, -107]
[77, -114, -39, -125, -17, 118, 116, 46]
[-68, 108, 25, 127, 22, -112, -119, -13]
[56, -115, -25, -128, -34, 101, 120, 1]
[-48, 103, 14, 127, 51, -91, -122, -2]
[40, -89, -18, -128, -56, 81, 123, -3]
[-26, 90, 17, 127, 58, -71, -122, 19]
[11, -72, -7, -116, -62, 58, 114, -29]
[6, 67, 5, 117, 72, -50, -109, 50]
[-19, -66, -3, -110, -78, 38, 96, -57]
[-43, -40, 4, -98, -94, 13, 78, -85]
[54, 28, -11, 78, 80, 2, -65, 93]
[-61, -9, 10, -68, -88, -19, 55, -97]
[72, 9, -29, 53, 89, 32, -47, 106]
[-82, 3, 23, -38, -88, -44, 36, -106]
[93, -23, -23, 23, 85, 53, -23, 117]
[-102, 28, 36, -6, -82, -60, 8, -119]
[107, -40, -35, -6, 79, 70, 7, 127]
[47, -89, -18, -128, -45, 88, 121, -2]
[120, -59, -42, -23, 72, 89, 37, 127]
[-120, 73, 45, 36, -66, -97, -44, -128]
[0, 75, 4, 116, 69, -53, -110, 42]
[-121, 84, 43, 64, -49, -115, -62, -112]
[118, -95, -44, -77, 40, 116, 72, 118]
[-32, -35, 8, -101, -84, 19, 82, -79]
[124, -83, -46, -94, 28, 119, 92, 106]
[-122, 113, 51, 98, -16, -120, -101, -109]
[61, 8, -10, 66, 92, 22, -55, 102]
[-110, 113, 34, 111, -5, -120, -115, -81]
[97, -121, -37, -118, -6, 121, 117, 74]
[-89, 16, 18, -17, -84, -53, 19, -110]
[73, -98, -32, -128, -24, 111, 116, 35]
[-64, 102, 22, 127, 36, -108, -120, -7]
[-110, 37, 31, 4, -80, -70, -7, -127]
[115, -59, -42, -15, 74, 81, 21, 127]
[-110, 110, 46, 107, -10, -123, -111, -94]
[-120, 82, 40, 47, -62, -105, -52, -124]
[9, -78, -5, -121, -73, 55, 113, -31]
[4, 73, 10, 115, 74, -45, -106, 51]
[121, -94, -31, -88, 35, 115, 78, 110]
[38, 55, 7, 104, 85, -21, -82, 80]
[-45, -24, 9, -90, -91, 5, 71, -87]
[-116, 108, 33, 103, -15, -122, -110, -93]
[-65, -14, 16, -60, -85, -24, 53, -98]
[74, 5, -16, 59, 89, 39, -44, 107]
[83, -117, -39, -125, -20, 119, 117, 44]
[94, -32, -34, 8, 83, 59, -14, 121]
[-108, 18, 39, -1, -83, -66, 1, -123]
[115, -49, -33, -13, 76, 74, 15, 127]
[-118, 59, 38, 18, -66, -85, -23, -128]
[116, -59, -41, -35, 60, 95, 42, 127]
[-123, 76, 47, 46, -61, -105, -51, -123]
[8, 69, 2, 114, 73, -48, -107, 49]
[-119, 90, 43, 74, -51, -118, -70, -108]
[121, -94, -46, -88, 34, 116, 79, 112]
[-121, 102, 42, 91, -32, -120, -90, -106]
[121, -112, -35, -98, 26, 118, 100, 110]
[-113, 112, 42, 104, -11, -120, -109, -97]
[77, -1, -34, 44, 83, 38, -42, 107]
[76, -113, -46, -127, -22, 117, 117, 41]
[-104, 30, 29, 2, -82, -66, 0, -124]
[56, -105, -25, -128, -39, 97, 120, 2]
[-46, 98, 20, 127, 33, -89, -120, -1]
[121, -64, -45, -34, 61, 95, 42, 127]
[-26, 88, -1, 122, 60, -68, -121, 22]
[8, -77, -4, -116, -64, 54, 108, -30]
[-116, 89, 40, 74, -45, -119, -70, -107]
[-24, -52, 5, -106, -75, 37, 92, -61]
[32, 45, -12, 104, 82, -20, -84, 82]
[-43, -40, 12, -93, -87, 9, 76, -88]
[56, 27, -25, 78, 83, 5, -64, 95]
[-64, -18, 19, -66, -88, -21, 54, -98]
[-90, 109, 36, 118, 11, -117, -116, -51]
[-82, 11, 27, -26, -84, -47, 30, -107]
[94, -20, -43, 17, 82, 54, -18, 120]
[61, -102, -32, -128, -37, 102, 122, 15]
[108, -42, -37, -8, 76, 71, 11, 127]
[-115, 60, 24, 17, -70, -80, -26, -128]
[-32, 84, 6, 122, 56, -70, -120, 16]
[-120, 75, 47, 44, -58, -100, -48, -124]
[118, -85, -34, -56, 60, 110, 56, 126]
[-16, -59, -7, -106, -70, 40, 97, -56]
[119, -99, -37, -85, 36, 117, 77, 113]
[-120, 99, 42, 92, -26, -119, -88, -104]
[55, 42, -22, 80, 82, 7, -62, 93]
[-62, -14, 35, -57, -89, -24, 56, -97]
[106, -112, -40, -110, 4, 122, 113, 87]
[-81, 12, 22, -31, -87, -47, 27, -108]
[64, -114, -31, -126, -21, 119, 117, 49]
[-63, 114, 33, 127, 28, -113, -120, -17]
[115, -55, -28, -11, 79, 73, 15, 127]
[41, -94, -24, -126, -50, 81, 121, -3]
[-119, 80, 33, 43, -64, -103, -49, -123]
[15, -99, -14, -119, -65, 56, 112, -29]
[6, 74, 2, 112, 69, -49, -108, 50]
[-19, -56, 25, -104, -71, 38, 92, -58]
[36, 41, -1, 100, 74, -21, -81, 81]
[-47, -31, 0, -87, -91, 4, 71, -88]
[56, 24, -16, 72, 84, 14, -58, 94]
[-66, -19, 20, -57, -80, -23, 54, -98]
[65, -4, -19, 44, 83, 39, -43, 107]
[-82, 26, 10, -26, -80, -50, 25, -109]
[-65, 110, 29, 127, 29, -111, -120, -13]
[-104, 39, 42, 1, -80, -68, -1, -125]
[114, -50, -44, -13, 69, 76, 18, 127]
[-118, 52, 32, 21, -69, -85, -29, -128]
[119, -74, -38, -33, 64, 95, 42, 127]
[-117, 77, 46, 43, -60, -103, -50, -126]
[114, -84, -33, -57, 53, 111, 58, 125]
[-119, 87, 46, 71, -44, -116, -67, -108]
[120, -93, -44, -83, 31, 116, 77, 114]
[-44, -41, 8, -94, -89, 11, 77, -86]
[119, -105, -32, -96, 19, 119, 98, 109]
[-117, 107, 33, 101, -17, -121, -107, -105]
[53, -3, -13, 51, 86, 34, -48, 105]
[-98, 115, 38, 116, 2, -121, -116, -64]
[83, -123, -35, -124, -15, 122, 117, 57]
[-97, 18, 29, -9, -83, -60, 9, -118]
[67, -103, -31, -128, -24, 108, 120, 23]
[-55, 102, 21, 127, 32, -102, -122, -3]
[119, -58, -31, -19, 72, 84, 26, 127]
[-45, 102, 13, 127, 49, -88, -123, 2]
[40, -101, -15, -128, -58, 84, 124, -9]
[-120, 76, 38, 43, -62, -102, -49, -128]
[15, -90, -10, -123, -64, 61, 119, -22]
[-6, 77, 8, 117, 63, -55, -116, 38]
[120, -91, -37, -69, 45, 117, 66, 124]
[12, 64, -3, 110, 76, -45, -104, 57]
[-21, -57, -10, -109, -79, 34, 97, -59]
[-127, 90, 52, 93, -26, -120, -88, -102]
[-46, -47, 4, -97, -85, 13, 79, -86]
[52, 27, -15, 86, 84, -2, -68, 94]
[116, -114, -46, -107, 3, 122, 109, 108]
[66, 23, -17, 62, 84, 21, -52, 103]
[-75, -20, 23, -47, -84, -35, 46, -100]
[-91, 109, 38, 122, 13, -123, -120, -53]
[-88, 13, 25, -29, -90, -51, 27, -109]
[94, -17, -27, 12, 87, 57, -15, 121]
[64, -104, -28, -128, -31, 104, 120, 17]
[111, -31, -36, -7, 81, 70, 9, 127]
[-116, 37, 40, 15, -79, -80, -23, -128]
[116, -59, -38, -27, 68, 90, 41, 127]
[118, -70, -38, -50, 55, 107, 51, 127]
[-125, 79, 36, 60, -54, -115, -59, -120]
[124, -87, -41, -72, 46, 119, 69, 123]
[-121, 92, 40, 84, -35, -120, -79, -105]
[122, -103, -46, -92, 25, 117, 87, 108]
[-51, -31, 3, -87, -86, 0, 68, -92]
[122, -105, -44, -102, 11, 119, 104, 110]
[-115, 109, 36, 107, -5, -121, -112, -92]
[76, -4, -28, 44, 87, 42, -40, 107]
[-88, 109, 24, 121, 11, -120, -118, -52]
[82, -121, -27, -126, -8, 124, 120, 52]
[120, -100, -34, -83, 36, 119, 78, 118]
[66, -96, -25, -128, -41, 103, 119, 18]
[-59, 105, 34, 127, 39, -100, -122, -2]
[120, -65, -34, -24, 69, 87, 33, 127]
[-44, 88, 16, 127, 49, -78, -121, 5]
[29, -87, -19, -127, -58, 70, 122, -14]
[-124, 81, 31, 54, -54, -110, -55, -120]
[5, -83, -12, -119, -72, 50, 110, -34]
[6, 68, 0, 112, 69, -46, -106, 53]
[125, -88, -44, -83, 35, 119, 79, 115]
[33, 51, 2, 104, 83, -27, -89, 79]
[-43, -44, 7, -97, -92, 10, 77, -86]
[49, 29, -12, 88, 86, 0, -66, 94]
[-120, 106, 33, 100, -18, -121, -104, -109]
[68, 4, -25, 64, 88, 26, -51, 103]
[91, -124, -38, -120, -13, 120, 115, 72]
[80, -10, -23, 36, 83, 45, -35, 111]
[-92, 20, 25, -21, -87, -54, 20, -111]
[-63, 107, 30, 127, 35, -107, -119, -10]
[114, -42, -33, -12, 77, 77, 17, 127]
[44, -97, -20, -128, -52, 80, 123, -5]
[118, -65, -31, -30, 71, 94, 42, 127]
[-119, 80, 52, 43, -61, -103, -49, -127]
[120, -78, -47, -56, 51, 110, 56, 127]
[-118, 91, 38, 70, -43, -115, -65, -109]
[119, -93, -38, -82, 43, 114, 75, 113]
[-119, 96, 50, 89, -30, -117, -86, -103]
[119, -101, -51, -96, 18, 117, 95, 108]
[-120, 108, 35, 101, -15, -121, -107, -105]
[108, -114, -39, -110, -3, 122, 114, 96]
[89, -109, -30, -124, -17, 123, 118, 61]
[-90, 94, 33, 127, 27, -119, -118, -30]
[66, -108, -26, -128, -31, 109, 119, 22]
[-59, 92, 15, 127, 31, -97, -120, -3]
[50, -95, -20, -128, -45, 86, 120, -2]
[-37, 100, 8, 126, 52, -80, -121, 4]
[17, -101, -17, -123, -66, 64, 119, -17]
[-3, 80, 10, 118, 63, -56, -114, 37]
[-7, -63, -6, -115, -71, 49, 103, -43]
[24, 61, -1, 109, 75, -37, -97, 64]
[-37, -55, 4, -104, -78, 24, 88, -71]
[45, 29, -1, 95, 87, -10, -76, 88]
[-53, -32, 10, -82, -85, -3, 66, -94]
[62, 22, -19, 65, 84, 16, -56, 99]
[-66, -18, 12, -60, -88, -29, 51, -100]
[77, 2, -34, 44, 91, 41, -42, 108]
[-85, 22, 25, -23, -85, -51, 24, -108]
[96, -31, -27, 9, 77, 58, -9, 121]
[-106, 41, 44, 4, -76, -68, -5, -124]
[113, -47, -37, -13, 71, 77, 19, 127]
[-121, 56, 41, 22, -72, -87, -32, -128]
[117, -72, -47, -34, 65, 98, 44, 127]
[-114, 85, 42, 47, -65, -107, -52, -122]
[119, -87, -41, -62, 47, 113, 60, 125]
[-123, 88, 39, 72, -44, -118, -68, -110]
[123, -93, -35, -87, 41, 118, 79, 114]
[-121, 99, 38, 93, -33, -120, -88, -103]
[-117, 45, 29, 15, -76, -82, -25, -128]
[-115, 111, 33, 102, -9, -120, -105, -106]
[69, 13, -20, 55, 89, 30, -48, 104]
[-98, 110, 40, 116, 9, -119, -116, -66]
[89, -102, -36, -121, -17, 120, 115, 59]
[57, -115, -24, -128, -30, 105, 118, 15]
[-53, 99, 12, 127, 35, -93, -119, -3]
[-33, 92, 14, 127, 58, -77, -122, 10]
[17, -100, -19, -126, -69, 66, 119, -19]
[-8, 72, 13, 121, 67, -55, -115, 40]
[-9, -61, 2, -114, -78, 44, 102, -47]
[17, 41, -8, 108, 76, -34, -94, 68]
[118, -100, -43, -94, 25, 119, 90, 109]
[48, 47, -12, 91, 84, -7, -74, 90]
[-62, -31, 20, -81, -86, -6, 65, -94]
[64, 10, -23, 65, 84, 21, -54, 100]
[82, 8, -10, 43, 89, 44, -40, 110]
[-88, 19, 25, -23, -88, -52, 26, -110]
[95, -34, -37, 8, 80, 59, -9, 123]
[-105, 45, 46, 6, -78, -68, -6, -123]
[114, -53, -44, -14, 67, 77, 21, 127]
[119, -69, -53, -35, 62, 96, 43, 127]
[-121, 75, 41, 48, -61, -107, -51, -121]
[119, -82, -50, -62, 49, 113, 61, 124]
[-120, 92, 49, 75, -36, -118, -70, -109]
[124, -92, -36, -87, 40, 119, 81, 113]
[-123, 101, 44, 94, -34, -120, -90, -105]
[121, -107, -40, -98, 16, 119, 101, 109]
[-115, 108, 26, 104, -5, -120, -109, -94]
[110, -112, -22, -113, -2, 122, 114, 88]
[-94, 117, 26, 120, 6, -123, -118, -60]
[79, -118, -39, -126, -21, 120, 119, 53]
[-78, 114, 31, 127, 32, -120, -121, -28]
[107, -41, -29, -7, 75, 71, 8, 127]
[-55, 94, 27, 127, 40, -97, -120, -2]
[48, -84, -18, -128, -51, 85, 119, -2]
[22, -88, -8, -123, -62, 65, 118, -20]
[56, -117, -32, -122, -16, 121, 116, 63]
[-8, -65, -4, -110, -72, 43, 102, -47]
[20, 46, -7, 107, 72, -34, -92, 70]
[48, 30, 2, 90, 86, -4, -68, 90]
[-58, -36, 10, -75, -82, -10, 60, -95]
[-104, 99, 42, 113, 2, -121, -116, -72]
[-75, 0, 19, -45, -88, -40, 40, -102]
[88, -3, -31, 26, 86, 51, -24, 114]
[69, -113, -29, -128, -29, 110, 119, 28]
[105, -21, -34, -3, 71, 65, 1, 127]
[-115, 38, 36, 12, -76, -77, -19, -128]
[-35, 98, 13, 126, 55, -78, -121, 6]
[24, -89, -23, -125, -64, 66, 119, -18]
[122, -81, -44, -45, 54, 106, 51, 127]
[-8, -74, 0, -110, -68, 49, 104, -43]
[123, -83, -55, -77, 39, 119, 70, 119]
[-120, 101, 53, 88, -30, -118, -80, -103]
[43, 35, -16, 90, 84, -9, -73, 89]
[118, -50, -33, -20, 67, 83, 28, 127]
[109, -113, -43, -106, 11, 120, 109, 111]
[-113, 101, 45, 111, 1, -121, -114, -79]
[-121, 79, 36, 58, -53, -113, -59, -115]
[-85, 106, 38, 125, 22, -121, -117, -38]
[90, -38, -44, -3, 76, 64, 0, 127]
[-58, 95, 18, 127, 39, -101, -119, -4]
[53, -87, -22, -128, -50, 88, 119, 0]
[-119, 72, 36, 31, -68, -94, -41, -128]
[121, -73, -57, -45, 61, 105, 50, 127]
[-10, 78, 7, 118, 64, -55, -116, 33]
[0, -73, -15, -118, -74, 52, 107, -39]
[-122, 90, 38, 85, -34, -119, -77, -104]
[-32, -49, -8, -103, -80, 23, 86, -70]
[43, 38, -6, 96, 89, -11, -75, 87]
[-123, 62, 38, 30, -65, -92, -41, -128]
[56, 21, -15, 67, 84, 15, -56, 99]
[-70, -18, 17, -57, -88, -30, 51, -100]
[-87, 10, 31, -21, -78, -51, 24, -109]
[97, -31, -29, 10, 80, 58, -8, 122]
[-103, 30, 33, 2, -75, -66, -1, -124]
[111, -50, -35, -12, 73, 75, 17, 127]
[-118, 56, 33, 18, -74, -84, -27, -128]
[110, -108, -36, -110, 2, 122, 114, 99]
[-125, 70, 36, 41, -65, -101, -48, -128]
[118, -79, -36, -51, 56, 109, 53, 127]
[119, -89, -48, -77, 37, 117, 70, 118]
[-120, 97, 39, 86, -34, -120, -81, -104]
[-108, 43, 35, 11, -79, -75, -15, -128]
[-118, 102, 42, 95, -23, -123, -99, -109]
[120, -107, -39, -104, 8, 120, 107, 110]
[-14, 78, 1, 120, 61, -57, -119, 30]
[97, -109, -24, -116, -5, 120, 113, 74]
[-87, 115, 38, 122, 13, -121, -118, -48]
[93, -24, -36, 9, 77, 57, -15, 123]
[-70, 113, 34, 127, 27, -113, -121, -16]
[54, -125, -29, -128, -41, 97, 119, 13]
[-119, 53, 38, 21, -78, -85, -36, -128]
[37, -84, -15, -127, -54, 79, 121, -5]
[-28, 84, 13, 121, 60, -67, -120, 19]
[117, -86, -36, -59, 50, 113, 58, 127]
[1, 68, 9, 115, 71, -49, -109, 47]
[-31, -87, -11, -109, -82, 38, 97, -57]
[-120, 102, 47, 92, -25, -117, -88, -102]
[54, 32, -15, 83, 82, 3, -66, 93]
[-60, -24, 17, -68, -85, -18, 56, -97]
[74, 13, -14, 55, 84, 35, -47, 105]
[-83, 8, 12, -35, -88, -44, 33, -105]
[-79, 107, 31, 127, 22, -120, -120, -30]
[-99, 22, 37, -8, -81, -60, 12, -119]
[110, -37, -40, -5, 78, 68, 3, 127]
[-114, 42, 45, 10, -75, -76, -16, -128]
[118, -59, -39, -21, 66, 84, 33, 127]
[-120, 53, 33, 29, -71, -91, -37, -128]
[120, -66, -52, -42, 60, 102, 47, 127]
[-92, 112, 25, 120, 8, -120, -117, -54]
[120, -84, -48, -63, 46, 114, 60, 126]
[-120, 87, 41, 72, -42, -119, -69, -112]
[121, -97, -50, -82, 30, 117, 79, 115]
[-119, 101, 43, 91, -26, -120, -86, -102]
[115, -105, -39, -96, 24, 120, 97, 106]
[-58, -21, 18, -69, -83, -16, 58, -96]
[111, -109, -45, -110, 1, 122, 112, 105]
[-96, 115, 44, 115, 9, -121, -116, -69]
[88, -113, -46, -123, -17, 122, 116, 59]
[-83, 111, 27, 127, 22, -121, -119, -34]
[65, -108, -21, -128, -34, 108, 118, 27]
[-112, 25, 33, 12, -72, -77, -16, -128]
[51, -106, -22, -128, -44, 88, 122, -1]
[-37, 94, 10, 125, 50, -79, -121, 3]
[25, -87, -19, -122, -54, 68, 121, -16]
[-119, 85, 54, 61, -49, -112, -57, -116]
[-4, -71, 7, -112, -71, 48, 103, -43]
[24, 74, 4, 108, 76, -39, -95, 64]
[-36, -67, 5, -102, -78, 24, 88, -71]
[39, 30, -19, 90, 77, -10, -76, 88]
[116, -104, -40, -105, 2, 118, 108, 111]
[66, 24, -12, 63, 84, 23, -54, 100]
[-71, -6, 17, -46, -83, -38, 42, -101]
[-81, 112, 33, 125, 30, -119, -116, -33]
[-91, 27, 26, -12, -82, -57, 12, -114]
[105, -36, -35, -5, 77, 66, 3, 127]
[51, -92, -17, -128, -43, 89, 121, 0]
[118, -62, -43, -24, 68, 89, 36, 127]
[-120, 66, 38, 39, -56, -99, -46, -128]
[-2, 75, 7, 116, 68, -50, -111, 41]
[-121, 84, 38, 67, -37, -116, -63, -113]
[119, -98, -40, -75, 33, 117, 72, 119]
[-56, 102, 22, 127, 43, -101, -121, -3]
[123, -107, -51, -95, 21, 120, 92, 105]
[-116, 98, 45, 98, -18, -122, -100, -107]
[62, 18, -12, 65, 82, 23, -52, 101]
[-114, 110, 47, 111, 2, -121, -116, -85]
[108, -115, -34, -118, -3, 124, 114, 86]
[-97, 118, 38, 122, 12, -123, -119, -60]
[78, -105, -35, -126, -18, 122, 119, 57]
[-76, 103, 25, 127, 23, -121, -120, -34]
[107, -30, -30, -5, 75, 66, 3, 127]
[-55, 96, 27, 127, 33, -102, -121, -2]
[47, -99, -24, -128, -50, 91, 120, -3]
[-40, 87, 31, 126, 51, -79, -119, 4]
[27, -94, -30, -128, -57, 72, 120, -11]
[-26, 71, 8, 120, 64, -61, -120, 31]
[4, -69, -3, -115, -71, 49, 108, -38]
[14, 64, 8, 112, 70, -41, -99, 58]
[-25, -49, -1, -107, -80, 29, 89, -66]
[41, 44, -5, 96, 80, -17, -79, 85]
[56, 24, -10, 72, 82, 12, -58, 97]
[-64, -11, 19, -61, -82, -24, 51, -99]
[60, -4, -32, 47, 85, 39, -47, 107]
[-78, 9, 20, -31, -84, -47, 30, -106]
[93, -19, -30, 23, 81, 56, -16, 118]
[-102, 29, 28, -1, -76, -63, 4, -120]
[111, -39, -36, -11, 73, 72, 14, 127]
[-114, 57, 38, 18, -70, -83, -28, -128]
[-23, 90, 22, 124, 59, -67, -120, 19]
[-120, 74, 44, 46, -57, -106, -50, -122]
[122, -84, -42, -60, 47, 113, 58, 127]
[-122, 84, 33, 71, -41, -119, -68, -112]
[123, -96, -45, -87, 37, 118, 78, 115]
[-121, 93, 42, 91, -26, -119, -89, -103]
[120, -105, -41, -98, 17, 119, 98, 108]
[-120, 110, 40, 103, -9, -119, -107, -102]
[118, -115, -41, -110, -8, 120, 113, 96]
[-78, 6, 22, -35, -80, -47, 34, -105]
[-73, 113, 33, 127, 25, -117, -119, -24]
[108, -39, -9, -7, 73, 71, 8, 127]
[-54, 99, 15, 127, 46, -95, -122, -4]
[46, -109, -26, -128, -52, 85, 122, -3]
[-122, 65, 51, 37, -64, -99, -45, -128]
[25, -77, -8, -126, -64, 63, 117, -19]
[-6, 79, 8, 116, 63, -54, -112, 39]
[-9, -73, -10, -111, -71, 44, 101, -45]
[25, 70, 1, 110, 81, -33, -93, 66]
[-41, -50, 1, -102, -84, 22, 81, -75]
[-118, 103, 42, 97, -13, -119, -102, -109]
[65, 15, -10, 59, 83, 26, -52, 101]
[-1, 75, 10, 118, 67, -54, -112, 40]
[87, -9, -24, 23, 81, 50, -24, 114]
[-97, 25, 49, -2, -83, -60, 10, -117]
[-53, 95, 26, 127, 45, -93, -120, -5]
[49, 44, -5, 82, 80, 2, -65, 91]
[114, -68, -36, -28, 66, 90, 38, 127]
[15, -78, -13, -119, -62, 56, 115, -25]
[118, -81, -52, -56, 50, 109, 56, 127]
[-121, 87, 36, 71, -40, -118, -66, -112]
[121, -96, -42, -82, 32, 117, 75, 116]
[-117, 103, 30, 91, -18, -120, -86, -104]
[119, -108, -44, -98, 15, 118, 99, 108]
[-111, 107, 47, 103, -12, -121, -108, -99]
[72, 4, -29, 41, 80, 39, -44, 106]
[121, -86, -42, -61, 45, 113, 58, 126]
[82, -123, -30, -127, -23, 119, 116, 52]
[-73, 103, 33, 127, 28, -110, -120, -21]
[61, -94, -32, -128, -40, 96, 119, 7]
[-49, 93, 21, 127, 42, -89, -118, -2]
[38, -87, -17, -125, -61, 70, 119, -4]
[-22, 86, 6, 120, 59, -63, -118, 23]
[1, -83, -18, -115, -70, 51, 108, -35]
[72, -114, -34, -128, -24, 115, 116, 37]
[-25, -60, 1, -104, -73, 25, 86, -68]
[44, 52, 7, 95, 82, -10, -76, 85]
[-40, 96, 29, 127, 53, -80, -120, 2]
[61, 14, -20, 60, 83, 21, -54, 99]
[-70, 4, 20, -51, -88, -32, 46, -101]
[-77, 118, 31, 125, 21, -118, -116, -40]
[-91, 22, 34, -10, -77, -55, 18, -113]
[101, -32, -30, -1, 76, 64, -2, 127]
[53, -95, -32, -128, -45, 92, 120, -2]
[116, -50, -32, -18, 71, 82, 26, 127]
[-116, 71, 36, 31, -61, -92, -40, -128]
[-19, 80, 9, 121, 66, -61, -117, 29]
[-119, 81, 45, 57, -48, -110, -56, -116]
[118, -86, -39, -70, 48, 116, 66, 118]
[-25, -61, 2, -101, -74, 23, 85, -70]
[117, -107, -40, -92, 23, 117, 88, 114]
[-121, 97, 43, 96, -25, -118, -99, -110]
[62, 16, -27, 60, 79, 25, -54, 100]
[-94, 118, 41, 111, 5, -121, -116, -77]
[99, -99, -34, -121, -14, 119, 113, 63]
[-97, 17, 32, -11, -80, -58, 13, -115]
[65, -106, -24, -128, -34, 107, 119, 25]
[-59, 101, 22, 127, 37, -97, -121, -4]
[41, -104, -25, -128, -49, 84, 120, 0]
[-33, 111, 23, 125, 48, -76, -122, 8]
[26, -73, -13, -123, -62, 65, 119, -19]
[-120, 77, 36, 70, -44, -115, -63, -110]
[-16, -71, -7, -112, -72, 43, 97, -51]
[24, 44, -10, 104, 75, -31, -92, 71]
[121, -107, -52, -96, 24, 120, 93, 106]
[47, 28, -14, 84, 77, -4, -69, 91]
[-56, -30, 29, -71, -82, -12, 59, -96]
[64, 11, -20, 56, 76, 27, -48, 103]
[-76, -9, 16, -41, -88, -41, 39, -102]
[84, -4, -28, 26, 85, 51, -25, 113]
[-95, 28, 31, -11, -81, -58, 11, -115]
[106, -35, -44, -5, 74, 67, 4, 127]
[-116, 41, 40, 17, -69, -77, -21, -128]
[116, -55, -38, -26, 68, 89, 37, 127]
[121, -79, -51, -53, 47, 111, 53, 127]
[-128, 80, 41, 67, -46, -116, -64, -114]
[-98, 27, 25, -6, -84, -61, 10, -118]
[-119, 90, 46, 90, -27, -120, -83, -102]
[122, -101, -27, -95, 18, 117, 94, 105]
[-57, -20, 13, -72, -86, -15, 56, -96]
[65, 7, -21, 60, 87, 29, -49, 102]
[-98, 111, 39, 115, 7, -121, -116, -69]
[-82, 106, 39, 127, 19, -119, -118, -33]
[66, -95, -26, -128, -26, 107, 118, 22]
[119, -103, -41, -94, 20, 117, 93, 106]
[45, -82, -24, -128, -52, 82, 120, -1]
[-33, 89, 10, 125, 51, -75, -120, 9]
[16, -88, -16, -124, -69, 58, 115, -21]
[-1, 80, 8, 117, 69, -51, -110, 43]
[-19, -86, -6, -109, -69, 42, 98, -51]
[-115, 101, 42, 89, -25, -118, -85, -102]
[47, 27, -10, 83, 85, 3, -65, 92]
[-59, -20, 8, -72, -87, -11, 60, -96]
[67, 13, -29, 57, 81, 30, -53, 104]
[-75, -9, 23, -44, -83, -43, 39, -102]
[-78, 109, 31, 126, 28, -117, -117, -34]
[-93, 25, 26, -8, -77, -57, 12, -114]
[90, -32, -35, -6, 74, 67, 6, 127]
[45, -92, -29, -128, -48, 83, 119, 0]
[119, -47, -29, -25, 66, 88, 35, 127]
[-121, 68, 40, 38, -63, -99, -45, -128]
