[-40, 79, 17, 107, 47, -72, -104, -1]
[63, -87, -17, -109, -27, 91, 98, 32]
[-74, 92, 22, 112, 20, -107, -103, -36]
[-81, 6, 21, -16, -69, -46, 14, -103]
[104, -21, -27, 2, 73, 68, 0, 127]
[121, -41, -33, -15, 77, 89, 19, 127]
[-23, 81, 11, 106, 48, -68, -102, 14]
[-68, 26, 21, 12, -41, -47, -11, -81]
[-36, -41, 9, -70, -67, 2, 56, -70]
[-91, 31, 24, 16, -51, -70, -26, -111]
[116, -56, -36, -27, 56, 94, 33, 127]
[-122, 63, 44, 48, -42, -108, -48, -128]
[127, -85, -48, -63, 45, 123, 62, 127]
[4, -61, 8, -114, -76, 39, 103, -51]
[127, -92, -48, -82, 28, 127, 79, 127]
[-127, 94, 38, 86, -25, -127, -82, -118]
[118, -94, -37, -90, 18, 120, 86, 116]
[108, -37, -33, -12, 71, 73, 14, 127]
[121, -94, -34, -96, 14, 116, 94, 105]
[-53, -42, 9, -87, -79, -3, 70, -93]
[125, -98, -35, -105, 5, 127, 104, 107]
[-127, 107, 43, 109, -9, -126, -106, -107]
[30, -90, -9, -125, -63, 69, 119, -12]
[-98, 106, 33, 114, 9, -121, -116, -91]
[100, -100, -31, -117, -13, 119, 114, 84]
[121, -74, -44, -60, 38, 112, 59, 127]
[86, -107, -26, -124, -21, 121, 118, 64]
[-90, 8, 27, -18, -74, -56, 14, -113]
[94, -14, -30, 13, 72, 62, -10, 125]
[-74, 108, 23, 127, 32, -112, -122, -29]
[66, -109, -21, -128, -37, 105, 122, 27]
[120, -95, -39, -96, 15, 120, 91, 112]
[64, -89, -16, -128, -45, 91, 120, 0]
[-51, 100, 16, 127, 43, -96, -121, 4]
[116, -48, -35, -24, 65, 87, 27, 127]
[-44, 93, 12, 127, 47, -84, -122, 7]
[40, -97, -13, -128, -55, 78, 121, -9]
[-120, 54, 36, 40, -53, -98, -37, -128]
[33, -92, -11, -127, -60, 70, 122, -10]
[-28, 89, 10, 125, 60, -65, -121, 16]
[22, -82, -8, -122, -61, 63, 116, -15]
[101, -106, -31, -119, -16, 121, 118, 81]
[11, -79, -5, -119, -68, 52, 110, -25]
[-125, 72, 37, 66, -40, -117, -65, -123]
[-2, -87, -4, -117, -69, 49, 112, -37]
[6, 78, 0, 117, 69, -47, -104, 47]
[-93, 6, 26, -20, -74, -59, 18, -115]
[-117, 79, 39, 78, -29, -122, -76, -113]
[-18, -62, 2, -108, -73, 34, 89, -56]
[-122, 92, 39, 85, -26, -124, -82, -112]
[119, -94, -34, -92, 19, 118, 86, 110]
[41, 52, -7, 92, 73, -12, -74, 86]
[120, -100, -39, -99, 10, 119, 98, 106]
[51, 39, -13, 80, 74, 2, -66, 93]
[-53, -36, 13, -81, -75, -3, 68, -97]
[56, 34, -15, 74, 83, 9, -64, 101]
[-58, -34, 15, -70, -83, -17, 58, -101]
[-126, 106, 33, 115, -4, -124, -113, -103]
[-65, -30, 17, -68, -83, -24, 57, -101]
[63, 21, -20, 63, 78, 21, -54, 100]
[106, -103, -33, -113, -5, 120, 115, 102]
[65, 16, -21, 53, 76, 30, -46, 101]
[-70, -14, 19, -51, -84, -31, 45, -98]
[73, 12, -22, 48, 79, 36, -43, 104]
[-76, -11, 22, -42, -81, -41, 39, -103]
[78, 3, -25, 39, 79, 43, -37, 112]
[93, -114, -28, -126, -23, 126, 121, 73]
[84, -2, -26, 30, 78, 49, -28, 116]
[-86, 2, 30, -25, -76, -55, 23, -110]
[-80, 109, 24, 127, 26, -120, -121, -44]
[-92, 13, 25, -16, -73, -59, 13, -114]
[94, -14, -30, 17, 72, 58, -13, 125]
[78, -109, -24, -128, -33, 117, 122, 43]
[-99, 12, 29, -5, -74, -67, 2, -121]
[100, -14, -29, 8, 67, 66, -7, 127]
[-101, 5, 30, -5, -67, -68, 5, -123]
[104, -20, -32, -1, 66, 69, 2, 127]
[66, -104, -21, -128, -40, 105, 120, 26]
[105, -24, -33, 2, 69, 71, 1, 127]
[-104, 23, 29, -3, -68, -72, -1, -127]
[103, -25, -33, 3, 70, 72, 1, 127]
[102, -23, -30, 6, 70, 69, -2, 127]
[-100, 22, 31, -10, -74, -68, 5, -123]
[-97, 14, 27, -16, -75, -64, 9, -119]
[94, -13, -30, 20, 75, 61, -15, 126]
[3, 74, 0, 115, 70, -45, -105, 54]
[88, -5, -29, 27, 76, 56, -23, 122]
[-85, -2, 26, -31, -73, -45, 27, -111]
[-104, 113, 30, 125, 19, -126, -124, -80]
[-79, -11, 22, -44, -81, -44, 39, -105]
[74, 19, -22, 49, 79, 37, -44, 109]
[-25, 85, 8, 126, 61, -66, -122, 17]
[64, 23, -20, 60, 78, 25, -55, 103]
[-61, -25, 17, -71, -83, -19, 61, -97]
[-57, -40, 18, -80, -83, 2, 68, -94]
[49, 38, -14, 85, 80, 3, -70, 99]
[-40, -46, 10, -93, -78, 1, 77, -86]
[-111, 35, 32, 11, -70, -80, -12, -128]
[36, 50, -11, 105, 81, -12, -86, 89]
[-29, -59, 6, -109, -80, 20, 89, -72]
[-127, 90, 41, 85, -28, -125, -81, -116]
[-16, -70, 1, -114, -78, 36, 96, -55]
[3, 80, 2, 117, 68, -48, -107, 52]
[125, -72, -40, -61, 44, 115, 62, 127]
[-128, 62, 37, 51, -53, -108, -52, -128]
[31, -97, -11, -128, -65, 75, 124, -17]
[-39, 98, 14, 127, 60, -80, -124, 14]
[50, -103, -17, -128, -54, 87, 126, 4]
[-59, 102, 16, 127, 46, -95, -125, -4]
[105, -23, -32, 4, 72, 75, 2, 127]
[-73, 111, 20, 127, 33, -115, -126, -29]
[89, -104, -16, -128, -31, 119, 127, 57]
[91, -108, -23, -125, -19, 122, 118, 73]
[-102, 106, 26, 122, 16, -123, -118, -75]
[69, 22, -22, 56, 77, 30, -52, 105]
[122, -105, -34, -116, 2, 127, 112, 99]
[-57, -42, 12, -82, -84, -9, 69, -92]
[-124, 99, 37, 106, -15, -126, -100, -107]
[127, -99, -37, -101, 19, 126, 97, 118]
[-128, 92, 38, 93, -22, -128, -90, -115]
[126, -87, -42, -85, 24, 127, 83, 127]
[-128, 81, 39, 79, -30, -125, -78, -122]
[125, -79, -39, -72, 37, 122, 72, 127]
[-126, 75, 38, 62, -45, -114, -66, -128]
[79, 0, -24, 43, 75, 40, -38, 116]
[119, -49, -37, -34, 64, 97, 28, 127]
[-114, 36, 36, 23, -66, -90, -19, -128]
[110, -33, -35, -9, 69, 82, 11, 127]
[-105, 22, 30, -2, -73, -74, -3, -128]
[99, -16, -31, 15, 75, 65, -8, 127]
[-94, 2, 27, -26, -80, -59, 17, -120]
[89, 4, -29, 35, 78, 52, -27, 122]
[-82, -9, 28, -43, -80, -44, 35, -108]
[74, 18, -23, 52, 80, 35, -45, 110]
[-69, -27, 20, -62, -83, -28, 53, -99]
[62, 38, -17, 70, 80, 18, -63, 100]
[-42, -50, 12, -91, -79, -1, 75, -85]
[38, 54, -12, 104, 77, -15, -81, 90]
[-31, -62, 9, -109, -81, 19, 87, -75]
[26, 64, -7, 109, 78, -26, -91, 77]
[-20, -73, 1, -116, -78, 35, 99, -57]
[3, 77, -1, 119, 72, -47, -108, 53]
[7, -85, -5, -122, -72, 54, 114, -32]
[-125, 62, 37, 52, -51, -110, -57, -128]
[-36, 92, 10, 127, 60, -73, -121, 13]
[118, -44, -38, -30, 64, 94, 28, 127]
[-53, 105, 14, 127, 54, -90, -126, 5]
[63, -105, -17, -128, -46, 98, 127, 21]
[-107, 24, 34, -2, -74, -77, -5, -128]
[78, -110, -21, -128, -34, 111, 125, 40]
[-84, 113, 26, 127, 29, -118, -125, -41]
[86, 6, -27, 34, 78, 52, -28, 121]
[-99, 110, 27, 126, 17, -122, -123, -69]
[102, -109, -29, -123, -13, 124, 119, 89]
[-69, -25, 21, -58, -81, -29, 53, -99]
[113, -106, -35, -118, -7, 127, 116, 97]
[-119, 105, 35, 114, 4, -126, -110, -102]
[123, -103, -37, -111, 3, 126, 108, 109]
[114, -30, -34, -21, 64, 86, 1, 127]
[126, -102, -40, -98, 19, 127, 93, 125]
[-37, -58, 9, -101, -75, 13, 76, -75]
[121, -89, -39, -91, 17, 121, 85, 114]
[-123, 83, 36, 82, -30, -125, -81, -114]
[126, -81, -41, -80, 27, 124, 79, 127]
[-3, -81, -2, -119, -75, 44, 104, -44]
[-128, 74, 37, 65, -43, -118, -69, -128]
[126, -71, -39, -60, 43, 114, 62, 127]
[-128, 62, 36, 50, -49, -109, -51, -128]
[124, -57, -36, -44, 51, 102, 43, 127]
[-123, 47, 39, 36, -57, -95, -34, -128]
[117, -42, -36, -29, 58, 90, 26, 127]
[-114, 33, 34, 21, -63, -85, -20, -128]
[111, -26, -33, -4, 71, 79, 10, 127]
[-105, 14, 31, -5, -72, -76, -1, -128]
[100, -14, -32, 14, 73, 66, -9, 127]
[9, 78, -3, 116, 72, -40, -102, 59]
[89, 2, -27, 28, 76, 56, -23, 121]
[-84, -9, 23, -38, -79, -39, 30, -109]
[17, -88, -5, -124, -65, 63, 118, -20]
[-71, -18, 20, -56, -83, -33, 52, -101]
[64, 29, -22, 66, 81, 19, -60, 102]
[-43, 95, 14, 127, 56, -82, -125, 9]
[50, 40, -16, 81, 80, 6, -71, 99]
[-43, -52, 9, -96, -82, 2, 77, -82]
[67, -109, -19, -128, -41, 108, 126, 29]
[-28, -69, 9, -107, -81, 16, 85, -72]
[21, 66, -6, 108, 75, -31, -94, 73]
[126, -82, -41, -73, 41, 123, 75, 127]
[12, -82, -4, -123, -71, 64, 107, -29]
[-125, 58, 37, 48, -56, -107, -48, -128]
[-40, 96, 11, 127, 59, -81, -121, 12]
[115, -38, -37, -25, 62, 90, 25, 127]
[-60, 105, 16, 127, 50, -94, -124, -3]
[71, -104, -19, -128, -43, 103, 126, 27]
[127, -95, -43, -89, 23, 125, 87, 126]
[76, -109, -22, -128, -36, 114, 124, 41]
[-87, 113, 24, 127, 25, -117, -124, -45]
[83, 7, -29, 39, 75, 43, -34, 119]
[-104, 111, 28, 127, 19, -123, -123, -78]
[-127, 63, 40, 51, -51, -108, -48, -128]
[-63, -31, 19, -71, -81, -18, 62, -96]
[119, -104, -36, -113, 0, 126, 109, 97]
[-123, 100, 34, 108, -6, -124, -104, -102]
[127, -99, -37, -106, 12, 126, 100, 119]
[-126, 95, 37, 97, -22, -128, -94, -118]
[127, -93, -40, -87, 24, 126, 88, 127]
[-128, 90, 38, 80, -29, -126, -81, -123]
[126, -79, -38, -72, 32, 122, 73, 127]
[-125, 74, 38, 65, -39, -115, -68, -127]
[124, -71, -39, -58, 44, 112, 61, 127]
[-126, 57, 39, 50, -51, -108, -48, -128]
[124, -54, -38, -43, 53, 103, 40, 127]
[-119, 44, 37, 33, -61, -97, -30, -128]
[-59, 104, 16, 127, 47, -98, -124, -5]
[-111, 27, 30, 12, -68, -83, -15, -128]
[106, -23, -32, 2, 69, 74, 2, 127]
[-101, 15, 31, -12, -74, -68, 6, -128]
[95, -5, -31, 23, 73, 60, -16, 127]
[-87, -5, 27, -32, -78, -55, 24, -115]
[-101, 112, 28, 124, 13, -125, -122, -76]
[-76, -13, 22, -49, -80, -36, 40, -103]
[68, 25, -23, 57, 81, 20, -51, 105]
[123, -104, -34, -114, 5, 127, 105, 97]
[52, 40, -15, 82, 81, 8, -74, 96]
[-41, -46, 13, -91, -82, 5, 78, -81]
[-126, 93, 36, 91, -25, -126, -89, -118]
[10, 72, -5, 115, 78, -36, -102, 63]
[127, -74, -40, -63, 43, 113, 66, 127]
[-19, 88, 2, 124, 64, -63, -119, 33]
[27, -90, -7, -128, -59, 71, 122, -19]
[-119, 48, 36, 36, -60, -97, -34, -128]
[43, -99, -12, -128, -52, 83, 123, 2]
[-57, 101, 13, 127, 48, -96, -124, -3]
[107, -23, -34, -1, 73, 76, 3, 127]
[-73, 110, 19, 127, 34, -112, -127, -27]
[80, -111, -22, -128, -33, 118, 125, 49]
[-90, -3, 26, -33, -76, -52, 23, -116]
[96, -112, -30, -128, -17, 127, 123, 79]
[-108, 108, 28, 124, 10, -128, -121, -90]
[63, 30, -20, 68, 81, 16, -59, 100]
[-119, 103, 36, 115, -1, -128, -108, -97]
[123, -101, -35, -110, 6, 127, 104, 111]
[-29, -60, 8, -105, -81, 16, 86, -71]
[127, -89, -36, -89, 24, 127, 89, 127]
[-126, 85, 37, 81, -31, -124, -82, -122]
[2, 77, -2, 116, 70, -44, -106, 51]
[-125, 75, 40, 66, -39, -116, -69, -127]
[126, -68, -40, -58, 46, 113, 61, 127]
[-128, 58, 38, 49, -54, -109, -49, -128]
[31, -96, -10, -128, -62, 78, 124, -16]
[-120, 47, 38, 36, -58, -98, -36, -128]
[-56, 104, 17, 127, 43, -97, -126, -6]
[-111, 29, 33, 11, -65, -83, -13, -128]
[106, -24, -34, 5, 70, 74, 1, 127]
[-100, 12, 28, -15, -79, -70, 5, -128]
[92, -1, -27, 30, 81, 59, -21, 127]
[-87, -9, 26, -39, -81, -50, 25, -112]
[78, 16, -23, 45, 79, 37, -40, 111]
[64, 28, -20, 64, 81, 25, -54, 99]
[-58, -43, 14, -82, -84, -9, 72, -88]
[45, 45, -16, 87, 81, -1, -73, 93]
[-33, -58, 9, -103, -79, 11, 82, -74]
[-8, -71, 1, -119, -82, 38, 103, -54]
[-3, 81, 2, 122, 71, -51, -109, 47]
[13, -92, -4, -126, -65, 64, 117, -27]
[-124, 56, 35, 46, -53, -103, -46, -128]
[38, -95, -13, -128, -56, 76, 121, -14]
[-47, 98, 11, 127, 56, -84, -124, 8]
[59, -105, -17, -128, -51, 94, 127, 21]
[-72, 110, 18, 127, 40, -111, -128, -28]
[97, -5, -30, 24, 72, 63, -15, 127]
[-87, -6, 28, -37, -74, -49, 27, -117]
[97, -110, -28, -125, -18, 123, 121, 86]
[-110, 105, 29, 120, 9, -126, -117, -92]
[115, -105, -31, -116, -3, 126, 112, 92]
[125, -101, -37, -108, 8, 127, 101, 117]
[-127, 102, 34, 96, -24, -128, -94, -122]
[-128, 81, 35, 78, -32, -122, -80, -125]
[126, -78, -39, -66, 36, 117, 70, 127]
[124, -59, -37, -48, 50, 106, 47, 127]
[-122, 47, 37, 38, -55, -100, -33, -128]
[113, -50, -37, -29, 58, 92, 24, 127]
[-110, 33, 33, 15, -61, -85, -17, -128]
[106, -24, -31, 1, 64, 76, 6, 127]
[-100, 19, 29, -13, -72, -68, -1, -128]
[94, -4, -30, 26, 75, 60, -19, 127]
[-86, -5, 28, -38, -78, -49, 29, -115]
[-71, -42, 18, -57, -81, -31, 50, -101]
[-49, -40, 15, -81, -82, -9, 69, -86]
[110, -31, -33, -8, 65, 80, 10, 127]
[-28, -58, 10, -105, -78, 15, 86, -71]
[20, 75, -5, 109, 76, -30, -94, 72]
[-12, -75, 2, -116, -75, 38, 101, -52]
[-3, 76, -1, 119, 72, -47, -107, 50]
[124, -64, -38, -57, 45, 111, 60, 127]
[-23, 94, 6, 127, 60, -70, -120, 22]
[-46, 100, 12, 127, 53, -88, -125, 11]
[-118, 43, 36, 31, -60, -94, -29, -128]
[-66, 107, 17, 127, 43, -104, -127, -18]
[-128, 85, 33, 85, -26, -128, -87, -123]
[-88, 103, 23, 127, 30, -117, -125, -48]
[94, -116, -27, -128, -23, 121, 124, 72]
[-104, 110, 25, 124, 19, -123, -123, -79]
[-117, 105, 32, 116, 3, -127, -111, -96]
[120, -103, -34, -113, 2, 127, 107, 107]
[-125, 100, 36, 104, -13, -128, -100, -113]
[127, -95, -36, -93, 21, 127, 92, 127]
[-128, 86, 38, 80, -29, -126, -84, -128]
[-125, 69, 36, 60, -45, -112, -65, -128]
[122, -61, -37, -51, 50, 107, 54, 127]
[-122, 52, 34, 41, -53, -101, -40, -128]
[118, -44, -33, -32, 58, 95, 31, 127]
[107, -26, -32, -2, 68, 78, 5, 127]
[-103, 14, 29, -11, -73, -71, 4, -128]
[-87, -7, 27, -38, -76, -48, 28, -115]
[78, 7, -24, 46, 74, 38, -37, 113]
[-71, -15, 19, -55, -80, -30, 49, -99]
[60, 34, -17, 74, 81, 15, -64, 98]
[-47, -47, 14, -85, -83, -6, 73, -83]
[69, -109, -18, -128, -46, 102, 126, 34]
[-21, -59, 9, -111, -74, 21, 91, -65]
[11, 71, -6, 111, 71, -37, -97, 65]
[-100, 70, 21, 127, 20, -122, -123, -69]
[-12, 90, 5, 125, 64, -64, -117, 34]
[31, -96, -9, -128, -64, 75, 124, -20]
[-117, 45, 33, 32, -61, -95, -25, -128]
[-122, 101, 31, 106, -10, -128, -93, -110]
[-62, 103, 16, 127, 40, -104, -125, -22]
[99, -2, -27, 16, 74, 67, -7, 127]
[-90, 110, 21, 127, 32, -117, -122, -50]
[-107, 107, 31, 124, 15, -124, -122, -84]
[108, -105, -30, -120, -11, 126, 117, 90]
[-117, 106, 30, 115, 4, -128, -110, -96]
[123, -102, -35, -112, 3, 127, 106, 109]
[-125, 96, 35, 104, -16, -128, -99, -113]
[125, -95, -38, -95, 16, 125, 93, 124]
[-127, 73, 31, 86, -26, -126, -86, -123]
[-93, 0, 27, -28, -73, -61, 17, -122]
[-128, 77, 38, 65, -38, -117, -71, -128]
[127, -65, -38, -57, 50, 114, 62, 127]
[35, -98, -10, -128, -59, 78, 124, -16]
[119, -45, -37, -38, 60, 100, 34, 127]
[-113, 41, 34, 28, -65, -91, -25, -128]
[-69, 102, 13, 127, 39, -104, -125, -19]
[-103, 24, 35, 0, -64, -75, -15, -128]
[99, -5, -28, 17, 70, 65, -9, 127]
[-91, 0, 27, -30, -78, -54, 25, -121]
[-74, -24, 17, -57, -81, -27, 48, -104]
[119, -45, -36, -35, 57, 95, 28, 127]
[-48, -47, 15, -83, -78, -4, 73, -84]
[40, 56, -12, 99, 80, -8, -83, 85]
[-81, 110, 21, 127, 42, -114, -127, -38]
[8, 71, -4, 116, 72, -39, -105, 60]
[6, -85, -3, -122, -71, 54, 110, -38]
[-23, 89, 2, 126, 66, -67, -118, 30]
[-117, 101, 31, 116, 6, -126, -112, -93]
[-46, 97, 14, 127, 52, -88, -125, 8]
[-30, -56, 9, -103, -81, 11, 81, -69]
[-69, 107, 21, 127, 48, -104, -124, -23]
[78, -111, -23, -128, -38, 112, 126, 51]
[99, -112, -28, -128, -20, 123, 124, 83]
[-110, 110, 29, 124, 15, -127, -120, -92]
[-123, 54, 35, 44, -50, -103, -41, -128]
[-119, 103, 33, 114, 1, -128, -107, -96]
[123, -98, -35, -109, 4, 127, 101, 116]
[-23, -62, 8, -108, -77, 21, 92, -64]
[127, -89, -36, -83, 31, 127, 86, 127]
[-128, 80, 35, 75, -31, -122, -78, -128]
[-18, 88, 1, 125, 67, -62, -118, 33]
[123, -49, -38, -41, 55, 101, 37, 127]
[-51, 101, 11, 127, 55, -88, -124, 11]
[107, -29, -33, -5, 67, 84, 9, 127]
[-100, 16, 26, -11, -73, -75, 2, -128]
[-97, 111, 27, 127, 23, -120, -125, -70]
[-83, -12, 23, -46, -78, -41, 32, -115]
[74, 30, -20, 56, 76, 26, -47, 110]
[121, -99, -32, -114, 6, 127, 105, 106]
[42, 51, -12, 97, 79, -5, -79, 87]
[-27, -60, -5, -105, -76, 13, 87, -64]
[-127, 81, 34, 76, -33, -123, -80, -128]
[-3, -84, 2, -119, -71, 48, 106, -41]
[-18, 85, 5, 123, 61, -60, -117, 33]
[34, -96, -6, -128, -62, 75, 122, -21]
[-43, 104, 13, 127, 55, -92, -124, 15]
[54, -107, -15, -128, -47, 92, 125, 21]
[-76, 103, 18, 127, 40, -109, -126, -29]
[-101, 108, 27, 127, 23, -120, -128, -71]
[109, -108, -29, -126, -18, 126, 124, 90]
[125, -100, -34, -114, 3, 127, 104, 105]
[-124, 92, 34, 98, -15, -128, -94, -117]
[127, -84, -38, -83, 25, 127, 84, 127]
[-127, 78, 37, 70, -32, -118, -76, -128]
[127, -65, -34, -57, 45, 110, 62, 127]
[-125, 50, 32, 44, -52, -102, -42, -128]
[118, -42, -36, -33, 57, 94, 26, 127]
[-95, 7, 30, -22, -70, -59, 15, -126]
[86, 9, -25, 40, 74, 45, -32, 124]
[-79, -7, 24, -39, -73, -42, 32, -107]
[-61, -32, 15, -76, -79, -11, 65, -91]
[-124, 98, 35, 104, -10, -128, -99, -116]
[-24, -60, 9, -106, -81, 16, 88, -65]
[18, 72, -6, 111, 77, -30, -100, 66]
[-5, -81, 1, -117, -73, 40, 103, -46]
[-11, 79, 0, 120, 65, -52, -109, 39]
[28, -94, -10, -128, -60, 75, 121, -22]
[-114, 41, 33, 22, -64, -94, -20, -128]
[-78, 106, 20, 127, 40, -114, -127, -37]
[87, 2, -25, 32, 71, 52, -24, 125]
[-104, 110, 26, 126, 17, -121, -126, -81]
[113, -108, -29, -122, -11, 127, 120, 90]
[-120, 101, 32, 116, 6, -128, -106, -93]
[126, -97, -36, -105, 10, 127, 99, 118]
[-127, 82, 35, 89, -24, -128, -89, -126]
[-4, 83, 0, 118, 69, -48, -109, 47]
[-128, 72, 38, 61, -40, -111, -68, -128]
[127, -57, -39, -47, 51, 104, 47, 127]
[52, -110, -16, -128, -50, 94, 124, 13]
[109, -30, -32, -12, 64, 86, 16, 127]
[-102, 23, 29, -1, -65, -78, -3, -128]
[96, -9, -29, 16, 70, 67, -11, 127]
[-88, -8, 25, -36, -76, -48, 25, -120]
[76, 22, -24, 56, 79, 28, -44, 117]
[-63, -36, 16, -74, -83, -16, 61, -98]
[44, 48, -13, 92, 80, -2, -77, 88]
[-26, -61, 8, -105, -77, 18, 89, -63]
[6, 76, -7, 110, 70, -33, -102, 60]
[6, -85, -1, -122, -70, 48, 112, -35]
[-23, 88, 6, 127, 66, -68, -118, 29]
[37, -98, -10, -128, -60, 83, 123, -7]
[117, -48, -37, -35, 54, 96, 29, 127]
[71, -122, -20, -128, -48, 105, 125, 42]
[-87, 113, 21, 127, 32, -112, -127, -50]
[96, -112, -27, -128, -25, 120, 126, 81]
[-112, 108, 29, 123, 11, -124, -121, -93]
[120, -105, -34, -118, -3, 127, 112, 91]
[-33, -50, 12, -100, -78, 6, 83, -71]
[125, -93, -38, -96, 16, 127, 93, 127]
[-126, 84, 36, 80, -28, -126, -83, -128]
[-128, 62, 35, 54, -47, -107, -58, -128]
[124, -54, -34, -43, 54, 101, 41, 127]
[-116, 41, 34, 31, -57, -93, -28, -128]
[110, -33, -33, -15, 61, 86, 16, 127]
[-102, 22, 26, -3, -70, -78, -3, -128]
[-90, -3, 24, -33, -74, -53, 25, -121]
[77, 24, -18, 55, 83, 35, -20, 117]
[121, -106, -33, -117, -2, 127, 107, 101]
[44, 48, -12, 96, 79, -5, -79, 88]
[-26, -54, 10, -103, -80, 16, 83, -64]
[-128, 78, 36, 74, -31, -122, -78, -128]
[-101, 111, 27, 127, 19, -121, -127, -76]
[-17, 91, 5, 126, 68, -65, -119, 30]
[121, -50, -36, -37, 51, 97, 32, 127]
[-54, 104, 13, 127, 53, -95, -125, 4]
[63, -111, -19, -128, -45, 107, 126, 40]
[-94, 0, 24, -29, -74, -63, 19, -126]
[81, 11, -23, 48, 79, 34, -38, 120]
[-116, 108, 29, 123, 10, -123, -118, -91]
[43, 44, -15, 90, 76, -1, -74, 89]
[127, -84, -35, -80, 27, 127, 83, 127]
[12, -87, -3, -123, -65, 57, 114, -30]
[127, -62, -34, -54, 44, 108, 55, 127]
[-121, 47, 31, 39, -56, -98, -35, -128]
[127, -96, -35, -95, 16, 127, 93, 127]
[-103, 16, 30, -5, -71, -78, 0, -128]
[93, -2, -27, 24, 71, 63, -18, 127]
[-84, -11, 23, -43, -77, -49, 30, -117]
[-115, 106, 32, 117, 12, -125, -112, -92]
[-58, -39, 13, -76, -83, -14, 61, -93]
[41, 50, -14, 96, 75, -3, -77, 86]
[-25, -63, 8, -108, -79, 17, 90, -64]
[8, 73, -4, 114, 74, -35, -101, 61]
[7, -81, -1, -122, -68, 51, 111, -37]
[-26, 85, 5, 127, 67, -69, -120, 29]
[42, -97, -11, -128, -59, 90, 124, -8]
[-59, 104, 15, 127, 51, -98, -124, -6]
[79, -108, -22, -128, -40, 107, 126, 51]
[-91, 106, 21, 127, 29, -117, -123, -56]
[98, -109, -24, -127, -23, 121, 121, 86]
[-71, -28, 21, -63, -77, -22, 54, -104]
[121, -106, -34, -117, -2, 127, 110, 97]
[-120, 99, 30, 109, -10, -128, -101, -105]
[125, -91, -33, -98, 15, 127, 95, 123]
[-128, 85, 37, 83, -25, -128, -86, -128]
[127, -72, -36, -71, 32, 121, 76, 127]
[-128, 63, 36, 57, -42, -110, -61, -128]
[122, -57, -37, -46, 55, 102, 41, 127]
[-115, 40, 32, 31, -59, -93, -24, -128]
[106, -27, -33, -4, 59, 81, 8, 127]
[-97, 9, 27, -17, -71, -71, 9, -127]
[87, 5, -28, 33, 69, 50, -26, 126]
[-123, 49, 33, 41, -52, -98, -37, -128]
[53, 35, -16, 76, 79, 9, -66, 101]
[-31, -55, 9, -102, -79, 11, 81, -68]
[-128, 81, 35, 75, -30, -124, -80, -128]
[2, -79, -1, -118, -70, 46, 109, -36]
[-21, 86, 1, 124, 64, -64, -118, 29]
[120, -50, -33, -39, 51, 96, 35, 127]
[-51, 96, 10, 127, 48, -90, -124, 7]
[68, -103, -14, -128, -45, 105, 126, 34]
[-95, 9, 26, -19, -72, -69, 10, -128]
[94, -110, -22, -128, -27, 121, 127, 73]
[-108, 112, 27, 127, 21, -124, -122, -85]
[61, 36, -18, 72, 75, 11, -65, 102]
[-120, 100, 32, 114, -6, -128, -104, -98]
[125, -95, -36, -98, 11, 127, 94, 124]
[16, 69, -4, 113, 76, -26, -97, 66]
[127, -74, -36, -66, 36, 116, 70, 127]
[-128, 58, 33, 52, -44, -105, -53, -128]
[-41, 103, 12, 127, 53, -91, -126, 9]
[-112, 33, 31, 20, -66, -88, -21, -128]
[103, -19, -31, 6, 70, 78, -1, 127]
[95, -114, -29, -128, -29, 121, 124, 86]
[84, 15, -25, 45, 74, 42, -33, 123]
[-73, -22, 17, -59, -74, -28, 47, -108]
[51, 38, -15, 77, 76, 7, -68, 98]
[-32, -52, 9, -102, -79, 11, 83, -70]
[11, 69, -8, 109, 75, -26, -94, 66]
[2, -78, 1, -117, -76, 39, 105, -43]
[-17, 81, 2, 124, 62, -67, -118, 34]
[32, -97, -10, -128, -63, 78, 123, -23]
[-49, 103, 13, 127, 58, -89, -122, 9]
[-127, 91, 32, 95, -20, -128, -93, -122]
[-88, 115, 21, 127, 32, -116, -128, -51]
[99, -110, -27, -128, -21, 123, 127, 91]
[127, -54, -36, -47, 48, 102, 46, 127]
[120, -104, -34, -116, -2, 127, 107, 102]
[-124, 93, 33, 102, -11, -128, -96, -113]
[6, 73, -4, 114, 76, -37, -102, 56]
[-128, 76, 35, 70, -40, -118, -76, -128]
[127, -67, -37, -57, 40, 109, 61, 127]
[-127, 51, 34, 44, -48, -101, -43, -128]
[117, -40, -32, -32, 59, 93, 26, 127]
[-107, 28, 29, 11, -65, -85, -13, -128]
[99, -15, -29, 13, 72, 73, -6, 127]
[76, 14, -24, 52, 76, 32, -41, 118]
[119, -101, -32, -116, 0, 127, 106, 101]
[-27, -71, 6, -106, -75, 17, 88, -62]
[-128, 70, 32, 69, -31, -119, -75, -128]
[16, -85, -4, -125, -71, 57, 95, -31]
[-30, 96, 7, 127, 62, -80, -120, 26]
[112, -33, -32, -15, 59, 89, 20, 127]
[-72, 110, 17, 127, 44, -111, -124, -27]
[81, -111, -19, -128, -36, 117, 127, 60]
[-82, -11, 23, -42, -78, -44, 29, -116]
[107, -111, -28, -123, -14, 124, 121, 91]
[-120, 106, 31, 118, 5, -127, -109, -92]
[31, 58, -8, 105, 77, -16, -86, 77]
[-128, 84, 34, 90, -19, -128, -89, -126]
[127, -71, -33, -74, 29, 123, 79, 127]
[25, -92, -9, -128, -65, 68, 120, -26]
[126, -52, -34, -46, 47, 101, 45, 127]
[-115, 39, 31, 26, -59, -94, -22, -128]
[-78, 102, 20, 127, 35, -116, -127, -42]
[-95, 8, 27, -18, -68, -69, 9, -126]
[85, 6, -25, 38, 72, 49, -29, 124]
[114, -101, -28, -120, -14, 124, 116, 89]
[-43, -47, 13, -88, -76, 0, 75, -79]
[18, 61, -10, 105, 72, -18, -89, 74]
[-10, -69, 3, -113, -75, 28, 97, -52]
[-6, 81, 1, 120, 68, -49, -112, 44]
[22, -94, -9, -128, -63, 69, 120, -26]
[-116, 42, 33, 32, -57, -93, -27, -128]
[63, -108, -16, -128, -50, 99, 126, 23]
[-80, 108, 20, 127, 40, -114, -127, -39]
[94, -116, -24, -128, -30, 120, 124, 76]
[-109, 111, 25, 126, 18, -124, -123, -78]
[100, -105, -24, -120, -24, 119, 117, 89]
[69, 16, -22, 49, 74, 33, -47, 106]
[126, -107, -38, -116, 3, 127, 109, 106]
[-123, 103, 32, 104, -13, -128, -97, -116]
[4, 72, -3, 117, 77, -36, -106, 60]
[-128, 77, 36, 73, -36, -121, -78, -128]
[127, -65, -33, -58, 44, 111, 61, 127]
[45, -98, -10, -128, -53, 87, 121, -2]
[114, -36, -33, -31, 55, 90, 12, 127]
[-104, 22, 29, -1, -69, -80, -2, -128]
[-6, -80, 1, -119, -77, 41, 102, -42]
[-84, -2, 25, -43, -72, -42, 34, -119]
[73, 28, -19, 61, 76, 24, -50, 111]
[124, -98, -33, -108, 3, 127, 101, 111]
[22, 55, -10, 103, 78, -15, -84, 77]
[-10, -73, 3, -115, -79, 31, 98, -50]
[-128, 72, 34, 60, -41, -112, -66, -128]
[21, -84, -5, -126, -63, 64, 119, -27]
[-39, 93, 9, 127, 58, -80, -121, 20]
[107, -29, -29, -8, 62, 85, 13, 127]
[-72, 107, 15, 127, 40, -111, -127, -32]
[93, -112, -19, -128, -29, 120, 127, 70]
[-79, -18, 21, -54, -77, -33, 42, -114]
[-121, 100, 29, 114, -2, -128, -105, -94]
[21, 63, -7, 107, 74, -22, -92, 68]
[-128, 81, 33, 82, -24, -127, -84, -128]
[127, -75, -35, -68, 32, 116, 73, 127]
[-128, 55, 35, 50, -46, -105, -53, -128]
[-108, 26, 28, 9, -67, -85, -11, -128]
[-86, 107, 17, 127, 29, -114, -125, -51]
[104, -107, -26, -127, -25, 122, 125, 90]
[76, 19, -23, 54, 75, 33, -45, 118]
[119, -109, -31, -117, -1, 127, 109, 101]
[39, 44, -15, 86, 76, -1, -71, 90]
[-24, -71, 7, -107, -79, 21, 90, -61]
[3, 73, -5, 115, 72, -38, -101, 55]
[9, -87, -2, -120, -72, 50, 111, -32]
[-30, 90, 5, 127, 63, -72, -119, 27]
[45, -99, -10, -128, -57, 89, 123, 2]
[-62, 106, 18, 127, 53, -106, -126, -21]
[82, -113, -22, -128, -38, 118, 127, 59]
[-97, 109, 23, 127, 28, -119, -125, -68]
[109, -109, -26, -125, -19, 123, 122, 90]
[-116, 105, 28, 118, 6, -127, -112, -92]
[122, -101, -32, -113, 1, 127, 103, 108]
[-126, 85, 33, 94, -17, -128, -92, -123]
[127, -67, -33, -77, 26, 126, 78, 127]
[-128, 66, 34, 63, -37, -111, -71, -128]
[127, -55, -37, -47, 43, 102, 45, 127]
[-114, 41, 31, 32, -59, -93, -25, -128]
[105, -28, -32, -4, 60, 83, 8, 127]
[-96, 7, 26, -17, -66, -69, 9, -126]
[84, 6, -24, 39, 82, 54, -26, 125]
[-77, -18, 23, -50, -74, -33, 39, -110]
[63, 30, -20, 65, 75, 15, -58, 105]
[-44, -48, 13, -89, -78, -1, 73, -80]
[27, 54, -12, 103, 73, -18, -85, 75]
[-13, -74, 2, -119, -77, 39, 103, -47]
[-14, 85, 2, 122, 70, -65, -118, 38]
[28, -93, -10, -128, -66, 72, 121, -27]
[-111, 36, 31, 20, -56, -86, -21, -128]
[68, -104, -16, -128, -48, 102, 125, 34]
[-77, 108, 19, 127, 36, -113, -125, -40]
[83, 9, -24, 43, 72, 45, -34, 123]
[-112, 108, 28, 125, 15, -126, -123, -94]
[123, -109, -31, -120, -3, 127, 112, 102]
[-22, -60, 9, -106, -78, 18, 87, -61]
[126, -87, -36, -85, 19, 127, 87, 127]
[-128, 67, 33, 69, -34, -118, -74, -128]
[-32, 85, 7, 127, 62, -77, -111, 24]
[-119, 53, 33, 39, -57, -98, -36, -128]
[109, -30, -32, -18, 60, 87, 18, 127]
[85, -111, -18, -128, -38, 115, 126, 58]
[94, -4, -29, 24, 69, 63, -16, 127]
[-84, -10, 24, -41, -77, -44, 30, -117]
[-116, 105, 29, 118, 7, -126, -112, -91]
[-52, -42, 14, -80, -80, -15, 65, -88]
[28, 58, -12, 103, 79, -12, -81, 78]
[127, -83, -35, -77, 27, 127, 81, 127]
[-92, -1, 26, -25, -71, -62, 16, -123]
[-33, 100, 8, 127, 55, -82, -120, 23]
[53, -107, -16, -128, -55, 98, 126, 13]
[-74, 109, 16, 127, 46, -111, -128, -33]
[88, -112, -20, -128, -32, 121, 127, 71]
[-102, 108, 27, 126, 22, -122, -122, -86]
[114, -106, -31, -121, -9, 126, 116, 89]
[-121, 101, 30, 111, -3, -128, -103, -98]
[123, -96, -33, -98, 14, 127, 93, 122]
[-127, 74, 30, 79, -21, -126, -83, -127]
[127, -68, -36, -66, 33, 117, 71, 127]
[119, -44, -32, -36, 55, 95, 30, 127]
[-105, 26, 30, 9, -62, -84, -11, -128]
[-99, 104, 21, 127, 23, -118, -128, -67]
[-85, -19, 21, -42, -69, -42, 29, -120]
[69, 28, -21, 61, 70, 22, -52, 112]
[122, -97, -29, -106, 10, 127, 100, 113]
[26, 56, -12, 103, 73, -16, -85, 76]
[-6, -74, 4, -116, -70, 39, 100, -46]
[-128, 64, 32, 56, -44, -109, -60, -128]
[28, -94, -4, -128, -65, 71, 122, -25]
[-43, 100, 11, 127, 56, -81, -123, 14]
[64, -112, -18, -128, -52, 96, 126, 26]
[-78, 110, 15, 127, 36, -114, -126, -35]
[89, -109, -23, -128, -33, 117, 125, 70]
[-78, -23, 24, -54, -74, -31, 43, -113]
[116, -108, -30, -123, -10, 127, 118, 89]
[-119, 106, 33, 112, -5, -128, -103, -102]
[125, -92, -35, -96, 11, 127, 93, 127]
[127, -68, -35, -61, 33, 111, 65, 127]
[52, -105, -14, -128, -58, 88, 124, 7]
[112, -35, -34, -18, 60, 88, 17, 127]
[-102, 19, 29, -6, -67, -77, 2, -128]
[89, -1, -25, 26, 71, 60, -18, 126]
[-80, -21, 21, -47, -70, -36, 36, -114]
[61, 32, -20, 70, 75, 15, -58, 107]
[-43, -47, 13, -90, -79, 0, 74, -79]
[-105, 16, 29, 6, -66, -83, -8, -128]
[-5, -79, 6, -116, -69, 37, 104, -45]
[-21, 85, 0, 121, 63, -61, -116, 37]
[39, -96, -7, -128, -62, 74, 123, -24]
[-53, 102, 12, 127, 54, -93, -125, 4]
[69, -107, -19, -128, -50, 106, 126, 41]
[-83, 107, 19, 127, 40, -112, -126, -47]
[99, -114, -26, -127, -29, 119, 124, 82]
[-110, 110, 28, 124, 17, -123, -121, -93]
[-122, 100, 29, 111, -5, -128, -103, -103]
[126, -93, -35, -95, 16, 127, 93, 127]
[-128, 83, 32, 79, -23, -124, -83, -128]
[127, -68, -34, -63, 40, 114, 70, 127]
[-128, 45, 32, 46, -53, -103, -46, -128]
[113, -36, -29, -24, 60, 93, 25, 127]
[-101, 30, 30, 3, -67, -82, -8, -128]
[92, -12, -25, 14, 67, 69, -15, 127]
[-83, -11, 21, -38, -75, -48, 27, -118]
[71, 24, -21, 59, 75, 24, -48, 113]
[-52, -40, 14, -79, -78, -8, 67, -90]
[32, 54, -14, 98, 76, -8, -81, 84]
[-20, -66, 5, -107, -75, 18, 91, -59]
[1, 80, -2, 117, 70, -42, -105, 50]
[-114, 111, 27, 125, 13, -125, -121, -93]
[-43, 97, 8, 127, 58, -84, -123, 23]
[59, -107, -13, -128, -50, 99, 125, 19]
[-96, 8, 27, -16, -65, -70, 10, -125]
[98, -104, -26, -128, -30, 121, 125, 77]
[-101, 107, 24, 124, 20, -119, -124, -85]
[57, 37, -16, 72, 73, 11, -62, 102]
[-123, 90, 31, 113, -3, -128, -104, -100]
[125, -93, -35, -97, 13, 127, 95, 127]
[-1, -75, 3, -115, -68, 41, 105, -42]
[126, -72, -36, -67, 30, 116, 72, 127]
[-128, 58, 37, 51, -37, -105, -52, -128]
[-108, 27, 30, 8, -59, -86, -11, -128]
[99, -8, -26, 16, 66, 71, -8, 127]
[-128, 62, 32, 57, -40, -109, -61, -128]
[75, 21, -21, 55, 77, 33, -43, 114]
[-58, -47, 15, -74, -79, -14, 59, -93]
[-124, 91, 32, 98, -12, -128, -94, -117]
[-21, -61, 7, -107, -73, 20, 92, -58]
[0, 73, -3, 116, 68, -41, -108, 51]
[127, -67, -33, -52, 44, 106, 55, 127]
[119, -107, -31, -118, -6, 127, 111, 98]
[55, -104, -14, -128, -53, 95, 125, 13]
[-99, 9, 26, -13, -71, -74, 25, -127]
[86, -101, -24, -128, -36, 118, 127, 74]
[-105, 111, 27, 125, 24, -120, -125, -85]
[119, -108, -29, -121, -7, 127, 114, 94]
[-124, 94, 30, 108, -8, -128, -99, -107]
[126, -91, -32, -91, 20, 127, 90, 127]
[15, -86, -5, -125, -69, 58, 113, -30]
[-117, 41, 32, 36, -53, -96, -32, -128]
[-77, 109, 17, 127, 36, -112, -125, -36]
[-94, 6, 25, -19, -67, -71, 7, -125]
[86, 4, -24, 33, 74, 53, -24, 123]
[-77, -22, 19, -54, -75, -33, 41, -110]
[47, -96, -8, -128, -55, 84, 124, -2]
[-41, -48, 11, -92, -79, 3, 73, -78]
[19, 72, -10, 109, 74, -21, -94, 70]
[-85, -12, 23, -41, -72, -44, 30, -118]
[-17, 85, 1, 123, 66, -61, -118, 33]
[37, -98, -10, -128, -58, 79, 122, -13]
[-62, 105, 15, 127, 46, -103, -125, -11]
[79, -114, -19, -128, -37, 116, 127, 58]
[-97, 109, 23, 127, 26, -119, -127, -71]
[-118, 101, 28, 116, 2, -127, -109, -90]
[-126, 87, 32, 92, -18, -128, -89, -123]
[-89, -5, 22, -31, -74, -55, 20, -124]
[-128, 65, 35, 61, -37, -112, -68, -128]
[127, -54, -34, -49, 46, 103, 48, 127]
[-116, 34, 32, 34, -54, -94, -29, -128]
[106, -19, -28, -3, 63, 83, 10, 127]
[-95, 7, 26, -18, -75, -72, 7, -126]
[84, 4, -24, 36, 71, 45, -30, 124]
[-70, -29, 17, -56, -79, -31, 49, -109]
[53, 46, -14, 73, 80, 13, -62, 100]
[-36, -53, 10, -99, -79, 8, 77, -72]
[16, 64, -9, 110, 76, -24, -91, 68]
[127, -73, -35, -68, 30, 117, 73, 127]
[-17, 89, 2, 124, 66, -63, -119, 32]
[36, -96, -8, -128, -57, 82, 122, -16]
[74, -106, -19, -128, -44, 109, 127, 45]
[-89, 109, 20, 127, 32, -115, -127, -57]
[75, 20, -23, 52, 70, 33, -42, 116]
[-118, 103, 28, 121, 11, -125, -115, -92]
[122, -100, -31, -115, 0, 127, 105, 108]
[-18, -70, 4, -109, -76, 24, 92, -55]
[127, -81, -34, -80, 23, 127, 83, 127]
[-128, 74, 31, 63, -37, -116, -72, -128]
[123, -60, -33, -48, 45, 104, 50, 127]
[-114, 37, 33, 34, -55, -93, -26, -128]
[106, -26, -30, -2, 63, 82, 7, 127]
[96, -112, -24, -128, -29, 119, 126, 79]
[86, 14, -23, 36, 72, 47, -29, 123]
[-74, -26, 20, -58, -76, -27, 47, -109]
[-124, 96, 29, 109, -6, -128, -100, -104]
[-32, -59, 9, -102, -75, 12, 81, -68]
[12, 69, -2, 110, 72, -28, -96, 64]
[1, -83, -4, -118, -72, 47, 108, -38]
[-19, 90, 9, 127, 65, -65, -120, 30]
[41, -97, -10, -128, -53, 82, 124, -9]
[-58, 100, 10, 127, 49, -100, -125, -10]
[96, -11, -29, 16, 65, 70, -9, 127]
[-90, 113, 22, 127, 33, -118, -127, -62]
[111, -112, -29, -127, -20, 124, 127, 92]
[-119, 106, 30, 119, 3, -128, -113, -91]
[119, -99, -31, -108, 5, 127, 100, 113]
[-126, 85, 32, 88, -20, -128, -88, -125]
[-128, 54, 33, 55, -44, -107, -60, -128]
[121, -46, -35, -41, 48, 98, 34, 127]
[-108, 28, 31, 15, -57, -86, -16, -128]
[99, -12, -29, 9, 63, 74, -3, 127]
[-88, -4, 24, -31, -67, -55, 22, -122]
[-118, 104, 29, 121, 7, -127, -114, -91]
[-55, -39, 15, -77, -76, -10, 65, -93]
[32, 50, -12, 99, 74, -6, -80, 82]
[127, -75, -34, -76, 23, 124, 80, 127]
[-9, 87, 2, 121, 68, -54, -115, 40]
[27, -94, -7, -128, -63, 71, 122, -26]
[-111, 29, 28, 19, -57, -89, -21, -128]
[67, -106, -15, -128, -43, 102, 125, 37]
[-83, 105, 16, 127, 34, -117, -125, -50]
[94, -108, -25, -128, -29, 120, 124, 83]
[80, 7, -23, 41, 73, 43, -32, 120]
[-66, -32, 18, -65, -73, -20, 55, -106]
[-118, 33, 33, 35, -54, -96, -30, -128]
[-29, -63, 9, -102, -77, 14, 85, -65]
[125, -88, -33, -91, 14, 127, 90, 127]
[-128, 72, 31, 75, -26, -122, -78, -128]
[-27, 90, 3, 127, 59, -66, -119, 29]
[117, -41, -34, -34, 54, 94, 27, 127]
[76, -111, -19, -128, -37, 112, 126, 51]
[97, -9, -31, 17, 64, 70, -9, 127]
[-86, -8, 23, -33, -73, -51, 23, -120]
[-114, 103, 26, 120, 13, -125, -116, -92]
[-60, -37, 16, -69, -80, -18, 58, -96]
[38, 51, -14, 93, 76, -7, -77, 85]
[126, -88, -34, -84, 17, 127, 85, 127]
[5, 72, -5, 114, 73, -35, -103, 56]
[10, -83, -3, -122, -70, 53, 110, -31]
[-120, 50, 32, 42, -51, -99, -38, -128]
[109, -34, -33, -16, 56, 87, 17, 127]
[-78, 102, 13, 127, 44, -110, -126, -27]
[88, 5, -25, 28, 71, 59, -19, 125]
[-104, 111, 24, 127, 21, -121, -126, -83]
[113, -106, -27, -122, -11, 125, 118, 90]
[-117, 101, 29, 114, 2, -127, -105, -95]
[27, 61, -10, 104, 74, -17, -88, 74]
[-9, -75, 4, -115, -72, 34, 101, -48]
[127, -75, -36, -73, 27, 122, 77, 127]
[73, 21, -25, 55, 75, 29, -44, 115]
[122, -46, -34, -44, 53, 101, 41, 127]
[-111, 33, 30, 21, -56, -90, -22, -128]
[-94, 5, 26, -19, -72, -69, 6, -124]
[84, 12, -25, 39, 70, 47, -27, 124]
[-75, -29, 19, -57, -78, -27, 45, -109]
[53, 45, -13, 75, 77, 10, -65, 100]
[-30, -58, 9, -102, -76, 9, 82, -69]
[-126, 76, 33, 77, -23, -121, -81, -128]
[-26, 91, 5, 127, 64, -68, -118, 28]
[114, -36, -33, -23, 55, 91, 24, 127]
[-61, 100, 13, 127, 45, -104, -127, -20]
[82, -109, -20, -128, -38, 117, 127, 63]
[127, -72, -34, -67, 29, 115, 72, 127]
[110, -105, -27, -124, -22, 121, 121, 90]
[-119, 103, 28, 117, 3, -126, -109, -91]
[22, 58, -10, 105, 73, -20, -87, 73]
[-126, 88, 34, 89, -16, -128, -88, -128]
[127, -73, -34, -70, 26, 120, 76, 127]
[37, -101, -8, -128, -64, 77, 122, -14]
[-48, -52, 14, -85, -76, -3, 70, -83]
[-106, 23, 29, 8, -60, -83, -12, -128]
[-93, 109, 20, 127, 27, -120, -126, -65]
[-85, -11, 23, -38, -73, -49, 26, -119]
[68, 30, -19, 61, 75, 22, -51, 112]
[122, -96, -33, -105, 6, 127, 99, 117]
[25, 60, -14, 104, 72, -22, -88, 72]
[-6, -75, 3, -113, -72, 39, 99, -45]
[-17, 82, 1, 124, 68, -58, -116, 32]
[37, -97, -9, -128, -63, 76, 124, -15]
[-61, 103, 12, 127, 53, -95, -124, -1]
[96, -13, -29, 14, 68, 72, -6, 127]
[104, -110, -25, -126, -23, 121, 124, 92]
[-53, -37, 16, -74, -77, -12, 62, -91]
[125, -98, -34, -111, -1, 127, 104, 108]
[-124, 89, 32, 96, -12, -128, -92, -122]
[-5, 78, -2, 117, 71, -45, -109, 46]
[-128, 65, 33, 63, -35, -113, -71, -128]
[124, -52, -33, -48, 45, 103, 47, 127]
[-115, 35, 31, 29, -54, -92, -24, -128]
[-91, -2, 24, -28, -75, -60, 17, -124]
[78, 21, -21, 52, 79, 35, -43, 119]
[-61, -36, 15, -69, -76, -19, 56, -98]
[35, 44, -13, 94, 75, -6, -76, 84]
[-19, -65, 9, -109, -80, 23, 90, -56]
[-127, 73, 31, 67, -32, -117, -73, -128]
[19, -87, -3, -125, -65, 58, 114, -28]
[-38, 97, 5, 127, 58, -79, -122, 23]
[107, -29, -31, -11, 61, 87, 15, 127]
[-74, 107, 14, 127, 47, -111, -126, -33]
[91, -111, -22, -128, -32, 118, 127, 74]
[-112, 109, 24, 125, 20, -120, -124, -92]
[49, 41, -16, 78, 72, 3, -67, 97]
[125, -86, -31, -89, 19, 127, 88, 127]
[-128, 71, 32, 71, -29, -119, -76, -128]
[123, -60, -32, -57, 41, 109, 60, 127]
[111, -33, -31, -20, 53, 87, 19, 127]
[-100, 14, 28, -6, -63, -77, -1, -128]
[91, 1, -28, 25, 65, 58, -18, 127]
[-79, -16, 22, -45, -72, -41, 37, -116]
[60, 34, -17, 68, 76, 18, -56, 107]
[-37, -60, 10, -96, -77, 4, 72, -76]
[4, -79, -1, -120, -71, 50, 107, -34]
[-34, 89, 6, 127, 59, -74, -120, 28]
[51, -105, -14, -128, -55, 89, 126, 8]
[-80, 109, 15, 127, 44, -113, -126, -36]
[84, 9, -24, 37, 70, 50, -29, 121]
[-101, 109, 24, 123, 24, -119, -123, -84]
[117, -95, -25, -119, -9, 126, 115, 89]
[-32, -57, 10, -101, -79, 5, 79, -71]
[124, -95, -33, -96, 10, 127, 94, 127]
[-126, 84, 32, 83, -21, -127, -85, -127]
[-17, 84, 4, 125, 70, -57, -114, 35]
[-128, 55, 33, 56, -39, -108, -60, -128]
[121, -50, -34, -43, 50, 100, 39, 127]
[68, -112, -15, -128, -47, 106, 127, 37]
[103, -21, -30, 3, 59, 79, 1, 127]
[-92, -5, 22, -24, -70, -62, 13, -125]
[-117, 104, 27, 123, 10, -125, -119, -93]
[-68, -36, 16, -69, -80, -19, 55, -101]
[39, 47, -11, 89, 74, -2, -71, 89]
[127, -83, -32, -83, 27, 127, 85, 127]
[8, 76, -5, 113, 73, -35, -105, 55]
[10, -75, -2, -117, -72, 42, 105, -35]
[-26, 91, 5, 126, 63, -65, -117, 26]
[42, -98, -9, -128, -59, 82, 126, -5]
[-60, 106, 15, 127, 51, -99, -126, -11]
[78, -114, -19, -128, -42, 112, 127, 55]
[-87, -8, 25, -35, -72, -47, 23, -121]
[108, -105, -27, -126, -21, 123, 124, 90]
[-116, 101, 24, 118, 9, -124, -112, -90]
[119, -103, -32, -110, -1, 127, 102, 108]
[-126, 89, 32, 96, -17, -128, -93, -122]
[127, -84, -34, -76, 29, 125, 81, 127]
[-128, 65, 33, 58, -39, -113, -63, -128]
[121, -45, -32, -42, 49, 99, 36, 127]
[-106, 31, 29, 12, -56, -86, -15, -128]
[97, -14, -27, 8, 58, 73, -2, 127]
[-86, -5, 24, -28, -69, -57, 19, -119]
[75, 21, -21, 52, 72, 32, -42, 116]
[-56, -40, 16, -73, -73, -12, 65, -95]
[69, -110, -17, -128, -51, 100, 126, 35]
[-15, -73, 4, -112, -71, 25, 93, -53]
[-126, 68, 31, 65, -28, -114, -72, -128]
[-42, 98, 9, 127, 58, -79, -120, 22]
[105, -17, -29, -1, 62, 82, 6, 127]
[-86, 111, 19, 127, 41, -118, -128, -51]
[100, -113, -25, -128, -27, 123, 127, 91]
[-63, -31, 17, -65, -77, -20, 53, -102]
[119, -102, -30, -116, -8, 127, 108, 101]
[-124, 89, 30, 101, -10, -128, -96, -115]
[2, 74, -4, 115, 71, -38, -105, 53]
[-127, 71, 33, 68, -31, -117, -74, -128]
[127, -61, -35, -55, 42, 108, 58, 127]
[54, -99, -11, -128, -56, 92, 125, 10]
[108, -33, -31, -17, 56, 87, 18, 127]
[-100, 15, 29, -4, -64, -77, 0, -128]
[-100, 109, 21, 127, 30, -120, -125, -73]
[-81, -18, 22, -44, -72, -40, 32, -116]
[68, 32, -19, 64, 76, 19, -57, 109]
[122, -94, -30, -107, 3, 127, 99, 115]
[23, 61, -9, 104, 71, -17, -84, 74]
[-18, 83, 0, 121, 68, -52, -111, 38]
[30, -95, -4, -127, -63, 66, 119, -25]
[-53, 103, 10, 127, 50, -92, -125, 5]
[98, -10, -28, 7, 65, 76, -3, 127]
[-84, 111, 17, 127, 33, -117, -127, -53]
[102, -109, -26, -128, -26, 122, 127, 93]
[-115, 102, 24, 122, 11, -125, -117, -92]
[123, -98, -29, -116, -2, 127, 107, 105]
[-123, 90, 30, 101, -6, -128, -95, -118]
[127, -82, -31, -83, 22, 127, 84, 127]
[-128, 65, 31, 65, -34, -115, -72, -128]
[127, -47, -34, -49, 42, 103, 48, 127]
[-114, 42, 32, 31, -52, -92, -28, -128]
[-95, 8, 24, -17, -70, -70, 7, -125]
[83, 10, -24, 38, 69, 46, -28, 123]
[118, -107, -28, -120, -13, 126, 116, 90]
[53, 41, -16, 72, 73, 8, -64, 100]
[-38, -59, 9, -101, -76, 5, 79, -71]
[-127, 78, 33, 79, -24, -126, -82, -128]
[5, -82, 2, -117, -68, 46, 105, -37]
[-27, 91, 3, 127, 69, -65, -120, 30]
[45, -101, -12, -128, -59, 81, 123, -5]
[-64, 105, 14, 127, 47, -103, -123, -16]
[79, -108, -18, -128, -41, 114, 126, 59]
[-80, -17, 22, -46, -73, -39, 37, -117]
[109, -104, -28, -124, -17, 126, 121, 91]
[-118, 100, 29, 116, 5, -127, -107, -92]
[21, 62, -9, 104, 74, -20, -89, 72]
[-125, 81, 33, 86, -18, -127, -87, -125]
[127, -72, -34, -70, 27, 118, 74, 127]
[37, -96, -4, -128, -56, 78, 122, -16]
[-54, 101, 8, 127, 51, -93, -123, 1]
[-107, 30, 29, 18, -58, -88, -19, -128]
[-84, 108, 21, 127, 37, -115, -125, -49]
[-90, -3, 25, -25, -69, -61, 15, -123]
[80, 17, -21, 45, 72, 40, -36, 120]
[119, -103, -30, -118, -12, 127, 111, 99]
[46, 45, -13, 80, 75, 8, -68, 94]
[-27, -55, 8, -104, -75, 13, 85, -63]
[-128, 72, 33, 72, -31, -121, -78, -128]
[-35, 89, 6, 127, 59, -75, -117, 26]
[109, -25, -29, -10, 58, 85, 11, 127]
[-71, 107, 15, 127, 43, -111, -125, -35]
[86, -109, -18, -128, -33, 119, 127, 70]
[-74, -18, 22, -50, -73, -34, 39, -111]
[114, -107, -28, -121, -13, 124, 117, 90]
[-120, 100, 31, 113, 1, -128, -104, -100]
[11, 72, -6, 113, 75, -28, -97, 62]
[-126, 81, 30, 78, -25, -125, -81, -128]
[127, -66, -36, -62, 33, 112, 64, 127]
[-122, 48, 31, 44, -49, -99, -43, -128]
[111, -32, -31, -18, 58, 88, 18, 127]
[-99, 8, 27, -8, -66, -75, 1, -128]
[87, 3, -25, 27, 68, 57, -20, 125]
[59, 36, -18, 66, 73, 13, -59, 105]
[-33, -54, 9, -96, -76, 4, 75, -75]
[16, 70, -6, 112, 73, -27, -94, 65]
[0, -74, 4, -116, -67, 44, 104, -41]
[-20, 89, 0, 122, 64, -60, -115, 31]
[39, -99, -9, -128, -62, 77, 122, -11]
[-61, 101, 9, 127, 48, -102, -126, -11]
[79, -113, -19, -128, -47, 113, 127, 55]
[-109, 107, 18, 127, 31, -119, -128, -69]
[112, -108, -27, -125, -21, 125, 123, 91]
[-118, 101, 29, 118, 8, -126, -110, -91]
[124, -98, -29, -105, 6, 127, 100, 116]
[-122, 79, 30, 89, -14, -128, -89, -125]
[127, -73, -32, -72, 26, 120, 76, 127]
[-125, 60, 32, 54, -40, -108, -58, -128]
[119, -44, -32, -41, 47, 98, 36, 127]
[-107, 30, 30, 18, -53, -87, -19, -128]
[-11, -70, 6, -109, -68, 27, 94, -52]
[-88, -6, 21, -29, -69, -59, 18, -122]
[77, 22, -20, 47, 71, 34, -40, 118]
[-39, 93, 5, 127, 57, -81, -124, 21]
[49, 47, -15, 74, 74, 10, -64, 96]
[-30, -60, 9, -99, -70, 8, 74, -68]
[-128, 74, 31, 79, -24, -124, -82, -128]
[5, -86, -1, -121, -73, 47, 110, -38]
[127, -63, -31, -64, 37, 115, 66, 127]
[39, -102, -10, -128, -63, 80, 124, -6]
[-61, 98, 11, 127, 48, -101, -125, -14]
[83, -104, -20, -128, -37, 115, 127, 61]
[-83, -18, 20, -43, -75, -45, 28, -118]
[-121, 100, 26, 118, 0, -128, -109, -94]
[19, 60, -11, 109, 72, -23, -92, 68]
[-126, 82, 32, 84, -20, -125, -85, -128]
[126, -69, -34, -66, 32, 116, 69, 127]
[47, -102, -9, -128, -51, 83, 124, 1]
[-36, -56, 11, -96, -79, 1, 74, -75]
[-101, 15, 28, -3, -60, -79, -4, -128]
[-104, 106, 21, 127, 24, -122, -123, -74]
[-79, -18, 21, -44, -73, -40, 37, -115]
[60, 34, -17, 67, 71, 15, -55, 106]
[-35, -50, 12, -99, -75, 5, 80, -75]
[14, 67, -8, 110, 75, -26, -91, 66]
[-6, -76, 2, -112, -73, 42, 99, -42]
[112, -104, -26, -123, -16, 123, 108, 90]
[-127, 53, 30, 51, -46, -104, -36, -128]
[-57, 105, 14, 127, 56, -100, -125, -9]
[80, -105, -17, -128, -46, 111, 125, 53]
[-95, 109, 18, 127, 32, -119, -126, -65]
[107, -106, -22, -125, -24, 120, 121, 91]
[-114, 102, 23, 119, 12, -125, -114, -91]
[35, 52, -13, 93, 71, -8, -77, 84]
[-125, 92, 30, 101, -9, -128, -97, -117]
[126, -83, -33, -84, 18, 127, 87, 127]
[127, -58, -33, -54, 33, 105, 55, 127]
[-115, 27, 32, 36, -48, -96, -31, -128]
[105, -16, -31, -4, 59, 82, 10, 127]
[-94, -9, 25, -20, -66, -69, 9, -125]
[-66, -35, 15, -66, -75, -22, 55, -103]
[43, 53, -12, 81, 73, 3, -69, 92]
[-24, -62, 9, -105, -73, 17, 87, -61]
[91, -116, -20, -128, -32, 120, 127, 78]
[10, -85, -1, -123, -72, 53, 110, -30]
[-32, 91, 5, 127, 60, -72, -120, 25]
[-123, 95, 27, 111, -6, -128, -102, -103]
[-74, 109, 17, 127, 50, -107, -125, -27]
[3, -83, -1, -119, -70, 48, 107, -35]
[-77, -23, 20, -47, -74, -36, 37, -115]
[-123, 48, 30, 45, -48, -102, -45, -128]
[-119, 101, 26, 115, 6, -128, -106, -97]
[124, -90, -29, -101, 7, 127, 96, 121]
[127, -71, -34, -70, 27, 119, 74, 127]
[-123, 58, 32, 55, -38, -109, -58, -128]
[120, -46, -31, -43, 43, 100, 38, 127]
[-109, 29, 27, 14, -57, -89, -18, -128]
[-87, -8, 21, -32, -74, -54, 20, -122]
[71, 20, -20, 55, 77, 31, -45, 115]
[123, -96, -30, -111, 4, 127, 103, 110]
[28, 60, -13, 103, 77, -12, -81, 80]
[-9, -71, 4, -114, -75, 27, 96, -50]
[-8, 81, -1, 118, 76, -52, -110, 44]
[19, -97, -4, -128, -69, 68, 119, -26]
[-44, 97, 9, 127, 54, -81, -121, 17]
[103, -15, -27, 1, 60, 80, 6, 127]
[-84, 106, 18, 127, 39, -116, -127, -45]
[96, -108, -22, -128, -32, 120, 126, 79]
[-108, 106, 23, 123, 20, -122, -123, -92]
[119, -103, -30, -119, -14, 125, 114, 96]
[110, -28, -28, -17, 57, 87, 18, 127]
[124, -87, -30, -93, 14, 127, 91, 127]
[127, -62, -33, -61, 36, 112, 63, 127]
[-122, 49, 31, 43, -45, -100, -41, -128]
[-99, 15, 27, -5, -61, -77, -1, -128]
[85, 5, -27, 34, 63, 52, -24, 127]
[124, -103, -30, -122, -13, 127, 116, 103]
[44, 48, -14, 87, 75, 4, -68, 94]
[-23, -60, 7, -105, -72, 15, 83, -63]
[16, -86, -2, -120, -60, 56, 110, -28]
[-34, 91, 4, 127, 58, -75, -121, 23]
[-76, 99, 16, 127, 43, -111, -127, -34]
[95, -102, -19, -128, -38, 121, 127, 78]
[-110, 105, 22, 126, 18, -123, -124, -88]
[120, -101, -30, -120, -11, 124, 113, 99]
[-121, 95, 29, 105, -7, -128, -99, -109]
[10, 70, -10, 112, 64, -30, -98, 61]
[-121, 80, 29, 80, -14, -121, -74, -121]
[121, -61, -33, -66, 26, 114, 69, 127]
[63, 43, -17, 67, 74, 19, -55, 109]
[116, -31, -32, -24, 57, 93, 21, 127]
[-104, 21, 29, -4, -59, -81, -5, -128]
[-79, -25, 20, -45, -77, -42, 38, -113]
[45, 46, -15, 74, 69, 1, -68, 96]
[127, -83, -33, -87, 15, 127, 87, 127]
[0, 76, -11, 118, 68, -45, -108, 49]
[15, -89, 1, -120, -66, 55, 113, -29]
[-114, 37, 28, 35, -50, -94, -30, -128]
[64, -106, -13, -128, -52, 97, 127, 22]
[-82, 110, 19, 127, 38, -118, -128, -49]
[81, 16, -22, 41, 74, 45, -31, 122]
[-115, 106, 26, 125, 19, -123, -120, -91]
[118, -101, -30, -118, -8, 127, 108, 101]
[-37, -62, 10, -91, -70, 2, 69, -73]
[119, -95, -28, -97, 7, 122, 93, 117]
[-124, 78, 27, 83, -23, -125, -84, -127]
[-18, 88, -1, 124, 64, -58, -119, 37]
[-128, 57, 31, 59, -41, -111, -65, -128]
[121, -40, -30, -46, 46, 102, 41, 127]
[-111, 30, 29, 23, -54, -91, -23, -128]
[-87, -6, 21, -28, -59, -57, 16, -123]
[76, 25, -21, 50, 69, 31, -43, 117]
[120, -97, -29, -115, -5, 127, 106, 106]
[31, 53, -11, 92, 71, -6, -80, 86]
[-16, -64, 8, -108, -75, 19, 81, -59]
[-1, 78, -2, 117, 71, -39, -105, 51]
[21, -88, -4, -127, -66, 61, 115, -29]
[-38, 97, 4, 127, 59, -79, -126, 25]
[-124, 92, 28, 106, -1, -128, -100, -110]
[-79, 105, 17, 127, 42, -113, -127, -39]
[94, -110, -21, -128, -33, 120, 126, 81]
[125, -59, -31, -55, 39, 105, 56, 127]
[119, -101, -27, -119, -1, 125, 109, 100]
[-123, 91, 30, 104, -3, -128, -99, -111]
[0, 72, -4, 117, 75, -35, -101, 53]
[-127, 66, 29, 69, -32, -118, -77, -128]
[121, -56, -29, -54, 43, 107, 53, 127]
[40, 45, -14, 83, 76, 0, -71, 91]
[103, -20, -30, -5, 56, 82, 6, 127]
[-91, 1, 26, -26, -67, -64, 15, -125]
[28, -87, -3, -127, -66, 64, 116, -28]
[-57, -35, 20, -68, -77, -19, 54, -99]
[37, 51, -11, 92, 80, 2, -73, 85]
[127, -78, -34, -77, 26, 127, 78, 127]
[-8, 78, 0, 118, 68, -47, -106, 46]
[32, -89, -5, -127, -61, 68, 117, -27]
[-53, 91, 6, 127, 51, -87, -123, 10]
[-125, 80, 31, 96, -12, -128, -92, -123]
[-87, 109, 19, 127, 35, -117, -127, -55]
[74, 25, -21, 52, 70, 32, -41, 116]
[-120, 100, 27, 122, 14, -123, -116, -91]
[121, -96, -27, -115, -4, 127, 105, 106]
[-16, -69, 7, -112, -77, 25, 90, -54]
[127, -75, -31, -80, 18, 127, 83, 127]
[-92, -3, 25, -23, -67, -63, 10, -123]
[-43, 95, 4, 127, 58, -83, -122, 21]
[-115, 45, 33, 36, -48, -95, -31, -128]
[105, -22, -28, -5, 55, 83, 11, 127]
[-95, 3, 24, -20, -66, -71, 9, -126]
[83, 15, -24, 38, 68, 43, -30, 123]
[-69, -31, 18, -59, -74, -25, 48, -109]
[-24, -67, 9, -105, -75, 16, 85, -61]
[4, 65, -8, 115, 71, -34, -98, 56]
[126, -56, -31, -56, 37, 108, 60, 127]
[-39, 95, 5, 127, 58, -77, -122, 25]
[55, -104, -11, -128, -55, 94, 124, 12]
[-73, 107, 15, 127, 47, -110, -124, -33]
[15, -89, -1, -123, -63, 59, 113, -30]
[-114, 106, 24, 126, 19, -125, -124, -93]
[121, -101, -29, -120, -11, 127, 112, 101]
[-85, 107, 16, 127, 36, -116, -128, -53]
[127, -75, -33, -81, 20, 127, 84, 127]
[-128, 62, 31, 64, -34, -115, -68, -128]
[124, -45, -30, -50, 38, 103, 49, 127]
[-114, 36, 29, 36, -52, -93, -29, -128]
[104, -23, -29, -5, 56, 82, 12, 127]
[95, -111, -23, -128, -32, 124, 127, 86]
[-65, -29, 18, -60, -75, -24, 50, -109]
[-124, 90, 27, 103, -9, -128, -96, -111]
[1, 81, -5, 115, 71, -41, -109, 51]
[122, -60, -32, -55, 38, 107, 57, 127]
[-36, 91, 6, 127, 59, -76, -119, 24]
[-125, 97, 33, 105, -6, -128, -99, -113]
[106, -26, -31, -7, 59, 85, 11, 127]
[91, -113, -22, -128, -35, 119, 122, 78]
[-113, 105, 24, 126, 21, -123, -122, -93]
[120, -102, -29, -119, -12, 127, 113, 100]
[-125, 97, 31, 104, -9, -128, -98, -115]
[-20, -58, 6, -106, -72, 19, 87, -59]
[21, -90, -4, -125, -72, 60, 114, -28]
[-113, 34, 31, 31, -51, -92, -27, -128]
[-84, 99, 18, 127, 39, -116, -127, -48]
[-90, -2, 24, -21, -64, -63, 12, -123]
[77, 18, -23, 45, 66, 36, -39, 119]
[-57, -39, 15, -70, -73, -15, 58, -96]
[30, 58, -8, 102, 79, -10, -79, 81]
[-13, -71, 5, -112, -74, 27, 92, -51]
[-127, 62, 30, 63, -31, -113, -74, -128]
[-50, 100, 8, 127, 54, -93, -126, 8]
[100, -12, -29, 8, 65, 77, 0, 127]
[-91, 109, 18, 127, 37, -115, -127, -61]
[103, -111, -22, -128, -23, 124, 124, 92]
[71, 25, -20, 52, 69, 29, -42, 114]
[122, -95, -28, -110, -4, 127, 103, 109]
[-122, 84, 29, 94, -11, -126, -92, -120]
[-6, 83, -1, 120, 72, -48, -109, 42]
[-128, 62, 29, 61, -33, -114, -70, -128]
[124, -49, -31, -46, 43, 103, 45, 127]
[64, -106, -13, -128, -53, 99, 125, 35]
[101, -15, -35, 2, 56, 77, 3, 127]
[-91, -3, 24, -25, -65, -58, 13, -123]
[79, 10, -21, 44, 72, 44, -34, 119]
[-64, -39, 19, -65, -73, -17, 54, -100]
[39, 59, -10, 88, 73, -3, -70, 88]
[-25, -76, 7, -110, -74, 19, 103, -57]
[-1, 88, -6, 118, 71, -45, -109, 48]
[-43, 96, 8, 127, 56, -77, -123, 23]
[105, -18, -31, -9, 54, 83, 13, 127]
[-79, 100, 17, 127, 43, -114, -127, -41]
[98, -107, -21, -128, -33, 121, 126, 85]
[-63, -29, 19, -61, -70, -24, 49, -103]
[122, -98, -27, -118, -10, 126, 111, 100]
[-120, 95, 28, 104, -6, -128, -98, -112]
[127, -78, -30, -86, 19, 127, 86, 127]
[-126, 66, 30, 70, -31, -116, -75, -128]
[121, -56, -31, -57, 38, 108, 61, 127]
[49, -105, -11, -128, -56, 86, 126, 8]
[110, -30, -31, -20, 54, 88, 20, 127]
[-100, 8, 25, -8, -65, -79, -3, -128]
[-78, -23, 18, -48, -75, -40, 39, -116]
[60, 37, -19, 66, 71, 17, -57, 106]
[12, 71, -8, 114, 73, -26, -96, 62]
[10, -85, 0, -117, -68, 50, 104, -34]
[-124, 41, 29, 46, -47, -102, -47, -128]
[43, -98, -11, -128, -55, 80, 122, -2]
[-67, 103, 15, 127, 46, -102, -124, -22]
[91, 0, -25, 24, 69, 64, -13, 127]
[-107, 110, 21, 127, 30, -120, -126, -76]
[113, -105, -25, -124, -18, 125, 119, 89]
[-41, -51, 13, -85, -70, -2, 71, -78]
[124, -89, -28, -102, 5, 127, 98, 120]
[-127, 85, 32, 85, -16, -128, -87, -128]
[-14, 88, 2, 120, 65, -56, -110, 34]
[-126, 56, 31, 54, -39, -107, -58, -128]
[120, -40, -31, -41, 51, 96, 34, 127]
[75, -107, -17, -128, -43, 109, 126, 50]
[-84, -14, 19, -37, -72, -49, 24, -120]
[-115, 104, 24, 119, 6, -127, -113, -90]
[24, 60, -12, 104, 71, -20, -87, 74]
[-2, -82, 5, -115, -72, 38, 100, -43]
[114, -104, -26, -126, -16, 126, 121, 91]
[40, -101, -9, -128, -63, 82, 122, -3]
[-62, 104, 10, 127, 51, -99, -122, -16]
[79, -104, -18, -128, -43, 108, 124, 56]
[-90, 104, 20, 127, 36, -117, -123, -65]
[108, -103, -24, -124, -23, 124, 122, 91]
[-120, 101, 27, 119, 10, -127, -112, -94]
[126, -102, -31, -108, -2, 127, 102, 117]
[-128, 92, 32, 90, -14, -128, -89, -128]
[126, -70, -31, -72, 24, 120, 76, 127]
[-126, 55, 27, 54, -37, -104, -56, -128]
[117, -40, -30, -39, 46, 96, 31, 127]
[84, -108, -19, -128, -42, 114, 127, 61]
[94, 7, -24, 23, 64, 65, -13, 127]
[-80, -20, 17, -40, -70, -43, 33, -117]
[45, -90, -8, -128, -57, 84, 121, -6]
[-41, -51, 13, -86, -70, 2, 72, -77]
[18, 65, -8, 108, 75, -23, -90, 67]
[4, -82, 3, -119, -70, 46, 106, -38]
[-26, 92, 3, 127, 64, -68, -121, 29]
[51, -99, -8, -128, -60, 83, 123, 0]
[124, -89, -32, -98, 5, 127, 94, 124]
[82, -107, -16, -128, -35, 116, 125, 63]
[-98, 105, 19, 127, 26, -120, -125, -76]
[115, -105, -27, -123, -18, 126, 120, 90]
[-122, 96, 29, 114, 7, -128, -106, -102]
[127, -84, -32, -95, 8, 127, 93, 127]
[11, -84, -1, -122, -69, 54, 111, -32]
[125, -57, -29, -60, 34, 109, 60, 127]
[-118, 39, 30, 40, -49, -97, -36, -128]
[-74, 104, 14, 127, 46, -109, -124, -33]
[-96, -7, 20, -14, -65, -73, 4, -127]
[87, 12, -22, 33, 66, 52, -22, 124]
[117, -99, -25, -121, -11, 126, 115, 96]
[47, 47, -16, 75, 75, 6, -68, 98]
[-25, -62, 10, -104, -75, 13, 82, -65]
[-128, 70, 31, 72, -25, -121, -80, -128]
[12, -91, 1, -120, -71, 51, 110, -30]
[-34, 90, 5, 127, 60, -70, -119, 26]
[107, -22, -30, -10, 52, 86, 13, 127]
[-77, 109, 15, 127, 40, -110, -126, -36]
[92, -108, -20, -128, -38, 120, 127, 78]
[-108, 106, 23, 125, 23, -124, -123, -92]
[118, -101, -26, -120, -18, 127, 113, 102]
[-121, 93, 30, 104, -9, -128, -98, -111]
[-3, 76, -3, 116, 68, -43, -105, 48]
[-128, 62, 29, 64, -31, -114, -60, -128]
[122, -45, -30, -46, 44, 101, 42, 127]
[74, -109, -18, -128, -52, 109, 124, 52]
[95, -3, -25, 24, 66, 68, -8, 127]
[-80, -18, 21, -41, -71, -44, 29, -117]
[56, 33, -18, 63, 69, 17, -57, 105]
[-33, -55, 10, -90, -71, 3, 74, -73]
[10, 65, -10, 107, 67, -27, -93, 63]
[8, -96, 2, -121, -67, 50, 110, -32]
[-31, 96, -1, 127, 58, -77, -121, 27]
[59, -97, -12, -128, -50, 91, 124, 13]
[-82, 108, 18, 127, 42, -109, -126, -42]
[-112, 104, 21, 123, 16, -123, -121, -91]
[121, -97, -29, -118, -1, 127, 110, 103]
[127, -83, -31, -85, 17, 127, 86, 127]
[126, -50, -32, -53, 38, 105, 54, 127]
[-115, 32, 28, 34, -50, -94, -30, -128]
[101, -18, -28, -3, 52, 81, 8, 127]
[102, -104, -22, -128, -30, 121, 127, 91]
[75, 29, -18, 52, 71, 30, -44, 119]
[-54, -50, 13, -78, -71, -8, 64, -90]
[-127, 80, 28, 88, -15, -128, -89, -125]
[-3, -73, 4, -113, -67, 34, 96, -44]
[-21, 86, -2, 121, 61, -64, -114, 32]
[115, -35, -29, -39, 48, 95, 31, 127]
[-62, 105, 12, 127, 49, -96, -123, -8]
[75, -109, -19, -128, -50, 109, 126, 53]
[-83, -15, 22, -35, -70, -48, 23, -120]
[-119, 98, 26, 116, -2, -126, -110, -95]
[19, 62, -10, 108, 69, -25, -88, 68]
[127, -68, -32, -69, 21, 116, 74, 127]
[-123, 48, 31, 52, -39, -103, -53, -128]
[-62, 104, 13, 127, 64, -98, -125, -14]
[-105, 15, 25, 5, -58, -82, -11, -128]
[92, -2, -27, 21, 69, 67, -10, 127]
[-81, -10, 21, -36, -70, -49, 25, -118]
[62, 32, -19, 61, 76, 26, -50, 110]
[122, -89, -28, -104, -7, 127, 99, 119]
[-1, -80, 3, -115, -67, 39, 101, -42]
[-125, 50, 30, 53, -35, -104, -53, -128]
[41, -97, -6, -128, -61, 79, 122, -9]
[-60, 102, 13, 127, 55, -96, -122, -9]
[93, -3, -27, 16, 61, 67, -9, 127]
[-95, 101, 19, 127, 30, -120, -126, -68]
[109, -105, -25, -126, -23, 124, 124, 91]
[-119, 101, 26, 119, 12, -128, -111, -92]
[123, -92, -30, -105, 1, 127, 99, 118]
[-124, 80, 29, 85, -21, -128, -86, -128]
[127, -67, -32, -70, 25, 119, 74, 127]
[45, -98, -7, -128, -59, 78, 123, -6]
[115, -32, -30, -29, 52, 92, 26, 127]
[-101, 11, 27, -3, -56, -80, -3, -128]
[-106, 104, 19, 127, 26, -122, -125, -87]
[47, 43, -16, 76, 71, 5, -67, 94]
[-21, -63, 8, -105, -72, 18, 85, -60]
[-3, 73, -5, 118, 72, -37, -100, 51]
[19, -91, -4, -124, -69, 61, 113, -28]
[-43, 101, 7, 127, 55, -88, -123, 17]
[68, -103, -13, -128, -51, 102, 124, 35]
[-85, 105, 17, 127, 31, -118, -126, -61]
[-117, 100, 22, 120, 13, -125, -114, -90]
[121, -96, -29, -110, -1, 127, 102, 112]
[-5, -79, 3, -117, -75, 33, 95, -45]
[127, -67, -34, -72, 14, 120, 77, 127]
[-126, 57, 32, 57, -37, -105, -60, -128]
[118, -36, -30, -41, 46, 97, 33, 127]
[-106, 20, 29, 8, -53, -83, -14, -128]
[92, -4, -25, 21, 67, 66, -11, 127]
[57, 37, -19, 66, 71, 16, -57, 106]
[-37, -56, 12, -95, -71, 4, 73, -74]
[-128, 73, 29, 78, -26, -125, -83, -128]
[9, -82, 3, -117, -70, 49, 106, -34]
[126, -64, -33, -62, 32, 113, 66, 127]
[52, -99, -11, -128, -64, 88, 125, 6]
[-68, 98, 11, 127, 44, -105, -124, -26]
[85, -109, -21, -128, -41, 117, 126, 66]
[-77, -25, 18, -48, -75, -38, 36, -114]
[114, -98, -23, -122, -14, 126, 120, 90]
[-123, 94, 27, 114, 2, -128, -105, -102]
[13, 65, -8, 110, 67, -26, -92, 65]
[-128, 74, 29, 80, -15, -125, -83, -128]
[127, -63, -33, -65, 30, 114, 69, 127]
[47, -98, -5, -128, -54, 83, 123, 0]
[112, -32, -30, -25, 52, 93, 25, 127]
[-101, 15, 25, 2, -62, -80, -7, -128]
[-105, 108, 20, 127, 30, -121, -126, -81]
[54, 40, -13, 68, 75, 13, -60, 102]
[-31, -59, 13, -103, -78, 6, 63, -69]
[13, 69, -6, 110, 71, -27, -92, 62]
[9, -84, -1, -119, -67, 54, 122, -32]
[-35, 92, 4, 127, 62, -71, -121, 26]
[52, -100, -9, -128, -55, 89, 124, 11]
[-72, 105, 14, 127, 44, -111, -124, -33]
[94, -105, -23, -128, -35, 118, 125, 76]
[-113, 96, 22, 126, 21, -124, -122, -93]
[119, -97, -29, -119, -8, 127, 113, 102]
[-123, 86, 30, 105, -9, -128, -100, -111]
[126, -77, -31, -85, 18, 127, 85, 127]
[-128, 60, 31, 68, -30, -117, -76, -128]
[124, -47, -33, -52, 36, 103, 52, 127]
[37, 51, -14, 93, 71, -5, -74, 86]
[101, -13, -26, 0, 64, 80, 7, 127]
[-91, -7, 23, -22, -70, -63, 11, -123]
[76, 18, -22, 46, 74, 38, -46, 118]
[-57, -39, 16, -66, -73, -17, 57, -96]
[34, 57, -11, 95, 73, -8, -72, 82]
[127, -76, -31, -75, 19, 124, 77, 127]
[-18, 89, 0, 122, 72, -57, -111, 35]
[39, -97, -7, -128, -56, 78, 122, -10]
[-104, 14, 27, 5, -55, -81, -12, -128]
[81, -106, -15, -128, -43, 111, 126, 58]
[-100, 104, 18, 127, 30, -120, -125, -73]
[112, -103, -24, -124, -21, 121, 121, 91]
[-122, 90, 25, 116, 5, -128, -109, -95]
[125, -91, -30, -103, 3, 127, 97, 122]
[-2, -78, 1, -115, -73, 40, 97, -42]
[127, -69, -32, -69, 29, 118, 74, 127]
[-126, 54, 31, 51, -36, -105, -53, -128]
[-105, 18, 27, 8, -53, -85, -16, -128]
[92, -1, -23, 18, 63, 69, -7, 127]
[108, -104, -26, -125, -20, 123, 119, 89]
[62, 31, -19, 61, 69, 22, -67, 110]
[-42, -48, 14, -72, -68, -8, 68, -83]
[-125, 86, 28, 88, -15, -128, -83, -127]
[-5, -83, 1, -116, -74, 40, 104, -45]
[-19, 92, 1, 123, 65, -59, -108, 33]
[117, -39, -30, -40, 44, 97, 36, 127]
[-62, 101, 8, 127, 53, -94, -122, -7]
[77, -107, -16, -128, -45, 109, 127, 55]
[-81, -18, 21, -38, -71, -46, 27, -117]
[108, -106, -25, -125, -19, 123, 116, 91]
[116, -45, -33, -41, 41, 96, 36, 127]
[23, 63, -10, 105, 74, -18, -83, 73]
[-128, 79, 31, 90, -13, -128, -87, -128]
[127, -69, -30, -70, 26, 122, 77, 127]
[-128, 49, 29, 53, -41, -106, -40, -128]
[116, -37, -30, -29, 45, 95, 26, 127]
[-101, 16, 27, 1, -58, -81, -11, -128]
[89, 1, -26, 24, 63, 63, -16, 125]
[-71, -17, 19, -43, -70, -42, 29, -114]
[55, 34, -16, 61, 76, 19, -57, 106]
[-34, -56, 10, -95, -75, 5, 81, -74]
[11, 70, -8, 111, 72, -27, -97, 63]
[6, -84, 0, -119, -70, 46, 105, -35]
[-30, 91, 2, 126, 61, -67, -118, 28]
[109, -26, -30, -25, 52, 88, 22, 127]
[-75, 105, 11, 127, 44, -104, -125, -26]
[92, -109, -19, -128, -34, 121, 127, 79]
[125, -55, -32, -58, 37, 109, 58, 127]
[115, -100, -28, -120, -14, 126, 110, 99]
[-121, 89, 27, 105, -4, -128, -99, -108]
[3, 78, -4, 115, 70, -37, -101, 53]
[-128, 67, 29, 70, -25, -119, -76, -128]
[125, -52, -33, -56, 35, 107, 57, 127]
[62, -103, -12, -128, -52, 96, 125, 24]
[104, -19, -30, -6, 50, 83, 10, 127]
[-92, -1, 29, -22, -63, -68, 10, -124]
[-114, 99, 22, 122, 19, -125, -120, -92]
[-57, -37, 16, -64, -71, -19, 54, -98]
[35, 54, -13, 88, 72, -3, -75, 84]
[-14, -69, 7, -110, -74, 23, 91, -53]
[-8, 82, -2, 119, 70, -44, -104, 48]
[20, -89, -3, -122, -63, 61, 109, -27]
[-113, 23, 27, 32, -49, -92, -24, -128]
[68, -106, -13, -128, -48, 100, 126, 33]
[-84, 107, 17, 127, 37, -118, -127, -58]
[103, -113, -24, -128, -26, 123, 124, 91]
[74, 26, -21, 48, 68, 39, -37, 116]
[119, -93, -30, -111, -8, 127, 108, 108]
[-125, 83, 32, 92, -14, -128, -88, -126]
[127, -75, -33, -74, 22, 123, 81, 127]
[-125, 53, 29, 58, -34, -108, -59, -128]
[115, -39, -31, -41, 48, 97, 35, 127]
[-104, 17, 26, 4, -56, -83, -9, -128]
[91, 2, -28, 22, 59, 64, -16, 127]
[-74, -21, 22, -45, -69, -35, 40, -116]
[53, 41, -16, 71, 70, 14, -58, 102]
[-31, -59, 11, -98, -67, 12, 99, -65]
[1, 74, -6, 115, 65, -36, -102, 56]
[19, -89, 0, -123, -66, 55, 108, -30]
[-42, 95, 5, 127, 60, -79, -125, 19]
[69, -105, -10, -128, -49, 100, 124, 33]
[-89, 107, 17, 127, 35, -119, -128, -59]
[94, -104, -22, -127, -30, 119, 116, 90]
[-113, 97, 24, 121, 15, -122, -116, -91]
[123, -92, -27, -112, -5, 127, 107, 108]
[-124, 82, 27, 97, -8, -128, -93, -124]
[127, -70, -30, -78, 20, 126, 81, 127]
[119, -43, -30, -44, 38, 98, 38, 127]
[-105, 25, 26, 12, -54, -87, -16, -128]
[-5, -76, 4, -113, -66, 33, 96, -45]
[-83, -17, 20, -35, -69, -50, 22, -118]
[67, 37, -18, 56, 67, 28, -43, 111]
[-46, -49, 8, -76, -75, -8, 80, -84]
[-1, -81, 4, -117, -67, 38, 90, -43]
[107, -102, -23, -125, -28, 121, 118, 89]
[34, -96, -4, -126, -58, 68, 112, -24]
[-58, 104, 10, 127, 54, -91, -126, -1]
[97, -4, -22, 11, 60, 74, -5, 127]
[-95, 104, 18, 127, 32, -121, -128, -65]
[111, -108, -24, -128, -26, 124, 124, 92]
[123, -88, -29, -101, 2, 127, 96, 123]
[-125, 71, 30, 80, -16, -125, -82, -128]
[125, -60, -31, -64, 27, 111, 68, 127]
[-121, 40, 30, 45, -40, -98, -40, -128]
[111, -23, -30, -20, 52, 88, 17, 127]
[88, -106, -18, -128, -35, 118, 123, 72]
[84, 10, -27, 30, 61, 51, -29, 124]
[-64, -31, 19, -55, -70, -28, 49, -112]
[-123, 93, 27, 107, 1, -128, -100, -106]
[-25, -62, 10, -102, -69, 13, 82, -64]
[5, 71, -6, 113, 69, -33, -98, 56]
[125, -56, -32, -56, 32, 108, 59, 127]
[-40, 97, 4, 127, 57, -74, -126, 25]
[55, -105, -10, -128, -51, 93, 123, 18]
[-94, 1, 23, -16, -60, -72, 7, -126]
[96, -105, -20, -128, -38, 120, 124, 81]
[-111, 102, 19, 124, 18, -122, -124, -92]
[38, 52, -16, 84, 70, -2, -74, 87]
[126, -80, -32, -80, 18, 126, 83, 127]
[33, -95, -3, -127, -66, 67, 121, -27]
[123, -41, -31, -47, 43, 98, 42, 127]
[-107, 26, 28, 15, -56, -87, -18, -128]
[94, -2, -26, 14, 61, 71, -8, 127]
[-20, 82, 2, 121, 65, -60, -116, 32]
[62, 36, -16, 64, 73, 21, -52, 110]
[-42, -49, 12, -79, -73, -6, 66, -81]
[-4, -78, 6, -117, -75, 36, 98, -42]
[-17, 73, 0, 120, 63, -62, -128, 33]
[-120, 103, 25, 119, 13, -128, -115, -92]
[-57, 103, 8, 127, 52, -90, -119, -1]
[73, -109, -13, -128, -46, 105, 125, 48]
[127, -74, -30, -73, 21, 121, 76, 127]
[114, -102, -22, -126, -21, 127, 124, 91]
[-121, 97, 25, 119, 10, -128, -110, -95]
[17, 68, -8, 107, 64, -25, -91, 66]
[-125, 71, 28, 82, -14, -125, -84, -128]
[126, -58, -30, -63, 32, 113, 65, 127]
[57, -103, -10, -128, -55, 90, 125, 13]
[108, -24, -30, -15, 50, 87, 20, 127]
[-95, 2, 22, -15, -58, -66, 2, -126]
[82, 13, -21, 39, 69, 46, -26, 121]
[-64, -32, 19, -59, -76, -30, 47, -109]
[42, 48, -14, 82, 71, 4, -69, 92]
[127, -74, -28, -87, 15, 127, 89, 127]
[18, -87, -1, -123, -69, 50, 109, -29]
[-41, 96, 8, 127, 61, -73, -122, 23]
[61, -101, -10, -128, -54, 93, 118, 21]
[-75, 104, 13, 127, 39, -111, -123, -39]
[17, -91, 0, -120, -68, 53, 109, -30]
[-109, 102, 22, 125, 18, -123, -121, -93]
[120, -98, -23, -120, -9, 127, 115, 102]
[-123, 86, 27, 105, -7, -128, -88, -112]
[123, -78, -32, -87, 15, 127, 87, 127]
[-124, 71, 30, 73, -23, -119, -79, -128]
[-39, 96, 7, 127, 68, -75, -119, 24]
[-115, 33, 28, 37, -45, -95, -36, -128]
[105, -21, -28, -5, 59, 85, 11, 127]
[97, -110, -19, -128, -32, 122, 126, 84]
[80, 19, -24, 38, 69, 45, -30, 121]
[-60, -34, 18, -61, -70, -21, 52, -102]
[-123, 85, 25, 100, -9, -128, -96, -118]
[-17, -68, 7, -108, -70, 21, 88, -55]
[-7, 83, -3, 117, 70, -48, -108, 45]
[121, -43, -32, -46, 41, 101, 39, 127]
[77, -104, -12, -128, -43, 112, 124, 52]
[-82, -12, 23, -33, -67, -48, 20, -116]
[107, -105, -25, -124, -24, 123, 121, 92]
[-117, 97, 24, 117, 8, -127, -115, -93]
[123, -85, -30, -102, 2, 127, 100, 124]
[-128, 74, 30, 83, -15, -128, -85, -128]
[126, -62, -29, -67, 25, 115, 67, 127]
[-122, 40, 29, 48, -42, -101, -45, -128]
[109, -34, -29, -22, 53, 90, 25, 127]
[-97, 12, 25, -5, -60, -79, -4, -127]
[87, 8, -25, 26, 61, 59, -19, 125]
[49, 43, -18, 71, 67, 11, -59, 100]
[-29, -57, 12, -101, -71, 7, 75, -69]
[8, 71, -8, 112, 70, -33, -96, 59]
[9, -83, 2, -117, -64, 49, 105, -31]
[-33, 89, 5, 127, 58, -71, -120, 27]
[109, -26, -28, -21, 51, 90, 34, 127]
[-68, 100, 10, 127, 46, -101, -126, -25]
[83, -105, -14, -128, -43, 112, 127, 63]
[-76, -22, 24, -46, -69, -35, 33, -115]
[114, -103, -29, -124, -24, 124, 119, 90]
[-122, 86, 25, 113, 6, -128, -105, -103]
[-98, 6, 25, -10, -58, -78, -5, -127]
[-127, 72, 29, 77, -15, -123, -83, -128]
[125, -58, -33, -61, 32, 110, 61, 127]
[53, -103, -11, -128, -57, 85, 122, 10]
[108, -24, -25, -17, 53, 87, 19, 127]
[-97, 7, 22, -9, -64, -75, 0, -127]
[-105, 105, 22, 127, 31, -120, -120, -86]
[-74, -27, 17, -49, -69, -34, 38, -112]
[50, 41, -17, 67, 72, 13, -59, 101]
[124, -86, -30, -98, 10, 127, 96, 127]
[2, -82, 3, -114, -70, 40, 103, -39]
[-123, 42, 30, 50, -36, -102, -49, -128]
[54, -98, -8, -128, -58, 90, 127, 9]
[-74, 109, 13, 127, 45, -113, -128, -36]
[88, -110, -19, -128, -37, 119, 126, 79]
[117, -99, -25, -117, -14, 123, 110, 99]
[-121, 89, 28, 108, 9, -128, -102, -108]
[126, -82, -31, -92, 2, 127, 89, 127]
[-128, 65, 31, 74, -21, -120, -81, -128]
[-38, 99, 4, 127, 61, -79, -121, 26]
[-116, 36, 26, 39, -45, -97, -37, -128]
[-80, 104, 16, 127, 41, -115, -126, -46]
[93, -104, -18, -128, -33, 119, 122, 81]
[79, 15, -23, 36, 62, 43, -29, 119]
[-61, -36, 20, -58, -70, -23, 42, -102]
[-125, 85, 28, 104, -10, -128, -97, -117]
[-17, -69, 7, -111, -76, 19, 92, -56]
[-6, 81, -5, 116, 69, -44, -103, 47]
[30, -97, -4, -127, -63, 67, 119, -28]
[-48, 100, 8, 127, 61, -83, -119, 12]
[65, -108, -14, -128, -52, 97, 123, 34]
[-82, 105, 16, 127, 42, -110, -118, -46]
[99, -104, -21, -128, -34, 119, 121, 88]
[-114, 104, 22, 124, 20, -124, -120, -94]
[123, -94, -24, -118, -8, 127, 111, 106]
[-15, -70, 8, -112, -76, 28, 81, -51]
[-127, 56, 27, 65, -29, -113, -69, -128]
[-46, 95, 6, 127, 59, -82, -118, 15]
[-111, 32, 28, 31, -48, -92, -31, -128]
[101, -18, -27, -5, 61, 82, 12, 127]
[-95, -6, 24, -21, -73, -61, 8, -126]
[80, 20, -23, 38, 63, 44, -29, 123]
[-61, -29, 16, -62, -72, -22, 54, -102]
[36, 55, -13, 92, 70, -6, -76, 86]
[-13, -72, 8, -111, -67, 24, 89, -51]
[-14, 81, -3, 120, 64, -53, -111, 38]
[36, -90, -8, -128, -57, 73, 122, -12]
[-59, 101, 11, 127, 50, -98, -123, -14]
[82, -109, -17, -128, -44, 113, 127, 62]
[-97, 105, 21, 127, 23, -123, -127, -80]
[109, -110, -25, -122, -15, 125, 116, 99]
[-121, 91, 27, 112, 2, -127, -103, -102]
[11, 70, -8, 112, 68, -29, -94, 62]
[-126, 70, 33, 78, -16, -121, -81, -128]
[125, -55, -28, -61, 35, 112, 64, 127]
[-120, 46, 28, 45, -44, -100, -23, -128]
[-98, 5, 24, -7, -58, -77, -6, -127]
[-104, 104, 18, 127, 30, -121, -124, -86]
[-67, -28, 17, -52, -73, -34, 38, -112]
[47, 44, -16, 75, 72, 13, -67, 99]
[124, -83, -27, -93, 10, 127, 93, 127]
[6, 70, -9, 109, 68, -28, -92, 59]
[7, -78, -1, -116, -61, 49, 110, -31]
[-120, 40, 28, 43, -45, -100, -45, -128]
[53, -97, -10, -128, -57, 86, 125, 6]
[-67, 102, 14, 127, 55, -100, -122, -26]
[88, 5, -23, 24, 66, 60, -18, 126]
[-105, 105, 22, 127, 29, -122, -126, -83]
[115, -106, -26, -124, -22, 126, 120, 100]
[-33, -55, 12, -94, -68, 6, 73, -70]
[-125, 76, 29, 80, -20, -126, -86, -128]
[125, -66, -32, -68, 22, 116, 72, 127]
[42, -101, -7, -128, -67, 77, 123, -5]
[117, -34, -30, -38, 43, 95, 33, 127]
[-104, 9, 27, 5, -53, -84, -12, -128]
[-102, 106, 20, 127, 31, -123, -128, -80]
[-80, -21, 20, -44, -69, -42, 30, -117]
[58, 37, -18, 61, 68, 22, -54, 105]
[-34, -55, 12, -86, -69, 2, 72, -74]
[12, 74, -8, 111, 72, -25, -90, 64]
[7, -85, 0, -118, -71, 46, 105, -35]
[-33, 93, 2, 127, 63, -72, -120, 28]
[51, -101, -6, -128, -56, 85, 123, 7]
[-73, 106, 12, 127, 48, -103, -127, -36]
[-127, 68, 32, 73, -24, -119, -74, -128]
[-109, 104, 20, 124, 23, -123, -118, -91]
[118, -95, -25, -119, -15, 125, 111, 101]
[104, -24, -30, -11, 54, 83, 13, 127]
[126, -81, -32, -90, 15, 127, 86, 127]
[-124, 63, 29, 72, -19, -118, -76, -128]
[122, -57, -30, -57, 27, 107, 59, 127]
[-117, 35, 28, 41, -47, -98, -40, -128]
[104, -23, -27, -12, 52, 86, 17, 127]
[-24, -65, 9, -105, -75, 11, 83, -62]
[-66, -31, 16, -55, -70, -28, 42, -110]
[-121, 92, 25, 108, 5, -128, -100, -107]
[-77, 107, 14, 127, 42, -103, -128, -35]
[-2, 75, -7, 117, 66, -41, -98, 52]
[18, -88, -3, -123, -68, 56, 107, -29]
[-40, 95, 5, 127, 56, -80, -120, 21]
[62, -106, -13, -128, -59, 95, 124, 25]
[-94, -5, 23, -22, -63, -62, 8, -124]
[101, -102, -21, -128, -30, 123, 127, 90]
[-114, 100, 22, 123, 22, -121, -118, -93]
[121, -95, -27, -117, -14, 127, 109, 105]
[-121, 82, 28, 102, 5, -127, -96, -116]
[126, -75, -30, -82, 14, 124, 86, 127]
[28, -90, -4, -124, -67, 61, 114, -27]
[120, -47, -31, -52, 31, 105, 52, 127]
[-111, 28, 27, 35, -42, -93, -31, -128]
[-79, 102, 15, 127, 40, -112, -124, -43]
[96, -105, -21, -128, -33, 120, 126, 83]
[79, 17, -23, 38, 65, 47, -29, 122]
[117, -97, -27, -119, -13, 127, 115, 105]
[32, 47, -12, 93, 75, -4, -74, 86]
[-20, -73, 6, -111, -78, 19, 114, -55]
[-12, 83, -2, 114, 65, -43, -112, 46]
[-114, 103, 27, 122, 23, -125, -115, -95]
[-48, 100, 8, 127, 49, -86, -125, 5]
[74, -107, -17, -128, -45, 107, 125, 48]
[102, -103, -21, -125, -27, 121, 120, 92]
[-113, 95, 24, 119, 10, -124, -114, -90]
[-105, 18, 26, 12, -55, -87, -3, -128]
[-125, 77, 25, 91, -13, -128, -89, -128]
[127, -66, -32, -74, 18, 123, 76, 127]
[39, -93, -5, -128, -64, 72, 122, -14]
[116, -41, -28, -44, 41, 99, 38, 127]
[-107, 23, 27, 15, -52, -87, -17, -128]
[-90, 104, 15, 127, 34, -117, -125, -57]
[-88, -5, 23, -25, -64, -56, 16, -121]
[72, 30, -21, 52, 69, 31, -37, 116]
[-50, -51, 13, -73, -74, -12, 66, -90]
[26, 54, -10, 97, 73, -8, -75, 80]
[-12, -71, 5, -112, -72, 26, 92, -51]
[-124, 57, 30, 62, -35, -113, -65, -128]
[31, -87, -3, -126, -60, 65, 114, -25]
[-53, 97, 5, 127, 51, -85, -119, 9]
[99, -10, -28, 2, 61, 79, 1, 127]
[-84, 96, 16, 127, 39, -115, -123, -52]
[97, -104, -19, -128, -29, 120, 127, 86]
[-59, -38, 17, -62, -69, -23, 52, -99]
[120, -96, -26, -118, -17, 127, 110, 106]
[-122, 86, 26, 103, 0, -128, -98, -114]
[2, 76, -6, 114, 72, -36, -100, 54]
[-125, 67, 31, 71, -22, -118, -76, -128]
[123, -52, -28, -57, 33, 107, 59, 127]
[61, -102, -11, -128, -57, 92, 121, 20]
[106, -20, -30, -9, 53, 85, 13, 127]
[-94, 3, 25, -15, -59, -74, 3, -125]
[-106, 100, 20, 124, 25, -121, -124, -93]
[-68, -32, 19, -48, -68, -30, 42, -109]
[44, 47, -19, 73, 70, 7, -62, 95]
[127, -79, -29, -92, 9, 127, 88, 127]
[4, 72, -6, 114, 69, -35, -100, 55]
[14, -85, -1, -122, -67, 57, 106, -30]
[-117, 33, 31, 41, -37, -96, -36, -128]
[55, -100, -9, -128, -55, 88, 123, 16]
[-78, 103, 15, 127, 45, -113, -126, -42]
[96, -107, -20, -128, -40, 120, 122, 83]
[117, -98, -26, -120, -17, 125, 114, 98]
[-122, 85, 25, 107, 2, -127, -102, -108]
[5, 72, -9, 113, 68, -30, -100, 58]
[-127, 64, 31, 77, -20, -123, -79, -128]
[125, -53, -30, -63, 26, 111, 61, 127]
[-120, 41, 27, 46, -44, -101, -46, -128]
[109, -30, -31, -21, 53, 89, 20, 127]
[-98, 11, 24, -4, -58, -78, -4, -128]
[87, -1, -23, 25, 63, 59, -14, 126]
[-74, -21, 17, -45, -67, -40, 33, -114]
[55, 39, -14, 63, 71, 21, -68, 106]
[125, -87, -28, -102, 2, 127, 97, 124]
[14, 71, -9, 109, 66, -23, -83, 65]
[8, -84, 4, -117, -70, 42, 107, -36]
[-33, 93, 3, 125, 59, -70, -118, 29]
[50, -106, -10, -128, -60, 82, 120, 3]
[-67, 102, 12, 127, 46, -102, -121, -26]
[88, 17, -22, 24, 59, 57, -14, 124]
[-102, 100, 19, 127, 33, -119, -118, -81]
[113, -98, -23, -123, -23, 125, 119, 91]
[-37, -64, 11, -89, -69, 3, 70, -73]
[126, -82, -27, -100, 6, 127, 97, 126]
[-125, 72, 28, 83, -20, -124, -86, -128]
[-29, 94, 2, 125, 61, -70, -121, 29]
[-121, 38, 26, 46, -41, -100, -46, -128]
[108, -25, -28, -16, 53, 89, 20, 127]
[-96, 0, 23, -12, -56, -74, 3, -126]
[81, 13, -26, 31, 62, 51, -23, 120]
[-64, -35, 17, -56, -67, -27, 45, -108]
[-123, 86, 27, 107, 4, -128, -100, -111]
[-19, -66, 8, -107, -76, 14, 80, -60]
[-4, 76, -5, 117, 68, -38, -101, 51]
[120, -46, -30, -52, 35, 103, 50, 127]
[-51, 100, 8, 127, 54, -84, -126, 11]
[69, -102, -12, -128, -43, 100, 122, 38]
[-86, -10, 23, -28, -63, -56, 18, -119]
[92, -110, -21, -125, -27, 121, 121, 91]
[-110, 95, 24, 120, 17, -121, -118, -92]
[37, 52, -14, 86, 69, -4, -70, 86]
[-124, 86, 27, 103, 2, -128, -98, -119]
[127, -76, -30, -85, 12, 127, 89, 127]
[77, 16, -25, 34, 64, 46, -26, 122]
[119, -54, -32, -56, 25, 106, 57, 127]
[-113, 31, 27, 41, -45, -97, -35, -128]
[-77, 102, 13, 127, 46, -110, -126, -44]
[-94, -4, 26, -20, -62, -67, 9, -126]
[76, 23, -23, 39, 67, 45, -35, 122]
[118, -91, -25, -114, -10, 127, 108, 105]
[33, 56, -12, 91, 68, -7, -82, 83]
[-13, -76, 6, -109, -71, 22, 86, -53]
[-8, 80, -3, 113, 72, -41, -100, 45]
[26, -98, -2, -124, -59, 62, 114, -25]
[-49, 102, 6, 127, 54, -85, -122, 13]
[68, -100, -12, -128, -53, 99, 127, 35]
[-87, 105, 16, 127, 39, -115, -125, -52]
[98, -104, -21, -128, -32, 120, 125, 92]
[-113, 100, 21, 122, 14, -125, -117, -92]
[121, -99, -26, -110, -9, 127, 105, 107]
[-122, 85, 26, 97, -5, -128, -92, -123]
[127, -69, -28, -79, 17, 125, 79, 127]
[26, -90, -2, -122, -66, 63, 113, -26]
[-109, 24, 28, 27, -47, -90, -23, -128]
[-8, -77, 5, -113, -74, 32, 92, -48]
[-87, -9, 23, -31, -65, -59, 17, -123]
[68, 28, -20, 49, 67, 33, -43, 115]
[125, -85, -31, -105, -4, 127, 100, 118]
[13, 61, -11, 106, 69, -20, -85, 69]
[-1, -78, 3, -117, -68, 40, 96, -37]
[-28, 90, 2, 122, 64, -60, -114, 29]
[47, -94, -8, -128, -61, 78, 109, -6]
[-49, 98, 6, 127, 57, -84, -118, 9]
[57, -98, -12, -128, -53, 89, 122, 23]
[-77, 106, 13, 127, 47, -107, -122, -36]
[99, -109, -21, -128, -38, 124, 127, 83]
[-58, -36, 19, -67, -73, -19, 56, -102]
[122, -98, -25, -118, -9, 127, 112, 104]
[-122, 81, 25, 98, -1, -128, -95, -118]
[-15, 79, -4, 118, 70, -48, -109, 37]
[-121, 51, 31, 58, -34, -108, -69, -128]
[116, -34, -29, -42, 42, 96, 38, 127]
[76, -103, -15, -128, -49, 104, 125, 50]
[-82, -21, 20, -37, -69, -48, 25, -119]
[-118, 100, 22, 118, 12, -124, -113, -89]
[-46, -44, 14, -73, -74, -13, 61, -87]
[24, 62, -12, 105, 75, -13, -80, 75]
[125, -70, -32, -76, 22, 125, 79, 127]
[-7, 80, -4, 114, 64, -46, -103, 43]
[28, -90, -1, -124, -62, 65, 113, -26]
[-113, 34, 29, 30, -48, -92, -29, -128]
[61, -105, -14, -128, -51, 95, 124, 31]
[-74, 103, 14, 127, 45, -110, -122, -40]
[80, 17, -24, 35, 60, 43, -27, 123]
[-115, 103, 21, 125, 20, -126, -123, -94]
[116, -95, -27, -118, -14, 124, 113, 99]
[-123, 88, 26, 105, -4, -128, -98, -115]
[127, -76, -31, -86, 8, 127, 87, 127]
[-124, 65, 28, 67, -26, -115, -71, -128]
[122, -45, -30, -50, 39, 103, 48, 127]
[-109, 25, 28, 30, -43, -90, -28, -128]
[97, -7, -25, 5, 53, 76, 3, 127]
[-23, 93, 2, 127, 71, -64, -118, 34]
[-117, 93, 21, 117, 6, -127, -110, -95]
[-36, -51, 15, -80, -70, -4, 66, -77]
[16, 65, -11, 106, 66, -23, -86, 66]
[126, -53, -31, -61, 29, 111, 62, 127]
[-40, 94, 4, 127, 61, -74, -122, 26]
[-122, 87, 25, 107, 3, -128, -102, -110]
[-76, 100, 12, 127, 45, -108, -123, -39]
[92, -100, -17, -128, -36, 117, 125, 79]
[-105, 104, 20, 122, 22, -122, -119, -93]
[35, 60, -14, 87, 66, -4, -76, 85]
[-126, 79, 28, 101, -5, -128, -96, -119]
[124, -70, -27, -84, 12, 127, 82, 127]
[119, -41, -29, -47, 43, 100, 41, 127]
[-109, 19, 26, 22, -50, -89, -21, -128]
[96, -10, -26, 8, 57, 75, 1, 127]
[-86, -14, 24, -29, -68, -57, 18, -121]
[76, 24, -22, 40, 69, 36, -32, 115]
[-57, -33, 19, -58, -62, -22, 51, -99]
[37, 49, -17, 85, 68, 0, -72, 87]
[-23, -65, 10, -109, -71, 18, 86, -57]
[-128, 59, 26, 72, -29, -117, -78, -128]
[25, -90, 2, -123, -64, 62, 102, -29]
[-43, 92, 2, 127, 59, -78, -124, 21]
[62, -98, -13, -128, -54, 95, 127, 25]
[-73, 99, 13, 127, 44, -103, -120, -34]
[81, 14, -23, 29, 62, 54, -16, 123]
[-68, -30, 19, -51, -72, -35, 34, -111]
[114, -92, -23, -122, -16, 125, 118, 96]
[-122, 94, 26, 114, 2, -128, -107, -103]
[122, -89, -29, -101, 2, 126, 96, 124]
[-125, 74, 27, 82, -16, -128, -88, -128]
[125, -55, -29, -68, 24, 115, 75, 127]
[60, 36, -18, 59, 68, 22, -56, 108]
[114, -30, -29, -26, 47, 94, 32, 127]
[-104, 15, 25, 3, -54, -83, -10, -128]
[1, -80, 3, -116, -66, 40, 76, -38]
[-72, -24, 20, -47, -67, -40, 35, -117]
[47, 51, -15, 70, 68, 10, -63, 100]
[-26, -62, 10, -102, -73, 11, 79, -65]
[5, 70, -7, 112, 68, -35, -94, 56]
[9, -85, 3, -115, -65, 46, 100, -29]
[-32, 94, 2, 127, 64, -69, -119, 25]
[55, -103, -11, -128, -60, 87, 127, 11]
[-69, 103, 13, 127, 49, -103, -126, -29]
[86, -108, -17, -128, -37, 118, 127, 72]
[123, -52, -31, -61, 31, 111, 64, 127]
[113, -103, -24, -122, -18, 125, 116, 98]
[46, 44, -16, 69, 65, 9, -62, 97]
[-125, 67, 28, 76, -20, -120, -79, -128]
[125, -50, -29, -60, 26, 109, 59, 127]
[58, -108, -8, -128, -56, 95, 124, 20]
[104, -18, -29, -9, 54, 86, 15, 127]
[-94, -7, 23, -16, -58, -68, 6, -125]
[-65, -31, 21, -51, -64, -30, 38, -108]
[44, 44, -15, 68, 72, 12, -60, 98]
[7, 76, -8, 117, 70, -32, -95, 59]
[12, -81, 3, -119, -67, 45, 103, -34]
[-119, 39, 28, 45, -39, -99, -40, -128]
[-72, 94, 11, 127, 43, -107, -121, -34]
[3, -82, 2, -112, -65, 40, 96, -36]
[-97, 105, 20, 126, 34, -115, -113, -70]
[102, -100, -23, -122, -20, 121, 115, 90]
[-52, -50, 15, -74, -68, -6, 64, -84]
[121, -96, -28, -113, -11, 127, 104, 113]
[-126, 77, 26, 97, -6, -128, -95, -126]
[127, -68, -31, -81, 15, 125, 68, 127]
[-125, 56, 31, 62, -31, -112, -62, -128]
[117, -31, -29, -45, 41, 99, 40, 127]
[72, -103, -14, -128, -46, 103, 121, 46]
[91, -4, -26, 9, 52, 71, 0, 127]
[-81, -16, 22, -32, -58, -47, 22, -117]
[117, -44, -29, -45, 37, 98, 41, 127]
[-62, 98, 7, 127, 55, -90, -127, -1]
[26, 59, -11, 104, 72, -12, -78, 76]
[127, -65, -29, -76, 19, 124, 82, 127]
[-11, 86, -5, 118, 64, -55, -108, 37]
[-51, 94, 5, 127, 53, -86, -119, 7]
[69, -105, -14, -128, -49, 99, 126, 40]
[-85, 103, 15, 127, 41, -116, -124, -52]
[75, 24, -19, 44, 67, 38, -32, 119]
[124, -91, -25, -113, -7, 127, 108, 111]
[-121, 80, 28, 101, 1, -128, -95, -119]
[122, -73, -31, -83, 10, 125, 85, 127]
[-123, 59, 33, 69, -18, -115, -74, -128]
[117, -52, -31, -54, 30, 104, 58, 127]
[60, -102, -11, -128, -50, 96, 123, 31]
[101, -2, -29, -3, 51, 82, 8, 127]
[-92, -3, 27, -21, -65, -67, 4, -125]
[-61, -35, 17, -55, -60, -26, 48, -102]
[42, 51, -14, 70, 66, 3, -68, 90]
[-24, -61, 10, -105, -71, 10, 78, -62]
[2, 73, -8, 115, 65, -30, -95, 55]
[-41, 92, 1, 126, 62, -71, -122, 26]
[58, -98, -8, -128, -60, 90, 122, 15]
[-78, 102, 13, 127, 52, -108, -124, -37]
[-102, 101, 18, 126, 32, -121, -124, -88]
[111, -99, -25, -121, -20, 121, 116, 90]
[123, -86, -25, -100, 5, 127, 96, 127]
[-123, 76, 28, 84, -16, -125, -84, -128]
[124, -66, -33, -70, 17, 117, 75, 127]
[-123, 39, 29, 54, -32, -106, -56, -128]
[116, -30, -27, -41, 38, 96, 36, 127]
[-106, 21, 28, 20, -45, -87, -21, -128]
[94, -3, -25, 10, 51, 74, -3, 127]
[-84, -14, 22, -31, -62, -53, 18, -120]
[-48, -42, 13, -70, -67, -15, 57, -89]
[28, 56, -15, 92, 71, -5, -73, 81]
[-14, -71, 6, -109, -67, 21, 86, -54]
[-5, 80, -6, 115, 62, -43, -101, 47]
[24, -92, -1, -123, -67, 60, 112, -26]
[-45, 93, 5, 127, 57, -76, -117, 19]
[63, -102, -9, -128, -55, 97, 122, 30]
[-80, 104, 13, 127, 44, -117, -128, -46]
[94, -111, -23, -128, -40, 119, 123, 83]
[-115, 95, 24, 124, 26, -122, -115, -93]
[121, -83, -25, -116, -16, 125, 111, 105]
[-16, -70, 6, -110, -72, 20, 87, -53]
[126, -70, -27, -81, 20, 127, 84, 127]
[-125, 56, 27, 65, -27, -113, -67, -128]
[-48, 102, 5, 127, 54, -85, -120, 8]
[-110, 27, 29, 24, -45, -91, -25, -128]
[97, -6, -28, 6, 52, 75, -1, 127]
[99, -103, -24, -127, -28, 120, 120, 92]
[71, 23, -22, 45, 64, 37, -33, 116]
[-59, -38, 13, -62, -71, -18, 54, -95]
[65, -104, -10, -128, -52, 94, 123, 31]
[-83, 104, 17, 127, 44, -113, -125, -51]
[-7, 85, -4, 120, 66, -47, -112, 43]
[28, -94, -2, -126, -62, 64, 113, -27]
[-110, 29, 27, 34, -39, -92, -27, -128]
[66, -104, -13, -128, -54, 96, 119, 32]
[-77, 100, 12, 127, 42, -109, -127, -37]
[86, -105, -19, -128, -41, 116, 120, 75]
[119, -94, -24, -122, -17, 127, 118, 102]
[-21, -69, 9, -110, -81, 16, 66, -59]
[127, -77, -29, -90, 4, 127, 91, 127]
[-124, 64, 30, 73, -22, -118, -79, -128]
[119, -47, -31, -56, 31, 105, 61, 127]
[58, -98, -10, -128, -55, 92, 125, 24]
[103, -14, -27, -6, 48, 82, 10, 127]
[-93, -7, 26, -18, -61, -68, 6, -126]
[80, 19, -23, 35, 63, 48, -6, 122]
[-64, -30, 21, -56, -69, -30, 39, -108]
[59, -99, -5, -128, -49, 93, 126, 21]
[-15, -70, 6, -112, -72, 17, 84, -56]
[-3, 81, -5, 119, 66, -41, -103, 48]
[-48, 97, 5, 127, 61, -76, -120, 16]
[65, -104, -11, -128, -49, 98, 123, 32]
[-90, -8, 25, -17, -55, -68, 6, -123]
[92, -101, -20, -128, -35, 119, 126, 83]
[-110, 101, 22, 123, 25, -124, -120, -93]
[33, 50, -15, 89, 72, -3, -74, 86]
[-123, 81, 27, 100, -1, -128, -97, -118]
[127, -70, -32, -81, 11, 126, 83, 127]
[32, -91, -3, -125, -58, 66, 108, -27]
[117, -50, -28, -50, 34, 101, 48, 127]
[-107, 24, 25, 22, -48, -89, -4, -128]
[-9, -70, 5, -113, -73, 25, 94, -50]
[-87, -9, 24, -24, -63, -57, 16, -121]
[80, 11, -24, 30, 58, 45, -30, 117]
[117, -92, -26, -119, -19, 127, 116, 103]
[-122, 95, 27, 112, 10, -128, -103, -108]
[-31, -62, 9, -102, -77, 5, 74, -67]
[-124, 71, 27, 83, -14, -125, -85, -128]
[4, -77, 5, -113, -66, 39, 97, -39]
[-32, 84, -1, 125, 58, -68, -115, 31]
[111, -34, -28, -32, 46, 93, 31, 127]
[-64, 99, 10, 127, 56, -96, -121, -17]
[81, -108, -15, -128, -42, 112, 125, 62]
[-97, 102, 15, 127, 27, -119, -118, -74]
[104, -101, -23, -124, -22, 124, 118, 90]
[-117, 93, 26, 117, 12, -128, -111, -95]
[122, -91, -26, -105, -1, 127, 101, 118]
[-2, -70, 5, -114, -69, 33, 94, -46]
[126, -61, -31, -76, 18, 122, 73, 127]
[-125, 48, 28, 57, -30, -108, -58, -128]
[117, -38, -29, -43, 39, 98, 35, 127]
[-105, 23, 28, 17, -51, -87, -19, -128]
[96, 7, -23, 6, 54, 75, 2, 127]
[103, -99, -22, -128, -27, 123, 122, 92]
[67, 25, -22, 51, 66, 29, -43, 115]
[-51, -47, 16, -67, -62, -13, 63, -91]
[-122, 81, 27, 98, -9, -128, -93, -119]
[-19, -74, 7, -110, -69, 19, 85, -55]
[3, 77, -4, 112, 70, -34, -95, 52]
[121, -47, -31, -55, 36, 108, 58, 127]
[-41, 99, 5, 127, 57, -78, -122, 23]
[60, -97, -11, -128, -57, 92, 123, 18]
[-93, -5, 23, -13, -59, -77, 3, -126]
[94, -107, -20, -128, -35, 119, 117, 79]
[-109, 96, 20, 125, 26, -122, -116, -92]
[122, -87, -24, -117, -12, 125, 111, 106]
[-124, 82, 28, 103, 0, -128, -95, -116]
[121, -75, -27, -87, 11, 127, 89, 127]
[14, -91, 0, -121, -66, 56, 102, -27]
[-68, -32, 20, -50, -64, -30, 41, -107]
[-120, 32, 27, 45, -33, -101, -45, -128]
[-68, 101, 9, 127, 50, -101, -125, -24]
[-101, 2, 23, -1, -60, -80, 15, -128]
[87, 12, -24, 25, 60, 59, -21, 127]
[-75, -19, 21, -44, -71, -43, 30, -115]
[56, 32, -21, 55, 68, 23, -54, 106]
[-39, -49, 13, -74, -67, -5, 61, -79]
[-126, 77, 26, 91, -8, -128, -93, -127]
[-27, 87, -1, 125, 69, -61, -117, 34]
[114, -28, -29, -32, 39, 94, 30, 127]
[-66, 98, 8, 127, 53, -101, -121, -17]
[81, -99, -14, -128, -41, 110, 115, 60]
[-70, -24, 21, -41, -61, -39, 31, -112]
[109, -94, -20, -123, -23, 124, 120, 92]
[-119, 89, 21, 116, 8, -127, -106, -100]
[11, 72, -7, 115, 70, -27, -92, 64]
[-127, 74, 28, 83, -17, -126, -84, -128]
[124, -63, -32, -66, 24, 115, 68, 127]
[49, -101, -8, -128, -59, 79, 122, 6]
[111, -24, -27, -23, 49, 90, 27, 127]
[-97, 11, 25, -2, -55, -79, -8, -127]
[86, 7, -24, 22, 60, 62, -12, 126]
[119, -99, -23, -124, -24, 124, 115, 95]
[49, 44, -16, 65, 69, 13, -60, 102]
[-28, -67, 9, -91, -64, 4, 72, -68]
[10, 72, -8, 111, 63, -28, -91, 58]
[9, -83, 2, -119, -69, 50, 101, -30]
[-36, 90, 0, 125, 63, -67, -120, 26]
[108, -16, -27, -18, 47, 89, 11, 127]
[-63, 104, 12, 127, 50, -103, -125, -31]
[84, -103, -16, -128, -43, 115, 126, 70]
[98, -99, -20, -123, -29, 119, 116, 89]
[-121, 90, 23, 118, 13, -124, -115, -96]
[27, 57, -14, 97, 71, -8, -78, 78]
[-124, 82, 27, 98, -5, -128, -92, -126]
[125, -66, -33, -80, 13, 125, 82, 127]
[-122, 51, 28, 64, -27, -112, -67, -128]
[117, -41, -27, -51, 31, 101, 48, 127]
[-109, 22, 26, 29, -47, -91, -31, -128]
[99, -8, -25, -2, 54, 81, 9, 127]
[-90, -4, 24, -18, -49, -66, 5, -125]
[72, 23, -24, 37, 63, 43, -27, 122]
[112, -95, -25, -120, -19, 124, 114, 98]
[45, 44, -16, 70, 68, 11, -41, 96]
[-27, -62, 11, -97, -66, 7, 73, -65]
[-128, 61, 28, 76, -16, -122, -83, -128]
[22, -85, 1, -121, -75, 54, 104, -31]
[-33, 91, 1, 126, 65, -69, -118, 27]
[106, -21, -29, -19, 44, 86, 21, 127]
[-72, 99, 12, 127, 47, -103, -123, -32]
[91, -100, -19, -128, -42, 115, 123, 71]
[-67, -28, 19, -45, -64, -35, 34, -111]
[108, -97, -22, -122, -21, 124, 115, 90]
[-122, 91, 26, 114, 11, -127, -109, -100]
[80, -104, -14, -128, -45, 113, 125, 59]
[-122, 71, 27, 87, -10, -126, -87, -128]
[124, -61, -29, -71, 20, 118, 74, 127]
[-122, 46, 27, 54, -35, -105, -55, -128]
[116, -31, -28, -41, 43, 95, 34, 127]
[-103, 15, 26, 10, -47, -86, -14, -128]
[-98, 101, 16, 127, 38, -118, -124, -70]
[-82, -29, 21, -35, -65, -47, 16, -118]
[56, 41, -18, 53, 65, 23, -64, 110]
[123, -80, -26, -103, 1, 127, 100, 122]
[17, 66, -12, 110, 67, -21, -83, 67]
[1, -80, 5, -116, -72, 40, 96, -39]
[105, -100, -20, -123, -26, 122, 116, 90]
[105, -36, -30, -41, 36, 96, 38, 127]
[-55, 97, 6, 127, 53, -89, -103, -3]
[70, -103, -11, -128, -48, 98, 117, 38]
[-85, 103, 16, 127, 43, -111, -128, -53]
[95, -103, -18, -128, -39, 121, 122, 86]
[-109, 96, 19, 124, 24, -123, -122, -92]
[120, -94, -27, -119, -14, 127, 109, 108]
[-126, 81, 27, 104, -1, -128, -100, -116]
[124, -74, -31, -85, 11, 125, 85, 127]
[-121, 49, 29, 69, -19, -115, -70, -128]
[119, -39, -27, -52, 37, 104, 49, 127]
[-113, 31, 28, 40, -44, -95, -36, -128]
[101, -17, -30, -15, 43, 83, 17, 127]
[-95, 4, 23, -6, -57, -76, -4, -126]
[85, 12, -22, 27, 56, 57, -16, 125]
[-67, -32, 19, -55, -74, -35, 38, -112]
[42, 50, -16, 80, 73, 7, -67, 95]
[-25, -62, 7, -107, -72, 13, 82, -61]
[-122, 58, 28, 73, -15, -118, -80, -128]
[14, -83, 0, -117, -69, 51, 105, -27]
[-115, 35, 27, 43, -43, -98, -31, -128]
[106, -17, -29, -15, 50, 87, 14, 127]
[-74, 100, 14, 127, 45, -106, -122, -36]
[88, -106, -19, -128, -39, 116, 123, 70]
[-73, -23, 18, -40, -67, -42, 31, -112]
[104, -102, -22, -123, -26, 120, 117, 89]
[-118, 99, 25, 116, 18, -124, -111, -95]
[17, 62, -13, 98, 71, -10, -81, 76]
[-123, 78, 27, 96, -4, -128, -93, -125]
[124, -70, -28, -81, 14, 124, 83, 127]
[19, -87, 1, -118, -65, 56, 104, -27]
[117, -48, -27, -56, 34, 108, 58, 127]
[-115, 30, 29, 42, -36, -98, -41, -128]
[-27, -60, 12, -100, -75, 7, 73, -66]
[-96, 9, 26, -2, -56, -78, -3, -128]
[86, 11, -24, 21, 57, 60, -10, 127]
[106, -99, -21, -123, -26, 122, 120, 89]
[-120, 94, 23, 116, 13, -126, -110, -94]
[-44, -51, 13, -77, -70, -9, 63, -81]
[-124, 73, 28, 94, -5, -127, -92, -125]
[-87, 102, 17, 127, 34, -119, -128, -60]
[-20, 84, -2, 116, 59, -51, -109, 39]
[117, -36, -30, -45, 38, 99, 41, 127]
[-60, 98, 5, 127, 54, -90, -121, -1]
[76, -97, -12, -128, -50, 99, 122, 40]
[-84, 102, 16, 127, 40, -114, -121, -50]
[-118, 92, 19, 122, 18, -125, -115, -95]
[123, -91, -25, -117, -16, 127, 106, 108]
[-117, 83, 26, 106, 11, -124, -97, -109]
[119, -73, -27, -89, 1, 123, 90, 127]
[-124, 57, 28, 75, -17, -121, -76, -128]
[124, -48, -31, -61, 27, 110, 61, 127]
[-120, 35, 25, 45, -41, -101, -44, -128]
[110, -21, -30, -25, 48, 92, 27, 127]
[-100, -1, 24, -1, -52, -80, -7, -128]
[87, 11, -24, 24, 56, 59, -13, 126]
[-70, -31, 20, -41, -59, -37, 33, -114]
[47, 43, -18, 63, 63, 16, -57, 102]
[-31, -58, 13, -91, -67, 3, 72, -70]
[9, 71, -8, 109, 67, -27, -90, 62]
[125, -54, -30, -63, 24, 111, 54, 127]
[-38, 89, 1, 127, 63, -72, -119, 27]
[56, -99, -9, -128, -57, 86, 120, 12]
[-76, 97, 14, 127, 42, -108, -122, -43]
[94, -104, -17, -128, -34, 121, 127, 85]
[-107, 100, 21, 123, 25, -122, -119, -92]
[116, -92, -23, -119, -18, 125, 113, 102]
[-121, 81, 22, 103, 0, -127, -100, -113]
[126, -76, -31, -86, 8, 127, 86, 127]
[-123, 59, 29, 73, -16, -119, -78, -128]
[123, -47, -29, -61, 28, 110, 61, 127]
[-118, 36, 27, 45, -36, -101, -45, -128]
[109, -18, -24, -21, 44, 89, 23, 127]
[-97, 4, 25, -6, -57, -74, 9, -128]
[85, 11, -26, 28, 59, 57, -19, 126]
[112, -98, -25, -121, -18, 123, 114, 98]
[-24, -63, 9, -103, -71, 10, 76, -63]
[4, 73, -9, 113, 67, -29, -94, 57]
[21, -81, 0, -119, -67, 51, 119, -30]
[-43, 90, 6, 127, 62, -76, -124, 22]
[59, -102, -11, -128, -56, 91, 121, 25]
[-81, 102, 14, 127, 45, -113, -127, -47]
[99, -99, -18, -128, -36, 121, 124, 90]
[-45, -48, 14, -71, -71, -12, 56, -90]
[122, -92, -28, -111, -6, 127, 102, 112]
[-123, 74, 28, 93, -8, -128, -92, -126]
[-10, 84, -6, 114, 64, -46, -103, 40]
[-121, 48, 31, 61, -21, -109, -62, -128]
[118, -45, -32, -48, 29, 100, 42, 127]
[24, 61, -13, 100, 66, -11, -78, 76]
[94, -4, -27, 12, 55, 74, -2, 127]
[-85, -15, 23, -29, -60, -52, 17, -120]
[65, 31, -22, 49, 61, 31, -40, 112]
[-47, -44, 15, -66, -67, -15, 58, -87]
[-6, -77, 8, -114, -67, 30, 89, -48]
[-10, 82, -2, 118, 69, -47, -99, 42]
[34, -92, -3, -124, -60, 62, 117, -26]
[-52, 95, 5, 127, 56, -80, -119, 13]
[66, -103, -14, -128, -53, 95, 126, 34]
[-88, 104, 16, 127, 43, -116, -122, -51]
[92, -101, -19, -128, -34, 122, 124, 91]
[120, -48, -29, -52, 32, 102, 50, 127]
[121, -85, -24, -117, -10, 127, 109, 105]
[-120, 80, 26, 100, 0, -127, -97, -118]
[-90, -8, 24, -18, -49, -65, 7, -122]
[-126, 59, 28, 69, -27, -118, -74, -128]
[121, -54, -30, -56, 31, 106, 50, 127]
[102, -13, -26, -4, 48, 83, 4, 127]
[-89, -5, 22, -14, -55, -68, 4, -123]
[-111, 95, 23, 123, 27, -124, -118, -94]
[-55, -40, 18, -58, -69, -20, 52, -99]
[37, 65, -12, 84, 71, 1, -67, 88]
[-15, -71, 8, -107, -69, 16, 87, -56]
[-5, 74, -6, 114, 65, -38, -99, 49]
[32, -94, -2, -125, -59, 64, 115, -27]
[-111, 28, 28, 36, -43, -93, -36, -128]
[58, -90, -10, -128, -61, 89, 124, 27]
[-77, 100, 12, 127, 46, -109, -123, -37]
[82, 14, -24, 28, 60, 55, -17, 123]
[111, -98, -26, -122, -19, 127, 117, 106]
[-26, -60, 12, -97, -68, 8, 75, -63]
[124, -75, -30, -94, -1, 127, 100, 127]
[-122, 62, 27, 78, -14, -121, -84, -128]
[-42, 79, 4, 126, 68, -66, -118, 25]
[110, -24, -28, -27, 42, 92, 27, 127]
[80, -104, -16, -128, -49, 107, 119, 56]
[91, 9, -25, 17, 55, 66, -8, 127]
[-80, -20, 19, -33, -63, -48, 19, -117]
[64, 33, -20, 53, 65, 29, -45, 111]
[-46, -49, 16, -69, -64, -12, 60, -84]
[23, 60, -11, 97, 67, -7, -75, 76]
[123, -67, -29, -79, 20, 123, 80, 127]
[27, -91, -2, -126, -50, 68, 118, -11]
[-107, 18, 23, 21, -49, -89, -23, -128]
[77, -109, -21, -128, -53, 102, 124, 48]
[-90, 107, 26, 127, 43, -119, -118, -66]
[103, -101, -20, -127, -31, 122, 118, 90]
[-115, 89, 21, 120, 14, -123, -115, -92]
[-118, 81, 30, 98, 4, -127, -94, -120]
[-7, 87, -1, 119, 70, -45, -97, 45]
[25, -90, 0, -121, -65, 56, 117, -28]
[120, -42, -33, -56, 30, 104, 47, 127]
[34, 49, -14, 73, 66, 3, -66, 88]
[100, -14, -26, -5, 52, 83, 14, 127]
[-89, -5, 22, -20, -60, -70, 6, -124]
[76, 14, -21, 35, 63, 45, -29, 122]
[-56, -36, 16, -60, -70, -23, 49, -100]
[31, 55, -17, 89, 69, 2, -71, 84]
[-8, -71, 7, -113, -70, 26, 86, -49]
[-16, 84, -1, 120, 67, -50, -105, 39]
[30, -94, -6, -128, -59, 70, 125, -7]
[-69, 97, 10, 127, 52, -96, -125, -21]
[84, -104, -14, -128, -40, 108, 123, 67]
[-93, 99, 16, 126, 28, -117, -124, -75]
[-118, 82, 22, 112, 7, -127, -108, -102]
[120, -82, -28, -102, 1, 126, 102, 121]
[-3, -80, 2, -116, -66, 37, 91, -41]
[124, -58, -30, -72, 21, 121, 75, 127]
[-120, 45, 31, 55, -22, -106, -55, -128]
[-63, 100, 7, 127, 47, -96, -123, -17]
[13, 67, -9, 110, 71, -21, -87, 66]
[87, 11, -26, 21, 54, 62, -14, 126]
[115, -96, -23, -122, -20, 125, 115, 99]
[43, 42, -21, 69, 63, 11, -59, 99]
[-27, -61, 8, -104, -75, 10, 78, -64]
[-123, 64, 26, 76, -18, -121, -80, -128]
[8, -75, 6, -112, -65, 44, 100, -35]
[-24, 94, 1, 124, 64, -61, -111, 27]
[113, -25, -31, -37, 43, 94, 31, 127]
[-64, 98, 6, 127, 46, -97, -126, -17]
[88, -109, -16, -128, -43, 111, 126, 66]
[-66, -30, 18, -45, -65, -36, 34, -113]
[58, -105, -12, -128, -54, 88, 127, 16]
[-124, 86, 27, 107, 10, -127, -107, -107]
[1, 74, -7, 112, 67, -33, -92, 54]
[-128, 56, 28, 72, -23, -118, -76, -128]
[120, -50, -29, -58, 28, 107, 64, 127]
[55, -100, -9, -128, -61, 75, 121, 12]
[107, -18, -28, -20, 45, 88, 21, 127]
[-95, 5, 27, -9, -56, -79, -2, -128]
[85, 16, -25, 29, 59, 59, -13, 127]
[-32, 90, 2, 126, 64, -66, -110, 27]
[48, 42, -17, 64, 67, 15, -56, 101]
[-31, -63, 11, -86, -71, 1, 69, -68]
[86, 8, -24, 21, 55, 55, -12, 125]
[8, -77, 4, -116, -62, 46, 102, -34]
[-25, 86, -3, 122, 62, -60, -114, 28]
[-68, 97, 12, 127, 54, -98, -124, -21]
[-100, 96, 17, 127, 31, -121, -123, -82]
[111, -91, -26, -124, -27, 123, 116, 101]
[-124, 77, 24, 105, 4, -128, -103, -114]
[124, -77, -29, -85, 9, 127, 97, 127]
[-121, 61, 29, 69, -20, -114, -74, -128]
[114, -35, -28, -51, 31, 101, 45, 127]
[-106, 23, 28, 26, -44, -91, -27, -128]
[98, -11, -27, -4, 46, 80, 9, 127]
[-89, -1, 24, -19, -59, -66, 7, -123]
[80, 18, -22, 39, 64, 48, 3, 120]
[-58, -40, 16, -60, -75, -22, 46, -100]
[37, 53, -13, 84, 70, -2, -78, 88]
[119, -69, -27, -85, 9, 126, 88, 127]
[42, -93, -3, -128, -59, 74, 115, -5]
[-63, 96, 6, 127, 51, -94, -126, -13]
[0, -75, 4, -115, -67, 39, 97, -37]
[-97, 95, 17, 127, 33, -118, -123, -73]
[104, -87, -20, -121, -27, 119, 116, 92]
[-118, 87, 23, 117, 17, -124, -112, -94]
[122, -86, -27, -106, -10, 127, 102, 119]
[-121, 76, 27, 95, -4, -128, -92, -126]
[121, -74, -33, -80, 10, 123, 91, 127]
[-123, 48, 28, 61, -32, -111, -71, -128]
[-58, 95, 2, 127, 51, -89, -126, -3]
[-107, 20, 29, 21, -45, -89, -25, -128]
[95, -6, -26, 7, 54, 75, 2, 127]
