[12, 56, -3, 79, 58, -16, -72, 65]
[-51, 69, 10, 98, 35, -69, -88, -11]
[73, -69, -12, -124, -39, 97, 107, 51]
[86, -1, -27, 17, 50, 66, -9, 127]
[-71, -25, 22, -40, -62, -43, 28, -107]
[76, 12, -26, 43, 67, 47, -29, 126]
[-61, -27, 25, -51, -63, -30, 43, -108]
[83, -8, -23, -12, 36, 70, 14, 112]
[-96, 52, 27, 73, -1, -95, -69, -92]
[121, -72, -34, -93, -1, 124, 90, 127]
[-120, 53, 22, 74, -14, -120, -74, -128]
[127, -69, -29, -84, 12, 127, 85, 127]
[-127, 52, 30, 69, -20, -120, -76, -128]
[123, -51, -33, -66, 27, 115, 67, 127]
[-114, 41, 27, 49, -29, -102, -48, -128]
[109, -25, -26, -42, 35, 94, 35, 127]
[-100, 2, 26, 15, -49, -83, -17, -128]
[91, -3, -20, 13, 51, 75, 5, 127]
[-86, -12, 20, -25, -62, -62, 9, -122]
[75, 16, -29, 31, 60, 46, -25, 122]
[51, 35, -24, 58, 64, 19, -53, 102]
[-118, 86, 21, 116, 15, -125, -111, -100]
[23, 60, -17, 95, 67, -7, -77, 77]
[-10, -68, 5, -111, -67, 21, 85, -54]
[-10, 75, 6, 114, 61, -43, -99, 50]
[-103, 96, 22, 123, 32, -122, -119, -90]
[-35, 89, -4, 124, 62, -67, -116, 23]
[50, -93, -26, -128, -60, 79, 120, 6]
[-65, 102, 24, 127, 57, -91, -120, -18]
[75, -105, -18, -128, -52, 101, 122, 50]
[-86, 94, 17, 127, 40, -114, -122, -57]
[97, -101, -20, -128, -34, 121, 121, 85]
[-103, 94, 22, 122, 31, -120, -118, -90]
[110, -93, -23, -119, -22, 123, 114, 96]
[-117, 86, 23, 115, 15, -124, -109, -100]
[121, -80, -37, -106, -9, 124, 101, 120]
[-122, 70, 29, 97, 1, -127, -92, -123]
[121, -66, -31, -88, 4, 123, 85, 127]
[90, -95, -22, -128, -40, 118, 122, 74]
[118, -51, -27, -62, 16, 112, 67, 127]
[-117, 40, 39, 50, -28, -105, -52, -128]
[111, -31, -35, -42, 36, 96, 36, 127]
[-103, 17, 31, 19, -40, -87, -22, -128]
[95, -4, -29, 3, 48, 78, 6, 127]
[-89, -11, 22, -12, -54, -68, 6, -123]
[76, 16, -24, 26, 56, 50, -20, 122]
[-31, 89, 1, 123, 68, -63, -114, 24]
[51, 32, -24, 58, 61, 21, -49, 103]
[-41, -50, 15, -77, -70, -8, 62, -78]
[69, -101, -11, -128, -55, 95, 122, 44]
[-120, 69, 32, 100, 1, -126, -94, -123]
[-6, 77, -9, 111, 66, -39, -96, 52]
[17, -84, 2, -120, -69, 52, 102, -30]
[108, -95, -15, -120, -34, 122, 115, 90]
[45, -93, -5, -128, -60, 75, 117, -3]
[-57, 94, 8, 127, 56, -86, -121, -6]
[67, -99, -8, -128, -49, 93, 121, 36]
[-91, 3, 25, -6, -51, -74, -1, -126]
[86, -99, -19, -128, -52, 109, 122, 66]
[-97, 92, 13, 127, 34, -119, -122, -71]
[60, 34, -13, 51, 61, 30, -42, 108]
[-111, 89, 46, 119, 23, -124, -114, -94]
[117, -85, -38, -115, -11, 126, 109, 110]
[-22, -63, 5, -98, -71, 9, 77, -62]
[118, -73, -28, -94, 9, 125, 91, 127]
[-120, 64, 24, 82, -12, -123, -83, -128]
[-22, 82, -11, 118, 65, -56, -109, 34]
[-120, 34, 18, 58, -30, -109, -58, -128]
[116, -37, -25, -45, 28, 100, 44, 127]
[100, -11, -28, -12, 48, 83, 18, 127]
[-91, 0, 16, -5, -51, -76, -6, -126]
[83, 16, -22, 21, 57, 61, -9, 126]
[-119, 41, 25, 57, -28, -109, -58, -128]
[60, 31, -20, 50, 59, 30, -41, 111]
[116, -86, -16, -116, -13, 126, 110, 108]
[34, 52, -10, 77, 59, 3, -65, 87]
[-22, -70, 10, -101, -70, 8, 75, -64]
[7, 70, -15, 109, 72, -22, -86, 63]
[-18, 81, -10, 116, 68, -51, -105, 36]
[30, -87, 1, -126, -65, 62, 111, -21]
[-40, 83, 3, 127, 61, -74, -119, 16]
[55, -90, -4, -128, -57, 86, 122, 21]
[-69, 97, 16, 127, 50, -98, -121, -27]
[-92, 99, 10, 127, 35, -117, -123, -61]
[97, -97, -9, -125, -37, 121, 121, 88]
[113, -90, -33, -118, -21, 125, 112, 104]
[-120, 80, 20, 111, 8, -126, -103, -110]
[120, -84, -29, -101, -9, 124, 95, 124]
[-121, 71, 30, 89, -1, -124, -87, -127]
[121, -63, -32, -77, 10, 120, 79, 127]
[-119, 45, 32, 64, -21, -113, -66, -128]
[117, -29, -29, -52, 31, 103, 51, 127]
[-112, 29, 33, 41, -35, -96, -38, -128]
[-28, -56, 10, -84, -65, 4, 73, -66]
[-96, 4, 27, 2, -49, -79, -9, -128]
[87, -5, -35, 11, 51, 66, -5, 127]
[-15, 81, -20, 115, 60, -49, -103, 40]
[65, 29, -21, 43, 65, 38, -33, 114]
[-57, -35, 13, -56, -68, -25, 48, -97]
[55, -87, 0, -128, -58, 83, 121, 15]
[-31, -53, 15, -85, -67, 0, 70, -70]
[16, 65, -13, 104, 68, -16, -81, 70]
[121, -61, -35, -78, 9, 121, 80, 127]
[25, -89, -3, -121, -62, 58, 108, -25]
[-113, 29, 27, 43, -34, -98, -41, -128]
[52, -95, -11, -128, -57, 82, 121, 13]
[-63, 96, 10, 127, 52, -95, -121, -22]
[89, 2, -26, 18, 49, 70, -2, 127]
[-86, 98, 18, 127, 45, -115, -122, -60]
[92, -100, -17, -128, -38, 120, 121, 84]
[-60, -38, 26, -48, -66, -32, 39, -103]
[111, -86, -24, -119, -20, 123, 113, 97]
[-120, 84, 27, 116, 16, -124, -108, -103]
[18, 56, -17, 96, 69, -8, -75, 77]
[119, -57, -27, -83, 3, 123, 84, 127]
[16, -77, 0, -119, -65, 55, 104, -28]
[118, -35, -35, -61, 27, 109, 60, 127]
[-32, 82, -1, 124, 61, -66, -115, 23]
[107, -31, -28, -29, 37, 92, 29, 127]
[-97, 12, 18, 10, -43, -84, -15, -128]
[94, 14, -31, 10, 44, 73, 2, 127]
[-83, 3, 26, -24, -53, -60, 12, -120]
[71, 13, -17, 37, 57, 44, -29, 119]
[-58, -27, 18, -53, -59, -28, 43, -101]
[44, 51, -13, 63, 65, 16, -56, 97]
[117, -86, -19, -106, -6, 125, 99, 120]
[19, 54, -13, 103, 65, -12, -79, 74]
[-8, -70, -5, -113, -68, 22, 88, -52]
[73, 21, -11, 36, 61, 47, -23, 120]
[21, -77, 3, -122, -65, 54, 104, -27]
[-35, 95, 4, 122, 62, -67, -115, 22]
[-63, 107, 29, 127, 60, -93, -122, -22]
[71, -102, -19, -128, -56, 101, 122, 49]
[-84, -18, 24, -19, -51, -63, 8, -120]
[93, -104, -24, -127, -33, 119, 121, 80]
[-99, 99, 23, 122, 21, -120, -118, -86]
[56, 42, -16, 57, 60, 20, -49, 101]
[-113, 89, 21, 116, 14, -125, -111, -98]
[118, -79, -20, -110, -6, 126, 104, 118]
[-9, -83, -5, -111, -72, 15, 84, -57]
[120, -73, -26, -88, 9, 124, 87, 127]
[-122, 53, 24, 73, -20, -120, -79, -128]
[-30, 85, 3, 121, 60, -61, -111, 25]
[-113, 47, 42, 53, -26, -103, -51, -128]
[108, -33, -23, -33, 38, 96, 35, 127]
[68, -97, -12, -128, -49, 99, 123, 43]
[-87, -14, 27, -14, -50, -67, 5, -123]
[-101, 92, 23, 125, 29, -122, -120, -82]
[108, -93, -25, -120, -22, 123, 118, 90]
[52, 40, -29, 53, 59, 20, -51, 103]
[118, -82, -29, -110, -9, 126, 103, 118]
[23, 60, -8, 95, 66, -6, -75, 78]
[-12, -58, 10, -109, -68, 17, 83, -56]
[-116, 51, 36, 76, -14, -119, -78, -128]
[19, -90, -12, -119, -66, 50, 102, -31]
[-29, 90, 5, 123, 60, -62, -113, 25]
[109, -27, -35, -41, 35, 96, 36, 127]
[-56, 94, 16, 127, 53, -87, -121, -11]
[71, -101, -12, -128, -49, 97, 123, 42]
[-89, -13, 19, -17, -55, -66, 5, -123]
[91, -93, 5, -128, -37, 116, 123, 76]
[-102, 92, 17, 123, 23, -121, -121, -84]
[109, -103, -30, -121, -23, 123, 115, 100]
[-118, 85, 23, 116, 18, -125, -109, -103]
[121, -79, -33, -107, -6, 126, 102, 120]
[-116, 75, 29, 94, -2, -125, -91, -124]
[120, -66, -36, -83, 6, 122, 83, 127]
[-120, 56, 25, 68, -18, -117, -74, -128]
[116, -44, -31, -58, 28, 110, 60, 127]
[44, -84, -7, -128, -53, 79, 120, 6]
[108, -29, -27, -38, 39, 94, 33, 127]
[-102, 18, 27, 15, -46, -86, -22, -128]
[-72, 97, 17, 127, 42, -110, -122, -46]
[-86, -5, 28, -13, -54, -65, 7, -123]
[79, 26, -23, 29, 58, 48, -20, 122]
[108, -93, -18, -122, -25, 123, 116, 96]
[46, 37, -16, 60, 63, 19, -52, 102]
[-37, -57, 11, -78, -67, -7, 64, -76]
[-119, 68, 29, 98, 2, -124, -93, -120]
[-10, -74, 17, -105, -66, 20, 83, -55]
[-8, 68, -12, 113, 70, -34, -94, 53]
[17, -82, 1, -118, -66, 50, 101, -30]
[-32, 88, -1, 123, 63, -65, -114, 25]
[48, -94, 3, -128, -59, 75, 119, 0]
[-105, 9, 20, 19, -40, -87, -21, -128]
[68, -98, -11, -128, -55, 95, 122, 41]
[-79, 96, 13, 127, 47, -108, -120, -44]
[76, 15, -22, 22, 53, 52, -19, 122]
[-91, 104, 15, 124, 31, -120, -120, -79]
[104, -90, -17, -121, -27, 123, 116, 91]
[-114, 87, 16, 117, 16, -124, -113, -95]
[118, -84, -28, -111, -17, 126, 106, 115]
[-120, 75, 22, 102, 10, -125, -95, -119]
[7, 71, -14, 110, 57, -32, -92, 57]
[-121, 58, 27, 78, -12, -120, -79, -128]
[117, -53, -26, -63, 18, 113, 67, 127]
[38, -93, -11, -126, -62, 71, 117, -7]
[-105, 22, 32, 25, -42, -91, -28, -128]
[-82, 91, 7, 127, 45, -107, -122, -41]
[-90, -7, 21, -10, -54, -74, -1, -126]
[79, 7, -37, 22, 58, 57, -13, 124]
[105, -93, -24, -123, -28, 122, 116, 89]
[54, 35, -21, 53, 58, 25, -46, 106]
[-46, -44, 8, -66, -66, -17, 55, -85]
[-119, 66, 19, 106, 10, -124, -98, -115]
[-21, -61, 3, -100, -71, 8, 75, -65]
[9, 66, -8, 110, 66, -22, -84, 64]
[122, -54, -23, -72, 10, 118, 77, 127]
[-14, 82, 0, 119, 64, -52, -105, 38]
[31, -89, 5, -124, -65, 63, 111, -22]
[-50, 84, 5, 127, 56, -77, -121, 13]
[55, -90, -2, -128, -51, 86, 122, 21]
[-72, 94, 6, 127, 52, -98, -121, -29]
[78, -105, -15, -128, -41, 106, 122, 59]
[-91, 96, 19, 127, 37, -116, -122, -62]
[98, -90, -22, -126, -29, 121, 119, 87]
[-104, 91, 15, 121, 27, -119, -115, -91]
[112, -96, -34, -118, -19, 122, 112, 97]
[-115, 88, 20, 114, 10, -124, -108, -103]
[116, -81, -24, -107, -11, 126, 102, 121]
[-12, -64, 13, -111, -70, 17, 86, -57]
[124, -68, -30, -88, 1, 123, 86, 127]
[-123, 57, 28, 76, -11, -119, -78, -128]
[-68, -25, 21, -40, -62, -41, 28, -107]
[-115, 45, 31, 50, -28, -105, -53, -128]
[112, -28, -24, -43, 35, 97, 39, 127]
[65, -95, -16, -128, -47, 93, 124, 34]
[-90, 1, 26, -10, -54, -75, -3, -127]
[-92, 97, 7, 127, 35, -118, -121, -66]
[-73, -28, 26, -31, -58, -48, 21, -111]
[55, 24, -33, 49, 66, 34, -37, 110]
[112, -82, -22, -117, -20, 124, 111, 106]
[38, 47, -10, 71, 64, 9, -60, 90]
[-29, -57, 5, -92, -66, 3, 70, -70]
[-118, 72, 24, 93, -1, -125, -89, -123]
[-6, -76, 7, -113, -73, 22, 88, -52]
[-8, 82, -5, 115, 65, -42, -97, 47]
[118, -42, -19, -56, 28, 109, 61, 127]
[-41, 88, -8, 127, 64, -66, -115, 22]
[49, -92, -7, -128, -59, 77, 117, 6]
[-101, 9, 27, 17, -45, -87, -23, -128]
[71, -95, -7, -128, -48, 94, 121, 38]
[-82, 81, 10, 127, 44, -107, -121, -44]
[77, 18, -27, 24, 52, 53, -19, 123]
[-99, 95, 26, 127, 35, -119, -120, -77]
[106, -91, -27, -123, -29, 122, 117, 91]
[-44, -45, 19, -66, -63, -17, 54, -86]
[113, -86, -26, -117, -26, 124, 109, 112]
[-117, 82, 25, 107, 7, -124, -100, -114]
[14, 69, -17, 97, 60, -18, -83, 70]
[-120, 75, 27, 88, 1, -123, -87, -123]
[122, -53, -28, -82, 8, 120, 80, 127]
[-120, 50, 25, 69, -17, -116, -74, -128]
[117, -48, -26, -61, 23, 112, 66, 127]
[-115, 34, 35, 55, -28, -106, -57, -128]
[112, -28, -21, -46, 31, 99, 43, 127]
[-109, 19, 23, 37, -37, -93, -31, -128]
[102, -14, -26, -16, 51, 86, 19, 127]
[-96, 11, 21, 1, -49, -80, -10, -128]
[89, 9, -28, 9, 46, 69, -1, 127]
[-73, -15, 24, -22, -54, -60, 12, -116]
[67, 16, -29, 36, 60, 43, -23, 117]
[104, -92, -12, -120, -17, 123, 115, 92]
[51, 26, -21, 58, 66, 23, -48, 101]
[-45, -55, 11, -69, -62, -14, 57, -83]
[-118, 77, 20, 105, 6, -124, -99, -117]
[-23, -61, 22, -94, -70, 7, 74, -67]
[8, 68, -2, 107, 65, -20, -84, 67]
[120, -55, -34, -76, 11, 120, 78, 127]
[-14, 78, 2, 116, 66, -48, -102, 43]
[23, -93, 2, -121, -63, 60, 106, -22]
[107, -97, -12, -119, -20, 123, 114, 98]
[47, -97, -6, -128, -55, 78, 117, 6]
[-59, 90, 13, 127, 55, -86, -119, -11]
[95, -13, -29, -6, 45, 80, 10, 127]
[-78, 97, 13, 127, 47, -105, -122, -39]
[89, -99, -29, -128, -45, 112, 122, 65]
[-73, -17, 28, -33, -59, -48, 19, -110]
[99, -87, -14, -124, -28, 121, 118, 91]
[-109, 90, 22, 119, 21, -120, -115, -96]
[49, 52, -20, 63, 64, 14, -57, 94]
[107, -15, -30, -34, 38, 92, 29, 127]
[120, -88, -21, -104, -4, 126, 99, 124]
[-9, -70, 3, -109, -64, 19, 84, -56]
[122, -64, -33, -84, 3, 121, 85, 127]
[-116, 59, 32, 76, -13, -118, -77, -128]
[-22, 84, -3, 117, 59, -54, -105, 31]
[-116, 44, 25, 55, -20, -107, -59, -128]
[111, -37, -29, -50, 23, 102, 48, 127]
[53, -88, -13, -128, -54, 82, 120, 16]
[104, -18, -33, -23, 37, 91, 28, 127]
[-101, 2, 25, 19, -44, -85, -20, -128]
[95, -1, -24, -6, 49, 78, 8, 127]
[-88, 0, 29, -13, -54, -72, 1, -124]
[79, 17, -17, 27, 58, 57, -15, 124]
[99, -94, -27, -123, -31, 122, 119, 91]
[64, 30, -6, 47, 55, 33, -37, 108]
[-54, -39, 13, -55, -58, -23, 47, -92]
[-116, 78, 21, 111, 10, -124, -105, -110]
[-32, -59, 8, -87, -71, -3, 67, -73]
[21, 61, -7, 98, 72, -6, -72, 77]
[120, -66, -28, -90, 1, 121, 86, 127]
[-3, 70, -10, 111, 65, -34, -92, 57]
[15, -77, 7, -117, -73, 45, 99, -35]
[-25, 81, 7, 122, 66, -58, -109, 30]
[37, -89, -12, -127, -63, 69, 113, -12]
[-50, 100, 4, 127, 61, -80, -121, 1]
[59, -95, -15, -128, -47, 90, 122, 29]
[-71, 89, 9, 127, 45, -98, -119, -30]
[77, -107, -18, -128, -43, 106, 121, 54]
[-88, 100, 20, 127, 38, -112, -119, -55]
[93, -107, -28, -127, -36, 118, 120, 81]
[-104, 93, 21, 122, 25, -123, -118, -87]
[110, -87, -27, -122, -25, 124, 116, 100]
[-116, 83, 29, 117, 13, -126, -111, -102]
[120, -76, -27, -109, -11, 126, 104, 119]
[-118, 66, 23, 100, -1, -126, -94, -120]
[0, 75, -17, 109, 65, -33, -91, 56]
[-120, 60, 34, 75, -12, -120, -79, -128]
[117, -56, -35, -67, 15, 115, 71, 127]
[-117, 43, 30, 57, -23, -109, -62, -128]
[112, -30, -29, -50, 35, 102, 48, 127]
[-109, 22, 17, 37, -41, -96, -36, -128]
[99, -15, -29, -19, 39, 87, 20, 127]
[-95, 5, 27, 6, -47, -80, -12, -128]
[87, 1, -28, 7, 46, 68, -1, 127]
[-81, -15, 24, -23, -56, -57, 12, -117]
[71, 25, -14, 37, 58, 43, -26, 117]
[-60, -29, 17, -51, -62, -32, 40, -103]
[-115, 88, 23, 116, 19, -124, -111, -99]
[-41, -51, 20, -71, -61, -10, 60, -80]
[35, 59, -21, 82, 70, 0, -70, 83]
[119, -65, -22, -92, -1, 124, 89, 127]
[6, 70, 2, 111, 69, -25, -87, 63]
[2, -75, 22, -111, -66, 36, 93, -44]
[-117, 53, 27, 62, -17, -113, -68, -128]
[24, -86, -3, -121, -62, 57, 107, -21]
[-34, 93, -5, 122, 59, -69, -114, 18]
[104, -24, -31, -39, 33, 94, 34, 127]
[-60, 97, 9, 127, 60, -87, -120, -10]
[67, -96, -3, -128, -46, 94, 121, 36]
[-91, -5, 22, -6, -46, -74, -2, -126]
[85, -99, -22, -128, -42, 107, 121, 60]
[-96, 97, 22, 127, 34, -118, -121, -68]
[61, 24, -30, 44, 61, 37, -34, 110]
[-104, 90, 31, 121, 25, -122, -115, -95]
[110, -85, -24, -117, -21, 124, 111, 104]
[-35, -55, 18, -75, -64, -5, 64, -75]
[118, -80, -28, -107, -7, 123, 101, 119]
[-119, 64, 22, 99, 5, -124, -93, -118]
[121, -78, -25, -90, 0, 123, 89, 127]
[-121, 68, 23, 81, -10, -122, -83, -125]
[118, -56, -32, -76, 4, 117, 78, 127]
[-119, 48, 21, 65, -15, -114, -73, -128]
[-28, 86, -1, 123, 61, -64, -110, 19]
[-115, 41, 25, 50, -25, -104, -52, -128]
[112, -28, -21, -44, 34, 99, 41, 127]
[-104, 20, 35, 38, -38, -94, -33, -128]
[99, -18, -43, -22, 35, 86, 21, 127]
[-95, 4, 21, 1, -47, -80, -13, -128]
[-83, 101, 17, 127, 45, -110, -120, -50]
[-84, -15, 21, -19, -54, -62, 7, -117]
[-65, -19, 26, -45, -59, -40, 32, -105]
[56, 35, -26, 53, 60, 26, -45, 104]
[-49, -45, 22, -63, -67, -19, 51, -88]
[59, -94, -10, -128, -53, 84, 120, 19]
[-27, -47, 6, -89, -69, -2, 68, -74]
[18, 57, -18, 91, 61, -9, -74, 78]
[-82, 92, 18, 127, 41, -107, -122, -40]
[-5, 72, -12, 111, 67, -33, -92, 58]
[12, -76, 1, -113, -62, 45, 98, -38]
[97, -89, -17, -125, -35, 121, 117, 91]
[25, -83, -5, -122, -59, 61, 107, -19]
[-40, 90, -6, 126, 58, -69, -115, 15]
[104, -20, -31, -41, 31, 93, 32, 127]
[-62, 89, 15, 127, 56, -90, -121, -14]
[68, -99, -10, -128, -53, 96, 122, 42]
[-89, 1, 19, -13, -50, -69, 1, -123]
[84, -96, -9, -128, -42, 110, 121, 63]
[-94, 106, 26, 125, 33, -118, -122, -68]
[100, -98, -29, -123, -35, 121, 119, 90]
[-104, 92, 25, 121, 27, -120, -115, -97]
[109, -84, -24, -119, -23, 124, 112, 105]
[-117, 81, 20, 113, 14, -124, -106, -109]
[115, -85, -25, -106, -6, 124, 100, 121]
[-119, 72, 19, 97, 2, -124, -93, -120]
[118, -67, -27, -89, 2, 122, 87, 127]
[-118, 52, 35, 80, -10, -120, -81, -128]
[121, -49, -33, -70, 14, 116, 74, 127]
[-117, 43, 23, 59, -23, -110, -64, -128]
[-52, -36, 13, -56, -63, -26, 45, -95]
[-112, 28, 28, 49, -30, -99, -45, -128]
[106, -23, -27, -40, 36, 93, 32, 127]
[-101, 20, 23, 21, -42, -87, -22, -128]
[95, -2, -34, -6, 48, 78, 9, 127]
[-90, -6, 32, -10, -52, -71, 1, -124]
[80, 11, -21, 26, 56, 58, -12, 124]
[-70, -23, 19, -34, -56, -47, 19, -109]
[62, 24, -27, 41, 59, 35, -34, 109]
[-55, -43, 23, -56, -65, -25, 44, -98]
[45, 47, -12, 66, 63, 15, -54, 96]
[-35, -52, 6, -83, -66, -7, 65, -76]
[25, 57, -10, 91, 62, -4, -72, 81]
[-17, -65, 4, -106, -66, 15, 79, -62]
[6, -77, 8, -112, -72, 36, 93, -42]
[-20, 79, -1, 118, 67, -50, -101, 39]
[27, -78, 1, -122, -61, 61, 109, -20]
[-39, 81, 8, 125, 60, -69, -115, 17]
[45, -89, -9, -128, -52, 77, 116, 3]
[-55, 94, 3, 127, 53, -83, -119, -5]
[65, -95, -1, -128, -50, 89, 120, 31]
[-74, 89, 6, 127, 43, -100, -120, -29]
[77, -97, -22, -128, -48, 104, 122, 49]
[-91, 92, 22, 127, 37, -113, -121, -53]
[93, -99, -20, -128, -43, 114, 121, 73]
[-96, 93, 24, 124, 33, -118, -120, -76]
[101, -92, -24, -122, -29, 121, 117, 94]
[-105, 91, 20, 120, 26, -121, -115, -99]
[111, -79, -24, -119, -18, 124, 111, 107]
[-114, 80, 26, 115, 16, -125, -108, -109]
[116, -81, -29, -107, -13, 124, 103, 118]
[-119, 69, 22, 101, 3, -123, -96, -117]
[119, -69, -19, -94, -2, 123, 90, 127]
[-120, 63, 29, 84, -9, -123, -85, -123]
[119, -57, -35, -76, 13, 119, 78, 127]
[-119, 49, 32, 64, -16, -114, -68, -128]
[115, -46, -35, -57, 23, 108, 61, 127]
[-112, 38, 25, 50, -23, -103, -53, -128]
[107, -29, -23, -45, 29, 98, 42, 127]
[-106, 20, 36, 39, -38, -93, -35, -128]
[103, -15, -35, -23, 39, 88, 24, 127]
[-98, 10, 20, 9, -46, -82, -14, -128]
[93, -3, -24, 0, 45, 75, 7, 127]
[-87, 1, 16, -11, -52, -71, 0, -120]
[-91, 95, 20, 126, 39, -118, -120, -64]
[-72, -24, 20, -33, -58, -49, 19, -110]
[65, 24, -23, 42, 60, 40, -32, 111]
[108, -86, -20, -120, -27, 123, 113, 101]
[47, 38, -15, 63, 63, 18, -51, 99]
[-37, -55, 13, -73, -64, -8, 63, -78]
[-119, 72, 24, 101, 1, -124, -95, -119]
[-14, -65, 7, -106, -67, 12, 80, -61]
[-1, 67, -11, 108, 62, -30, -90, 60]
[6, -78, 2, -113, -65, 40, 95, -40]
[65, 20, -23, 45, 58, 40, -30, 111]
[27, -83, -2, -122, -58, 60, 107, -19]
[-40, 89, 1, 123, 58, -69, -114, 16]
[-60, 96, 3, 127, 51, -87, -120, -10]
[68, -97, -9, -128, -53, 91, 121, 34]
[-68, 83, 3, 127, 49, -101, -119, -31]
[81, -91, -4, -128, -41, 105, 120, 53]
[-88, 98, 28, 127, 39, -112, -121, -53]
[93, -96, -22, -126, -40, 116, 119, 76]
[-102, 94, 16, 124, 31, -120, -119, -81]
[-116, 36, 16, 53, -25, -107, -56, -128]
[111, -85, -14, -117, -16, 125, 110, 107]
[-114, 81, 21, 114, 14, -123, -106, -108]
[120, -76, -28, -110, -8, 123, 101, 120]
[-120, 59, 23, 101, 4, -124, -94, -117]
[119, -67, -11, -91, 0, 122, 89, 127]
[-120, 62, 22, 83, -5, -123, -85, -122]
[120, -52, -29, -76, 7, 118, 81, 127]
[-122, 61, 36, 68, -14, -117, -74, -128]
[117, -45, -36, -60, 23, 113, 66, 127]
[-115, 42, 31, 54, -29, -107, -58, -128]
[112, -39, -33, -48, 29, 102, 48, 127]
[-110, 20, 15, 41, -37, -97, -39, -128]
[-99, 17, 12, 14, -46, -85, -19, -128]
[-13, -67, 7, -102, -65, 14, 79, -63]
[-89, -4, 28, -6, -49, -74, -1, -123]
[80, 6, -19, 19, 54, 61, -8, 125]
[97, -96, -26, -126, -34, 121, 120, 83]
[68, 21, -29, 39, 61, 45, -26, 113]
[-59, -22, 22, -46, -60, -34, 34, -101]
[-112, 86, 33, 118, 17, -123, -112, -99]
[-42, -52, 17, -66, -63, -18, 54, -86]
[35, 46, -25, 70, 63, 7, -61, 92]
[118, -79, -17, -102, -4, 124, 97, 123]
[18, 59, -12, 91, 62, -10, -77, 76]
[-13, -65, 18, -101, -66, 16, 81, -60]
[-120, 62, 31, 80, -12, -123, -82, -124]
[7, -86, 10, -111, -66, 35, 95, -41]
[-18, 71, -10, 117, 63, -47, -101, 38]
[115, -35, -33, -56, 22, 108, 58, 127]
[-35, 86, -2, 124, 60, -67, -113, 18]
[44, -86, -1, -127, -63, 68, 110, -4]
[-44, 90, 11, 127, 57, -74, -115, 8]
[53, -88, -8, -128, -59, 77, 117, 12]
[-62, 99, 1, 127, 49, -90, -120, -12]
[71, -95, -15, -128, -50, 96, 124, 38]
[84, -97, -12, -128, -38, 111, 123, 63]
[-92, 91, 14, 127, 36, -116, -121, -65]
[98, -92, -22, -124, -33, 120, 118, 85]
[-101, 88, 19, 120, 28, -120, -117, -89]
[104, -79, -22, -119, -26, 122, 112, 96]
[-111, 82, 22, 117, 22, -122, -112, -101]
[-114, 76, 33, 113, 14, -123, -104, -110]
[25, 54, -11, 84, 65, -3, -69, 85]
[-119, 75, 20, 101, 1, -124, -96, -114]
[113, -73, -35, -97, -4, 122, 92, 125]
[120, -61, -28, -83, 5, 121, 83, 127]
[-118, 54, 27, 74, -12, -120, -79, -126]
[118, -60, -37, -68, 18, 117, 73, 127]
[-113, 50, 32, 61, -20, -111, -65, -128]
[114, -41, -27, -56, 21, 107, 59, 127]
[43, -88, -6, -125, -59, 73, 114, -1]
[109, -26, -25, -47, 32, 98, 41, 127]
[-106, 23, 28, 41, -35, -94, -36, -128]
[102, -23, -43, -36, 36, 90, 29, 127]
[-100, 16, 27, 27, -37, -86, -25, -128]
[97, -13, -31, -15, 39, 81, 16, 127]
[90, 0, -29, 4, 45, 73, 3, 127]
[77, 16, -27, 20, 50, 57, -11, 122]
[-71, -14, 19, -34, -54, -51, 18, -109]
[67, 24, -19, 39, 56, 41, -27, 113]
[102, -92, -26, -121, -29, 122, 113, 95]
[57, 44, -8, 55, 65, 23, -45, 102]
[-48, -48, 13, -64, -65, -18, 51, -87]
[-116, 82, 24, 111, 13, -124, -103, -111]
[-30, -58, 10, -79, -66, -1, 67, -77]
[21, 56, -10, 88, 62, -7, -73, 80]
[120, -70, -26, -93, 2, 122, 89, 126]
[5, 60, -4, 111, 66, -23, -86, 65]
[-3, -68, 18, -111, -66, 29, 89, -48]
[-6, 74, -6, 110, 61, -38, -94, 49]
[-96, 90, 26, 125, 35, -119, -121, -70]
[-20, 84, 5, 121, 62, -54, -104, 32]
[112, -41, -21, -53, 25, 106, 55, 127]
[-37, 83, 0, 126, 62, -67, -114, 16]
[43, -86, -13, -128, -58, 74, 115, 0]
[-50, 90, 2, 127, 52, -82, -118, 1]
[99, -19, -31, -21, 37, 86, 22, 127]
[-64, 96, 10, 127, 46, -93, -119, -16]
[72, -95, -25, -128, -45, 98, 121, 39]
[-89, -2, 33, -5, -52, -72, 0, -121]
[-91, 92, 13, 127, 42, -115, -121, -59]
[93, -94, -18, -126, -38, 118, 119, 78]
[-91, 94, 21, 125, 31, -120, -120, -79]
[101, -89, -16, -123, -25, 123, 116, 96]
[-52, -38, 21, -54, -63, -24, 46, -94]
[110, -91, -11, -118, -18, 124, 112, 107]
[-113, 84, 18, 116, 16, -122, -108, -107]
[-114, 77, 30, 105, 8, -122, -98, -114]
[118, -70, -32, -100, -7, 123, 92, 125]
[-119, 66, 25, 92, -3, -123, -88, -119]
[119, -66, -32, -84, 7, 120, 84, 127]
[-120, 54, 38, 75, -11, -120, -79, -128]
[-25, 79, -8, 120, 63, -54, -106, 31]
[-115, 40, 23, 57, -21, -109, -62, -128]
[111, -36, -33, -52, 23, 103, 50, 127]
[47, -91, -9, -128, -57, 79, 117, 9]
[104, -19, -20, -39, 28, 92, 32, 127]
[-100, 17, 23, 26, -41, -87, -22, -128]
[-74, 94, 11, 127, 48, -101, -119, -30]
[-92, 7, 30, 10, -41, -76, -7, -125]
[87, 3, -25, 7, 44, 67, 0, 127]
[88, -94, -7, -128, -41, 112, 120, 68]
[74, 10, -18, 26, 47, 52, -16, 118]
[-74, -23, 18, -35, -56, -48, 20, -107]
[-100, 96, 8, 124, 28, -121, -118, -89]
[-60, -27, 26, -43, -59, -34, 35, -101]
[54, 35, -19, 61, 62, 25, -45, 103]
[110, -86, -25, -118, -25, 123, 109, 112]
[38, 46, -19, 67, 64, 10, -59, 94]
[-31, -50, 13, -72, -63, -5, 63, -78]
[-117, 75, 16, 102, 7, -121, -96, -112]
[-20, -63, 9, -94, -69, 8, 74, -69]
[11, 67, -7, 103, 71, -17, -81, 70]
[-6, -76, 9, -112, -68, 23, 87, -53]
[-2, 70, 1, 113, 66, -33, -93, 53]
[10, -73, 0, -114, -63, 42, 97, -36]
[-116, 45, 28, 62, -17, -112, -65, -128]
[26, -80, -5, -122, -64, 57, 104, -18]
[-32, 84, -2, 122, 59, -65, -110, 17]
[39, -91, 1, -123, -60, 71, 113, -1]
[-52, 88, 2, 127, 54, -80, -119, 0]
[58, -88, -4, -128, -55, 83, 120, 19]
[-62, 87, 10, 127, 52, -87, -119, -13]
[67, -93, -10, -128, -46, 95, 120, 33]
[-77, 92, 10, 127, 44, -102, -119, -33]
[80, -92, -17, -128, -47, 104, 121, 51]
[-84, -8, 23, -19, -51, -61, 6, -114]
[87, -93, -20, -128, -42, 113, 120, 68]
[-94, 89, 16, 125, 34, -119, -121, -68]
[66, 24, -30, 37, 55, 42, -25, 112]
[-99, 85, 16, 124, 26, -119, -117, -85]
[96, -90, -24, -123, -26, 121, 115, 96]
[108, -36, -21, -51, 21, 101, 50, 127]
[111, -87, -30, -119, -19, 122, 111, 106]
[-111, 78, 21, 115, 16, -122, -109, -106]
[32, 50, -14, 72, 63, 5, -65, 91]
[-112, 81, 28, 109, 12, -122, -101, -111]
[117, -74, -31, -103, -6, 121, 97, 121]
[-15, -68, -3, -107, -63, 16, 80, -61]
[120, -69, -27, -91, 3, 123, 88, 127]
[-119, 58, 25, 84, -4, -123, -84, -120]
[118, -64, -26, -77, 8, 118, 80, 127]
[-117, 52, 27, 71, -10, -118, -77, -127]
[116, -52, -37, -66, 12, 115, 68, 127]
[-117, 43, 29, 58, -21, -110, -64, -128]
[111, -41, -26, -55, 25, 106, 57, 127]
[-110, 33, 25, 50, -26, -102, -50, -128]
[-48, 84, 7, 126, 59, -75, -116, 8]
[-104, 28, 30, 42, -38, -95, -38, -128]
[103, -17, -24, -36, 33, 90, 28, 127]
[66, -100, -9, -128, -52, 90, 120, 27]
[96, -14, -26, -17, 38, 82, 19, 127]
[-94, 2, 19, 6, -45, -79, -12, -125]
[-77, 95, 13, 127, 42, -105, -120, -39]
[-89, -8, 22, -11, -55, -71, -1, -118]
[83, 11, -22, 18, 51, 60, -9, 123]
[91, -96, -18, -127, -36, 117, 121, 81]
[69, 22, -27, 33, 55, 47, -21, 116]
[-66, -26, 21, -42, -60, -42, 33, -104]
[-104, 85, 15, 121, 20, -120, -115, -97]
[-56, -38, 22, -50, -59, -28, 38, -98]
[48, 39, -26, 56, 60, 22, -47, 100]
[118, -70, -24, -116, -17, 122, 106, 110]
[37, 50, -22, 65, 65, 12, -61, 96]
[-34, -51, 0, -74, -68, -8, 61, -81]
[-114, 71, 18, 106, 9, -121, -100, -109]
[-24, -59, 9, -83, -63, 2, 70, -74]
[-118, 62, 19, 98, 4, -123, -93, -115]
[-15, -59, 11, -99, -66, 14, 78, -62]
[9, 66, 1, 106, 64, -20, -82, 65]
[-6, -68, 9, -109, -66, 26, 85, -50]
[1, 70, -5, 106, 64, -28, -86, 55]
[7, -76, 1, -112, -66, 35, 90, -40]
[-10, 75, -1, 116, 62, -43, -96, 43]
[15, -80, -1, -118, -63, 46, 97, -29]
[98, -95, -24, -125, -31, 121, 118, 93]
[26, -85, 2, -121, -61, 58, 106, -17]
[-35, 84, 1, 124, 61, -64, -110, 18]
[-108, 82, 20, 119, 19, -122, -113, -102]
[-45, 89, 5, 126, 57, -74, -117, 8]
[50, -91, -11, -128, -59, 80, 118, 11]
[-58, 92, 4, 127, 52, -86, -118, -8]
[60, -91, -11, -128, -56, 85, 118, 21]
[-67, 91, 12, 127, 52, -88, -118, -15]
[-118, 69, 35, 98, 4, -121, -93, -112]
[-69, 93, 12, 127, 51, -99, -120, -26]
[77, -95, -16, -128, -47, 101, 121, 42]
[-79, 93, 12, 127, 44, -106, -121, -38]
[85, -92, -16, -128, -44, 106, 121, 54]
[-88, 94, 9, 127, 39, -112, -121, -55]
[73, 11, -25, 27, 52, 55, -14, 119]
[-96, 91, 18, 126, 33, -118, -120, -71]
[96, -93, -16, -125, -35, 120, 118, 91]
[-58, -32, 15, -48, -61, -36, 35, -101]
[98, -90, -18, -122, -29, 122, 113, 96]
[-104, 86, 17, 119, 25, -120, -112, -101]
[44, 52, -15, 63, 59, 15, -54, 98]
[-114, 85, 27, 114, 21, -123, -109, -105]
[113, -86, -28, -113, -16, 123, 104, 116]
[-21, -64, 12, -84, -63, 1, 69, -77]
[116, -78, -28, -105, -16, 121, 97, 120]
[-116, 75, 24, 99, 5, -122, -94, -114]
[10, 64, -16, 104, 66, -18, -82, 68]
[-120, 65, 34, 89, 1, -122, -87, -118]
[119, -60, -32, -84, 1, 120, 85, 127]
[6, -68, -1, -114, -65, 34, 89, -41]
[118, -54, -15, -73, 8, 117, 78, 127]
[-118, 52, 22, 69, -10, -117, -75, -128]
[-20, 78, -3, 119, 60, -51, -103, 32]
[-115, 42, 26, 60, -18, -112, -69, -128]
[114, -41, -31, -57, 21, 107, 58, 127]
[38, -87, -1, -127, -60, 69, 113, 0]
[107, -35, -30, -49, 27, 99, 46, 127]
[-106, 27, 30, 43, -31, -96, -41, -128]
[103, -23, -31, -40, 33, 92, 33, 127]
[-101, 13, 25, 29, -39, -90, -26, -128]
[100, -20, -19, -15, 40, 84, 20, 127]
[-97, 7, 26, 9, -43, -80, -15, -127]
[92, -2, -22, -4, 42, 75, 7, 127]
[-89, -1, 20, -6, -46, -73, -4, -120]
[83, 6, -25, 17, 52, 65, -3, 124]
[-80, -10, 19, -24, -57, -62, 9, -113]
[71, 11, -22, 31, 54, 53, -16, 118]
[-72, -23, 21, -37, -57, -46, 21, -107]
[64, 29, -25, 41, 58, 39, -28, 111]
[-58, -33, 30, -42, -59, -34, 33, -100]
[53, 38, -23, 49, 57, 27, -44, 103]
[108, -85, -22, -118, -20, 121, 110, 107]
[45, 46, -19, 61, 61, 18, -51, 99]
[-40, -46, 10, -69, -65, -12, 57, -85]
[33, 52, -16, 70, 59, 7, -60, 92]
[-29, -51, 17, -76, -65, -4, 65, -80]
[23, 54, -9, 87, 64, -2, -68, 83]
[118, -75, -34, -98, -3, 122, 93, 123]
[10, 64, -9, 98, 66, -16, -81, 70]
[-8, -69, 5, -105, -63, 21, 82, -56]
[-119, 57, 24, 79, -10, -121, -83, -122]
[3, -72, 2, -111, -62, 32, 91, -42]
[-9, 76, -5, 113, 63, -41, -95, 44]
[114, -51, -27, -63, 17, 113, 70, 127]
[-20, 85, -1, 118, 61, -55, -103, 31]
[23, -86, -2, -122, -65, 57, 104, -17]
[-110, 41, 27, 55, -21, -105, -58, -128]
[32, -86, -9, -125, -62, 63, 110, -12]
[-38, 88, 12, 126, 57, -68, -112, 12]
[105, -31, -34, -45, 31, 97, 40, 127]
[-48, 88, 7, 127, 54, -78, -117, 5]
[51, -91, -8, -128, -58, 78, 118, 11]
[-101, 11, 29, 29, -43, -88, -27, -128]
[61, -91, -11, -128, -54, 88, 121, 22]
[-67, 91, 4, 127, 50, -92, -120, -17]
[93, -4, -22, -10, 40, 77, 13, 127]
[-77, 92, 6, 127, 46, -102, -120, -33]
[78, -94, -13, -128, -46, 103, 121, 49]
[-86, -10, 18, -16, -52, -69, 1, -115]
[85, -97, -10, -128, -42, 109, 121, 61]
[-86, 90, 8, 127, 37, -113, -120, -58]
[74, 18, -31, 29, 50, 50, -18, 117]
[96, -87, -14, -125, -33, 120, 119, 89]
[-60, -30, 17, -46, -60, -37, 33, -101]
[55, 33, -14, 49, 59, 30, -39, 105]
[-103, 87, 26, 120, 22, -122, -113, -101]
[106, -84, -10, -119, -25, 122, 110, 104]
[-111, 82, 20, 116, 19, -123, -109, -104]
[111, -83, -27, -114, -17, 122, 105, 114]
[-113, 79, 27, 112, 15, -122, -103, -108]
[114, -78, -28, -110, -15, 121, 100, 117]
[-115, 71, 27, 103, 9, -122, -97, -111]
[117, -71, -32, -100, -4, 120, 94, 120]
[-119, 70, 29, 95, 4, -122, -91, -115]
[119, -70, -33, -91, -6, 120, 90, 125]
[-118, 65, 26, 88, -1, -122, -87, -119]
[-2, 67, -1, 110, 63, -32, -90, 53]
[-116, 58, 29, 75, -11, -119, -81, -124]
[116, -57, -28, -73, 9, 117, 78, 127]
[-116, 54, 37, 69, -11, -117, -76, -128]
[115, -48, -29, -65, 18, 114, 71, 127]
[-115, 45, 18, 62, -24, -111, -66, -128]
[112, -43, -21, -59, 19, 108, 60, 127]
[-111, 36, 29, 52, -26, -105, -55, -128]
[108, -33, -31, -50, 32, 101, 48, 127]
[-106, 24, 27, 45, -32, -97, -41, -128]
[103, -23, -29, -41, 32, 93, 34, 127]
[-101, 17, 17, 30, -37, -90, -30, -128]
[97, -19, -30, -33, 35, 85, 25, 127]
[-96, 17, 31, 22, -32, -82, -19, -128]
[93, -8, -37, -9, 43, 78, 12, 127]
[75, -95, -10, -128, -44, 100, 120, 44]
[-88, -4, 19, -7, -51, -71, -3, -118]
[-83, 89, 1, 127, 48, -108, -118, -48]
[-84, -13, 26, -20, -55, -65, 5, -114]
[79, 11, -17, 27, 53, 58, -10, 120]
[89, -91, -26, -127, -37, 116, 120, 76]
[71, 15, -24, 30, 50, 49, -19, 117]
[-69, -23, 18, -37, -56, -47, 20, -106]
[64, 21, -9, 43, 56, 41, -28, 111]
[-62, -25, 17, -45, -60, -37, 31, -101]
[56, 34, -11, 46, 60, 31, -36, 106]
[104, -86, -12, -119, -23, 122, 112, 99]
[47, 41, -16, 58, 59, 22, -47, 100]
[-42, -41, 11, -65, -68, -17, 53, -88]
[-35, -54, 20, -71, -66, -8, 60, -82]
[27, 50, -18, 83, 60, 0, -68, 86]
[18, 57, -10, 87, 60, -11, -75, 77]
[-14, -59, 6, -91, -57, 11, 77, -63]
[8, 65, -9, 97, 67, -17, -80, 66]
[-6, -70, 3, -106, -64, 23, 85, -52]
[1, 70, -10, 107, 64, -31, -89, 55]
[3, -77, 7, -114, -64, 35, 88, -42]
[-8, 77, -12, 113, 62, -40, -94, 45]
[11, -77, 10, -112, -57, 42, 97, -33]
[-16, 77, -10, 117, 57, -47, -100, 37]
[18, -81, 1, -119, -63, 51, 100, -23]
[-24, 81, -9, 119, 59, -57, -107, 27]
[28, -86, -10, -125, -64, 61, 108, -14]
[-33, 85, 3, 123, 58, -66, -110, 15]
[36, -85, 13, -120, -58, 67, 111, -12]
[-39, 87, -1, 125, 57, -68, -112, 10]
[-108, 81, 14, 115, 16, -122, -108, -105]
[-50, 87, 13, 127, 59, -77, -117, 7]
[52, -92, -12, -128, -65, 78, 117, 12]
[111, -77, -19, -111, -12, 121, 103, 114]
[57, -95, -13, -128, -53, 85, 119, 18]
[-63, 89, 3, 127, 51, -87, -119, -15]
[69, -94, -8, -128, -58, 93, 122, 31]
[-73, 94, 9, 127, 52, -97, -120, -27]
[73, -92, -9, -128, -47, 99, 120, 42]
[118, -67, -31, -89, -3, 120, 87, 125]
[80, -92, -9, -128, -49, 102, 120, 53]
[-83, 93, 10, 127, 43, -105, -120, -46]
[80, 10, -24, 23, 54, 59, -7, 121]
[-89, 91, 12, 127, 38, -114, -120, -59]
[89, -96, -14, -128, -40, 113, 119, 71]
[-74, -26, 33, -25, -48, -52, 14, -108]
[-94, 93, 28, 126, 34, -118, -119, -75]
[92, -87, -26, -126, -28, 119, 118, 87]
[100, -87, -12, -123, -30, 123, 116, 97]
[-103, 83, 26, 121, 28, -120, -115, -96]
[103, -85, -18, -120, -26, 121, 112, 98]
[-105, 85, 22, 118, 26, -121, -111, -103]
[109, -78, -27, -117, -27, 121, 108, 107]
[-112, 79, 31, 115, 20, -121, -107, -105]
[113, -81, -24, -115, -12, 122, 106, 114]
[-114, 77, 21, 111, 12, -122, -103, -108]
[114, -77, -21, -107, -5, 120, 100, 118]
[-117, 70, 25, 103, 3, -122, -97, -111]
[116, -74, -26, -100, -1, 122, 95, 119]
[117, -69, -27, -93, -6, 119, 90, 122]
[-117, 69, 20, 88, 3, -120, -88, -115]
[117, -65, -26, -86, 0, 120, 87, 125]
[-119, 59, 19, 83, -10, -122, -86, -121]
[119, -56, -34, -82, 5, 121, 83, 127]
[-119, 59, 26, 76, -6, -121, -81, -123]
[119, -55, -17, -74, 6, 118, 78, 127]
[-115, 52, 23, 72, -3, -117, -77, -124]
[-75, -17, 18, -27, -57, -55, 13, -108]
[-117, 48, 29, 70, -15, -117, -74, -127]
[114, -48, -29, -67, 17, 114, 72, 127]
[66, 21, -23, 35, 56, 42, -22, 114]
[112, -49, -30, -63, 14, 111, 70, 127]
[-112, 42, 31, 63, -19, -111, -60, -128]
[112, -45, -26, -60, 18, 110, 62, 127]
[-112, 42, 24, 55, -20, -106, -60, -128]
[109, -38, -28, -54, 24, 104, 53, 127]
[-107, 34, 28, 51, -28, -101, -51, -128]
[107, -29, -24, -48, 24, 99, 44, 127]
[-105, 19, 29, 43, -30, -98, -42, -128]
[103, -25, -29, -42, 23, 95, 39, 127]
[35, 47, -22, 65, 59, 10, -59, 96]
[99, -21, -39, -39, 35, 91, 32, 127]
[-102, 17, 29, 35, -32, -90, -29, -128]
[99, -14, -28, -30, 35, 86, 24, 127]
[-99, 13, 21, 23, -43, -85, -24, -128]
[97, -14, -26, -22, 37, 83, 20, 127]
[-98, 5, 24, 20, -33, -82, -16, -125]
[-14, -62, 6, -99, -68, 13, 77, -62]
[-92, 2, 26, 5, -46, -76, -8, -122]
[-87, 6, 32, -4, -48, -71, -4, -118]
[-78, 95, 6, 127, 48, -105, -118, -43]
[81, 13, -21, 23, 49, 64, -6, 123]
[-77, -13, 26, -22, -55, -60, 7, -113]
[77, 12, -29, 19, 51, 57, -12, 121]
[-75, -17, 7, -27, -46, -54, 13, -110]
[72, 17, -24, 30, 51, 50, -17, 116]
[94, -87, -20, -126, -40, 118, 118, 90]
[25, -81, 3, -122, -63, 56, 104, -19]
[99, -84, -25, -123, -32, 120, 115, 96]
[56, 30, -21, 45, 57, 31, -35, 106]
[-55, -38, 22, -48, -63, -30, 37, -98]
[49, 35, -24, 51, 59, 28, -42, 101]
[-49, -45, 4, -60, -62, -21, 46, -93]
[45, 46, -15, 60, 63, 19, -49, 101]
[-48, 87, -6, 127, 54, -76, -116, 8]
[38, 46, 4, 66, 65, 12, -56, 97]
[-34, -53, 13, -67, -60, -12, 57, -85]
[31, 48, -15, 70, 59, 8, -62, 92]
[-32, -50, 6, -81, -68, -6, 65, -81]
[62, -92, -21, -128, -53, 86, 120, 22]
[-23, -58, 16, -78, -63, 1, 70, -73]
[20, 59, -12, 84, 62, -6, -71, 78]
[-21, -61, 1, -88, -62, 7, 74, -68]
[19, 59, -7, 94, 67, -7, -72, 75]
[-18, -60, -4, -91, -67, 8, 74, -65]
[11, 65, -4, 90, 63, -13, -78, 71]
[-10, -67, 4, -105, -70, 17, 82, -58]
[78, -94, -3, -128, -48, 101, 121, 46]
[3, -67, 3, -109, -68, 19, 82, -54]
[0, 67, 4, 112, 64, -28, -87, 58]
[-9, 74, -11, 111, 59, -37, -92, 49]
[7, -79, 7, -115, -62, 36, 93, -37]
[-11, 72, -8, 117, 64, -39, -94, 43]
[11, -75, -3, -117, -71, 40, 95, -31]
[-16, 79, -2, 115, 62, -48, -97, 37]
[113, -45, -22, -61, 21, 114, 70, 127]
[-25, 79, -6, 121, 64, -53, -105, 30]
[26, -80, 11, -121, -67, 54, 102, -18]
[-110, 42, 36, 56, -22, -108, -60, -128]
[29, -86, -5, -123, -57, 62, 107, -13]
[-34, 84, 9, 122, 55, -64, -108, 15]
[108, -26, -34, -51, 24, 101, 49, 127]
[-44, 86, -4, 126, 58, -70, -113, 11]
[46, -90, 1, -128, -58, 75, 115, 3]
[-104, 25, 26, 41, -27, -95, -39, -128]
[45, -88, 0, -127, -54, 74, 112, 5]
[-50, 85, 11, 127, 56, -79, -117, 2]
[100, -18, -37, -36, 32, 89, 29, 127]
[61, -89, -21, -128, -55, 85, 118, 18]
[26, 57, -24, 79, 63, -2, -69, 82]
[-114, 74, 30, 105, 10, -121, -97, -109]
[-66, 95, 11, 127, 55, -93, -120, -21]
[94, 4, -30, -4, 43, 77, 11, 127]
[-75, 93, 20, 127, 48, -99, -120, -31]
[75, -98, -22, -128, -50, 98, 120, 43]
[-89, -4, 22, -6, -44, -72, -5, -118]
[78, -97, -17, -128, -54, 104, 119, 49]
[-79, 89, 2, 127, 46, -104, -119, -42]
[80, 12, -20, 15, 48, 65, -2, 123]
[-85, 90, 16, 127, 37, -113, -120, -51]
[82, -94, -16, -128, -43, 109, 120, 61]
[-84, 91, 22, 127, 41, -110, -119, -54]
[76, 8, -30, 23, 48, 59, -10, 119]
[-89, 88, 22, 127, 42, -112, -121, -60]
[90, -92, -34, -128, -39, 112, 119, 69]
[89, -89, -13, -127, -35, 115, 119, 75]
[-92, 88, 15, 127, 37, -118, -120, -72]
[70, 23, -21, 33, 58, 47, -18, 114]
[-93, 93, 21, 126, 34, -120, -119, -77]
[95, -90, -16, -125, -30, 120, 118, 91]
[96, -90, -29, -123, -33, 121, 116, 98]
[-97, 88, 25, 122, 29, -120, -114, -97]
[102, -86, -18, -120, -27, 122, 113, 100]
[-105, 82, 15, 119, 22, -121, -112, -103]
[107, -79, -30, -116, -18, 123, 110, 107]
[111, -80, -26, -115, -20, 121, 104, 114]
[-112, 80, 21, 113, 17, -121, -103, -106]
[-115, 72, 20, 105, 10, -122, -98, -109]
[115, -75, -35, -103, -10, 121, 96, 119]
[118, -66, -30, -94, -7, 121, 90, 124]
[-117, 70, 45, 89, 1, -122, -88, -117]
[3, 67, -7, 106, 64, -27, -84, 58]
[-117, 57, 33, 82, -2, -122, -84, -121]
[81, 9, -25, 13, 46, 67, -3, 123]
[-117, 54, 6, 78, -9, -120, -80, -121]
[114, -59, -31, -74, 6, 117, 79, 127]
[-115, 60, 27, 72, -12, -118, -78, -123]
[-11, 74, -14, 115, 59, -42, -95, 43]
[-115, 53, 34, 70, -6, -118, -76, -126]
[115, -51, -31, -71, 10, 116, 76, 127]
[11, -80, -1, -117, -66, 42, 95, -31]
[113, -48, -13, -69, 12, 114, 73, 127]
[-114, 46, 26, 67, -12, -115, -74, -127]
[-15, 80, -4, 117, 62, -49, -98, 35]
[-115, 45, 21, 68, -14, -115, -72, -128]
[112, -53, -31, -68, 12, 112, 68, 127]
[19, -84, -6, -122, -65, 50, 101, -22]
[110, -50, -32, -63, 10, 112, 68, 127]
[-110, 44, 32, 62, -13, -110, -67, -128]
[-29, 77, 1, 122, 63, -56, -104, 24]
[-112, 42, 34, 59, -17, -108, -63, -128]
[110, -46, -44, -59, 17, 108, 60, 127]
[29, -84, 8, -121, -61, 59, 104, -12]
[111, -41, -38, -56, 17, 106, 59, 127]
[-108, 37, 29, 54, -19, -105, -57, -128]
[107, -38, -41, -54, 20, 104, 54, 127]
[-107, 38, 42, 58, -21, -103, -53, -128]
[107, -37, -25, -52, 22, 103, 51, 127]
[-108, 32, 31, 49, -24, -102, -51, -128]
[106, -29, -22, -51, 24, 100, 48, 127]
[-105, 34, 23, 46, -24, -100, -47, -128]
[104, -25, -30, -47, 20, 99, 44, 127]
[-105, 25, 37, 44, -26, -98, -43, -128]
[104, -29, -24, -42, 31, 96, 42, 127]
[-104, 22, 5, 44, -29, -95, -43, -128]
[104, -27, -15, -41, 27, 94, 41, 127]
[-105, 13, 18, 38, -36, -94, -38, -128]
[101, -24, -58, -41, 31, 93, 35, 127]
[-103, 21, 26, 37, -34, -93, -35, -128]
[101, -20, -28, -39, 31, 91, 33, 127]
[-101, 17, 32, 36, -35, -91, -33, -128]
[101, -17, -27, -34, 34, 90, 30, 127]
[-100, 21, 29, 33, -33, -89, -30, -128]
[98, -14, -22, -34, 30, 87, 27, 127]
[58, -90, 0, -128, -57, 82, 117, 16]
[-100, 15, 28, 30, -34, -87, -26, -128]
[98, -13, -16, -26, 33, 85, 25, 127]
[-99, 15, 25, 26, -37, -86, -25, -128]
[97, -9, -18, -18, 36, 84, 22, 127]
[65, -91, 3, -127, -50, 90, 120, 27]
[96, -18, -16, -19, 41, 82, 18, 127]
[-96, 9, 31, 17, -39, -81, -18, -124]
[92, -12, -34, -17, 41, 79, 15, 127]
[-94, 5, 23, 22, -42, -79, -15, -123]
[93, -1, -29, -16, 41, 78, 15, 127]
[74, -96, -17, -128, -50, 98, 121, 40]
[88, -10, -38, -12, 41, 76, 10, 127]
[-93, 5, 31, 0, -45, -76, -10, -121]
[-74, 86, 14, 127, 50, -96, -119, -31]
[75, -94, -22, -128, -51, 95, 117, 39]
[89, -5, -33, -8, 41, 73, 9, 127]
[72, -99, -14, -128, -50, 97, 119, 39]
[92, -2, -37, -4, 49, 74, 10, 127]
[-91, 4, 15, 4, -42, -77, -10, -121]
[-73, 97, 9, 127, 49, -95, -119, -27]
[91, -10, -31, -10, 40, 77, 11, 127]
[72, -94, -15, -128, -51, 96, 120, 40]
[90, 1, -29, -8, 40, 75, 10, 127]
[-91, 1, 35, 10, -44, -76, -10, -121]
[91, 3, -26, -1, 41, 74, 8, 127]
[-88, -4, 17, -5, -45, -73, -5, -119]
[-6, -64, 3, -105, -65, 19, 83, -52]
[-86, -11, 20, -10, -43, -71, -2, -117]
[84, 8, -28, 11, 44, 67, 1, 124]
[-82, 0, 46, -6, -48, -69, 1, -115]
[82, 7, -26, 14, 46, 63, -5, 123]
[83, -93, -29, -128, -43, 106, 119, 60]
[-79, -10, 32, -20, -48, -55, 6, -112]
[79, 1, -29, 14, 45, 61, -6, 120]
[-78, -12, 15, -17, -48, -64, 4, -111]
[78, 9, -19, 18, 46, 60, -6, 121]
[91, -91, -15, -128, -41, 112, 120, 68]
[76, 15, -21, 23, 51, 58, -9, 121]
[-78, -9, 23, -26, -52, -60, 7, -112]
[6, -67, 18, -113, -62, 29, 89, -41]
[-76, -12, 16, -21, -51, -62, 8, -110]
[75, 9, -24, 26, 54, 56, -10, 119]
[88, -94, -22, -128, -39, 115, 119, 71]
[73, 17, -22, 29, 50, 56, -13, 119]
[-76, -20, 30, -31, -53, -55, 11, -109]
[-89, 89, 3, 127, 38, -115, -119, -66]
[-71, -12, 20, -30, -50, -51, 16, -108]
[69, 14, -25, 29, 50, 49, -15, 115]
[90, -92, -5, -125, -37, 116, 117, 80]
[70, 21, -29, 35, 54, 45, -20, 114]
[-70, -27, 28, -30, -55, -47, 18, -105]
[-94, 88, 20, 125, 34, -118, -119, -74]
[-67, -20, 18, -39, -56, -46, 19, -104]
[65, 22, -7, 38, 52, 42, -22, 112]
[95, -90, -19, -123, -36, 121, 117, 90]
[62, 33, -13, 40, 56, 40, -24, 110]
[-62, -28, 14, -41, -58, -40, 25, -101]
[-98, 91, 23, 122, 31, -119, -116, -85]
[-62, -27, 36, -36, -54, -36, 29, -100]
[56, 28, -19, 45, 56, 34, -31, 107]
[96, -88, -29, -122, -27, 121, 114, 98]
[56, 31, -25, 44, 56, 34, -34, 105]
[-57, -39, 12, -49, -55, -31, 34, -98]
[-103, 80, 15, 119, 29, -119, -112, -97]
[-25, 80, -2, 122, 61, -61, -107, 16]
[54, 36, -31, 47, 58, 28, -38, 103]
[101, -88, -38, -119, -28, 120, 111, 101]
[52, 31, -6, 51, 60, 28, -38, 103]
[-51, -37, 12, -50, -63, -27, 37, -98]
[-102, 85, 28, 119, 27, -120, -112, -102]
[-47, -34, 12, -52, -58, -26, 43, -99]
[42, 32, -15, 53, 58, 23, -44, 101]
[-47, -41, 27, -57, -63, -24, 43, -93]
[45, 46, -10, 64, 61, 21, -47, 100]
[-43, -41, 16, -61, -62, -18, 48, -93]
[40, 40, -12, 56, 55, 15, -51, 99]
[-38, -46, 11, -66, -61, -14, 54, -89]
[37, 46, -24, 68, 67, 10, -57, 93]
[-33, -53, 8, -75, -65, -7, 61, -82]
[118, -79, -33, -113, -15, 121, 102, 115]
[-29, -47, 13, -76, -65, -4, 62, -79]
[29, 54, -9, 74, 62, 2, -64, 86]
[24, 46, -11, 79, 66, -1, -69, 83]
[-25, -55, 17, -81, -64, 1, 69, -73]
[-116, 75, 21, 102, 8, -122, -97, -112]
[-19, -56, 9, -83, -68, 4, 70, -70]
[20, 61, -30, 82, 61, -7, -72, 77]
[114, -72, -27, -98, -1, 120, 94, 120]
[18, 58, -8, 90, 62, -11, -74, 74]
[-12, -59, 14, -88, -61, 9, 74, -64]
[12, 56, -16, 89, 61, -12, -75, 71]
[-17, -63, 26, -89, -62, 13, 77, -62]
[13, 59, -6, 91, 63, -13, -77, 70]
[115, -65, -24, -94, -5, 120, 91, 123]
[9, 63, -10, 99, 65, -17, -80, 67]
[-10, -62, 13, -103, -66, 17, 80, -57]
[-117, 65, 22, 88, -2, -121, -88, -117]
[-5, -63, 0, -105, -69, 20, 82, -54]
[0, 65, -2, 105, 60, -25, -84, 59]
[115, -56, -28, -83, 2, 118, 83, 127]
[-8, 67, -1, 112, 59, -30, -89, 55]
[2, -67, 5, -109, -63, 31, 86, -45]
[-115, 54, 33, 75, -2, -117, -81, -121]
[7, -71, 15, -97, -59, 32, 89, -43]
[-5, 72, -5, 112, 61, -33, -89, 49]
[9, -72, -10, -118, -65, 33, 92, -38]
[10, -80, 14, -117, -62, 41, 94, -34]
[-11, 77, -7, 114, 68, -40, -95, 42]
[10, -76, -1, -116, -68, 40, 94, -32]
[-16, 79, 3, 119, 57, -46, -97, 38]
[114, -46, -29, -64, 16, 113, 71, 127]
[-114, 41, 25, 65, -13, -112, -71, -128]
[19, -80, -1, -121, -67, 50, 101, -23]
[-20, 81, 6, 120, 60, -55, -101, 29]
[23, -77, -5, -120, -56, 54, 99, -20]
[-23, 78, 0, 116, 54, -54, -101, 28]
[21, -87, 0, -122, -66, 54, 101, -18]
[-23, 79, -4, 121, 61, -55, -101, 27]
[23, -79, -7, -120, -59, 57, 101, -17]
[-25, 76, 7, 122, 62, -56, -104, 26]
[-27, 91, 10, 124, 65, -59, -106, 21]
[34, -81, -3, -124, -62, 60, 108, -13]
[-34, 83, 2, 127, 62, -62, -107, 16]
[31, -91, -17, -126, -64, 63, 107, -11]
[37, -84, -9, -128, -62, 67, 107, -10]
[-43, 88, 22, 127, 59, -72, -112, 11]
[42, -85, -12, -127, -61, 71, 111, 1]
[52, -83, -21, -127, -60, 75, 114, 2]
[-51, 83, 13, 127, 57, -74, -111, 8]
[47, -88, -22, -128, -58, 74, 111, 4]
[-47, 86, 11, 127, 56, -76, -114, 4]
[48, -87, 2, -128, -57, 76, 114, 6]
[-51, 91, 8, 127, 55, -78, -116, 2]
[55, -97, -8, -128, -58, 78, 114, 8]
[-57, 88, 13, 127, 56, -80, -116, 0]
[50, -87, 9, -126, -53, 80, 115, 11]
[-57, 85, 17, 127, 52, -82, -116, -3]
[54, -89, -18, -128, -53, 81, 117, 13]
[-99, 16, 30, 32, -34, -87, -29, -128]
[55, -91, -10, -128, -52, 82, 117, 15]
[-59, 80, -5, 127, 55, -81, -117, -5]
[98, -16, -31, -33, 37, 87, 27, 127]
[-60, 86, 12, 127, 53, -85, -119, -8]
[57, -101, -10, -128, -54, 85, 118, 18]
[-58, 93, 9, 127, 54, -85, -118, -9]
[58, -87, -4, -128, -56, 83, 118, 17]
[-61, 87, 5, 127, 49, -85, -118, -9]
[98, -8, -16, -34, 33, 86, 25, 127]
[-61, 92, 2, 127, 53, -83, -119, -9]
[61, -88, -15, -128, -54, 85, 118, 20]
[-98, 13, 30, 26, -39, -86, -24, -128]
[-111, 73, 26, 104, 7, -122, -99, -109]
[-60, 88, 6, 127, 52, -89, -120, -16]
[94, -11, -38, -25, 36, 81, 18, 127]
[61, -93, -8, -128, -50, 88, 118, 27]
[-92, 7, 29, 13, -41, -80, -15, -124]
[72, -90, -17, -128, -53, 95, 120, 34]
[-70, 91, 12, 127, 50, -95, -119, -26]
[69, -89, -12, -128, -50, 95, 121, 39]
[-73, 92, 14, 127, 47, -99, -120, -35]
[75, -93, -9, -128, -42, 100, 121, 45]
[-80, 84, 8, 127, 43, -104, -119, -40]
[76, -95, -13, -128, -46, 100, 118, 45]
[-76, 115, 8, 127, 41, -101, -119, -39]
[77, -103, -14, -128, -46, 102, 119, 50]
[116, -70, -28, -84, -3, 119, 85, 126]
[85, -93, -3, -128, -46, 104, 119, 51]
[-81, 87, 22, 127, 47, -104, -119, -41]
[-118, 60, 25, 85, -2, -120, -86, -117]
[-78, 93, 21, 127, 47, -101, -119, -39]
[83, -94, -30, -128, -49, 101, 118, 48]
[-82, -1, 26, -2, -47, -72, -1, -117]
[76, -92, -16, -128, -45, 104, 120, 52]
[-78, 90, 8, 127, 45, -104, -118, -44]
[85, 1, -33, 14, 44, 69, 2, 124]
[-83, 90, 12, 127, 39, -104, -119, -44]
[79, -87, -11, -128, -44, 106, 118, 57]
[114, -61, -35, -80, -2, 120, 83, 127]
[88, -87, -16, -128, -43, 105, 118, 55]
[-85, 90, 9, 127, 44, -107, -119, -46]
[78, 14, -21, 12, 50, 67, -3, 122]
[114, -44, -13, -79, 4, 118, 83, 127]
[79, -88, -18, -128, -45, 106, 119, 60]
[-81, -9, 16, -18, -51, -67, 2, -113]
[81, -89, -21, -128, -45, 107, 118, 58]
[-82, 88, 22, 127, 43, -104, -118, -48]
[79, 7, -23, 21, 49, 63, -3, 121]
[113, -61, -32, -79, 1, 117, 81, 127]
[85, -92, -20, -128, -41, 107, 119, 61]
[-82, -9, 40, -14, -49, -67, 4, -113]
[81, -88, -6, -128, -46, 104, 118, 57]
[-81, 94, 10, 127, 44, -105, -118, -48]
[81, 15, -20, 21, 47, 64, -5, 122]
[-84, 91, 31, 127, 44, -110, -120, -53]
[82, -95, -36, -128, -42, 106, 120, 60]
[-82, -9, 16, -15, -43, -64, 3, -113]
[79, 1, -28, 20, 47, 62, -5, 121]
[-83, 89, 12, 127, 38, -111, -119, -54]
[76, 16, -23, 20, 46, 58, -7, 121]
[87, -85, -14, -128, -46, 109, 119, 65]
[-75, -13, 7, -24, -51, -58, 8, -110]
[85, -92, -24, -127, -40, 108, 118, 68]
[-87, 93, 8, 127, 40, -110, -118, -60]
[85, -86, -10, -128, -39, 111, 117, 68]
[113, -44, -20, -72, 7, 114, 76, 127]
[93, -86, -27, -128, -43, 112, 118, 75]
[-88, 87, 10, 127, 38, -112, -117, -66]
[86, -94, -3, -126, -41, 109, 118, 71]
[-87, 93, 25, 127, 48, -111, -116, -62]
[87, -87, -17, -128, -42, 110, 118, 70]
[87, -97, -24, -128, -39, 110, 119, 68]
[-86, 100, 26, 127, 38, -113, -119, -60]
[-114, 53, 33, 73, -9, -117, -78, -124]
[-86, 94, 33, 127, 41, -112, -119, -62]
[88, -92, -18, -128, -43, 110, 119, 69]
[-86, 92, 8, 127, 38, -112, -118, -62]
[85, -95, -15, -127, -41, 111, 118, 72]
[-91, 85, 17, 127, 38, -113, -119, -66]
[88, -91, -17, -126, -39, 112, 118, 75]
[-87, 91, 17, 127, 36, -115, -119, -69]
[88, -92, -25, -127, -35, 114, 118, 76]
[-74, -17, 31, -23, -50, -53, 13, -106]
[-86, 84, 17, 127, 39, -112, -117, -63]
[85, -90, -18, -128, -40, 111, 117, 72]
[-89, 90, 19, 127, 37, -114, -118, -65]
[88, -90, -21, -128, -38, 114, 119, 74]
[-73, -19, 19, -27, -52, -55, 11, -109]
[88, -88, -28, -128, -42, 113, 118, 72]
[-88, 89, 18, 127, 41, -112, -118, -61]
[72, 16, -26, 24, 49, 55, -11, 117]
[-79, 92, 16, 127, 40, -108, -117, -59]
[87, -94, -4, -126, -37, 112, 117, 69]
[-88, 83, 8, 127, 37, -114, -119, -60]
[74, 17, -26, 22, 49, 57, -9, 119]
[-88, 88, 21, 127, 41, -111, -119, -58]
[83, -92, -14, -128, -42, 108, 119, 66]
[83, -90, -27, -128, -38, 110, 118, 64]
[-4, 75, -2, 108, 61, -33, -87, 50]
[4, -73, 5, -114, -63, 33, 89, -41]
[-85, 88, 19, 127, 43, -109, -120, -56]
[85, -89, 1, -128, -40, 110, 119, 67]
[-88, 88, 10, 127, 37, -112, -119, -58]
[84, -93, -20, -128, -40, 109, 120, 67]
[-88, 90, 15, 127, 41, -112, -120, -63]
[88, -96, -22, -128, -44, 112, 119, 72]
[-90, 88, 23, 127, 42, -115, -119, -70]
[92, -89, -29, -127, -35, 116, 118, 82]
[-95, 84, 11, 126, 33, -119, -119, -76]
[94, -90, -22, -125, -37, 117, 116, 85]
[-93, 88, 17, 123, 34, -118, -117, -78]
[-95, 87, 16, 124, 35, -119, -116, -84]
[97, -88, -27, -124, -35, 120, 114, 93]
[-96, 86, 23, 124, 32, -119, -115, -85]
[97, -84, -17, -123, -33, 117, 113, 95]
[-100, 87, 29, 122, 30, -120, -115, -90]
[-98, 88, 35, 123, 33, -120, -114, -89]
[96, -86, -10, -122, -33, 119, 113, 97]
[-98, 93, 19, 122, 34, -118, -114, -88]
[96, -89, -36, -123, -38, 117, 114, 96]
[-96, 84, 20, 123, 31, -119, -115, -85]
[-95, 88, 30, 123, 29, -120, -113, -87]
[95, -82, -26, -124, -42, 117, 116, 90]
[-93, 84, 11, 123, 31, -119, -118, -81]
[92, -90, -12, -123, -26, 117, 116, 89]
[-94, 86, 14, 123, 35, -119, -119, -82]
[-112, 37, 14, 63, -17, -110, -68, -128]
[-95, 82, 14, 124, 30, -120, -117, -81]
[95, -86, -32, -125, -35, 118, 117, 91]
[110, -40, -24, -59, 15, 109, 66, 127]
[94, -88, -19, -123, -31, 119, 115, 92]
[-94, 82, 20, 122, 39, -118, -117, -83]
[94, -86, -24, -123, -35, 118, 115, 91]
[-96, 83, 28, 123, 32, -119, -113, -85]
[94, -89, -19, -123, -33, 120, 115, 94]
[-95, 86, 1, 122, 31, -119, -116, -86]
[97, -88, -23, -123, -39, 117, 114, 94]
[-95, 83, 25, 123, 34, -118, -117, -84]
[95, -85, -23, -124, -35, 116, 113, 94]
[-99, 82, 24, 123, 31, -120, -114, -88]
[98, -85, -5, -123, -36, 120, 115, 96]
[-96, 87, 17, 122, 33, -118, -113, -85]
[95, -87, -22, -122, -35, 117, 114, 91]
[-97, 91, 28, 122, 34, -118, -115, -86]
[61, 29, -24, 40, 53, 38, -25, 109]
[-95, 83, 18, 123, 34, -119, -111, -85]
[95, -86, -25, -124, -34, 117, 114, 92]
[-96, 84, 23, 123, 36, -118, -117, -81]
[94, -91, -13, -125, -33, 118, 116, 90]
[-93, 85, 11, 123, 30, -118, -117, -79]
[-111, 48, 29, 61, -15, -110, -70, -128]
[-95, 82, 13, 124, 34, -118, -118, -76]
[91, -90, -13, -124, -33, 117, 117, 86]
[-93, 89, 8, 124, 29, -118, -118, -77]
[92, -88, -24, -126, -41, 116, 117, 84]
[-93, 91, 16, 125, 33, -118, -118, -76]
[93, -93, -5, -126, -36, 115, 116, 81]
[-92, 92, 30, 125, 30, -117, -117, -75]
[88, -91, -15, -126, -40, 114, 117, 81]
[-91, 84, -15, 125, 40, -116, -118, -70]
[-94, 84, 22, 125, 34, -114, -117, -71]
[91, -89, -26, -126, -40, 114, 118, 79]
[-90, 88, 21, 126, 41, -115, -118, -70]
[91, -89, -16, -127, -33, 115, 118, 79]
[-93, 89, 22, 126, 37, -114, -119, -72]
[-113, 45, 28, 68, -11, -113, -74, -127]
[-89, 88, 18, 126, 41, -113, -118, -68]
[89, -86, -30, -127, -37, 115, 118, 77]
[-92, 90, 22, 127, 35, -116, -118, -69]
[-87, 83, 23, 127, 41, -113, -117, -65]
[-114, 50, 24, 71, -10, -116, -77, -125]
[-89, 90, 18, 127, 36, -115, -120, -66]
[87, -90, -16, -127, -29, 113, 118, 73]
[82, -90, -10, -128, -38, 109, 117, 68]
[-84, 93, 22, 127, 36, -112, -118, -62]
[86, -94, -20, -128, -35, 112, 119, 70]
[-83, 92, 26, 127, 43, -110, -118, -57]
[83, -91, -20, -128, -45, 107, 117, 63]
[-78, -12, 33, -17, -50, -60, 6, -112]
[82, -91, -24, -127, -44, 108, 118, 60]
[-82, 91, 23, 127, 44, -107, -119, -54]
[-115, 50, 21, 79, -4, -118, -82, -122]
[-84, 88, 17, 127, 39, -108, -119, -52]
[82, -94, -9, -128, -46, 106, 119, 60]
[-82, 89, 19, 127, 44, -106, -119, -52]
[81, -92, -15, -128, -40, 108, 119, 57]
[-78, 92, 10, 127, 41, -104, -118, -47]
[80, 10, -35, 8, 38, 64, -1, 122]
[-81, 89, 15, 127, 47, -105, -119, -49]
[81, -88, -12, -128, -40, 105, 119, 57]
[-85, -7, 23, -7, -46, -68, -2, -115]
[73, -94, -23, -128, -45, 103, 118, 51]
[-78, 89, 6, 127, 43, -104, -118, -41]
[80, -94, -12, -128, -48, 100, 119, 49]
[-83, -1, 25, -7, -48, -72, -5, -117]
[75, -92, -10, -128, -46, 99, 119, 46]
[-87, -2, 13, -3, -41, -75, -8, -119]
[86, -4, -23, -1, 42, 75, 9, 127]
[-75, 90, 5, 127, 48, -97, -119, -32]
[74, -92, -20, -128, -46, 96, 118, 40]
[-91, -1, 27, 5, -40, -77, -11, -121]
[70, -93, -15, -128, -53, 94, 120, 37]
[-72, 93, 13, 127, 47, -96, -119, -28]
[67, -95, -22, -128, -50, 94, 118, 34]
[-70, 91, 17, 127, 48, -94, -118, -27]
[69, -96, -11, -128, -57, 92, 119, 35]
[-69, 90, 12, 127, 52, -94, -119, -25]
[66, -91, -5, -128, -53, 90, 118, 30]
[-62, 94, 18, 127, 52, -90, -119, -21]
[-68, 89, 10, 127, 52, -92, -120, -23]
[-71, 90, 13, 127, 47, -93, -119, -24]
[72, -95, -19, -128, -53, 93, 120, 33]
[-71, 93, 9, 127, 53, -95, -119, -26]
[-13, -59, 13, -95, -63, 10, 77, -62]
[-73, 89, 11, 127, 50, -96, -120, -29]
[73, -89, -16, -128, -49, 98, 120, 43]
[72, -92, -21, -128, -49, 99, 118, 44]
[-75, 95, 11, 127, 46, -99, -118, -36]
[-82, 90, -3, 127, 46, -104, -120, -43]
[79, -91, -5, -128, -48, 103, 120, 52]
[-79, -9, 20, -13, -45, -68, 0, -115]
[78, -97, -23, -128, -46, 102, 119, 56]
[-81, 87, 14, 127, 48, -106, -118, -47]
[80, 3, -27, 16, 46, 66, -1, 122]
[78, 1, -19, 15, 45, 67, 1, 122]
[-80, 89, 12, 127, 45, -103, -118, -45]
[76, -89, -17, -128, -46, 104, 117, 52]
[-77, 86, 10, 127, 44, -104, -118, -42]
[81, 4, -29, -1, 43, 71, 4, 125]
[75, -92, -4, -128, -46, 98, 118, 45]
[111, -64, -29, -91, -9, 118, 88, 122]
[74, -92, 9, -128, -48, 98, 118, 42]
[-74, 85, 4, 127, 49, -96, -118, -31]
[70, -94, -14, -128, -47, 94, 120, 39]
[83, -5, -38, -9, 42, 76, 10, 127]
[68, -92, -2, -128, -52, 94, 119, 36]
[-68, 89, 2, 127, 51, -91, -118, -24]
[66, -91, -21, -128, -51, 89, 118, 29]
[-65, 86, 5, 127, 46, -90, -119, -20]
[90, -7, -20, -17, 36, 81, 19, 127]
[-65, 90, 11, 127, 50, -89, -119, -16]
[62, -91, -26, -128, -54, 85, 117, 21]
[-63, 89, 1, 127, 52, -86, -119, -12]
[59, -87, -7, -128, -54, 85, 116, 20]
[-59, 88, 21, 127, 49, -86, -117, -8]
[58, -90, -2, -128, -57, 83, 116, 15]
[51, -89, -4, -128, -52, 80, 114, 10]
[-52, 86, 14, 127, 54, -79, -114, -1]
[98, -24, -44, -41, 27, 91, 35, 127]
[-48, 80, 3, 126, 54, -75, -113, 3]
[48, -80, 0, -121, -63, 73, 111, 1]
[-103, 27, 36, 46, -26, -97, -43, -128]
[40, -91, -13, -125, -58, 69, 110, -10]
[-39, 90, 8, 123, 62, -66, -108, 8]
[37, -83, -6, -125, -57, 66, 110, -9]
[-36, 83, -2, 122, 60, -65, -110, 10]
[39, -86, -14, -126, -62, 68, 108, -10]
[101, -90, -23, -118, -27, 121, 112, 103]
[35, -83, -9, -122, -59, 65, 105, -11]
[-34, 85, 9, 120, 59, -63, -105, 13]
[33, -77, 8, -124, -56, 62, 104, -10]
[-32, 79, -11, 119, 56, -64, -106, 15]
[33, -89, -11, -123, -62, 63, 106, -10]
[-108, 35, 22, 58, -17, -105, -61, -128]
[-28, 80, -15, 119, 59, -54, -101, 23]
[27, -85, 4, -122, -63, 56, 103, -15]
[-25, 78, 9, 120, 63, -55, -103, 26]
[24, -77, 4, -120, -62, 55, 102, -18]
[92, -91, -27, -123, -37, 117, 117, 86]
[-111, 45, 33, 64, -11, -112, -71, -128]
[-19, 75, 4, 126, 65, -48, -96, 34]
[-111, 44, 30, 65, -14, -112, -72, -128]
[-112, 51, 20, 67, -13, -114, -75, -126]
[14, -75, 0, -115, -62, 42, 93, -30]
[-111, 57, 22, 72, -10, -115, -76, -123]
[6, -72, -11, -117, -65, 38, 93, -35]
[-11, 70, -12, 112, 64, -37, -93, 44]
[112, -57, -15, -75, 13, 114, 78, 127]
[-8, 67, -4, 115, 64, -32, -88, 48]
[6, -71, 7, -115, -65, 29, 87, -43]
[-2, 74, -16, 104, 62, -29, -87, 52]
[2, -66, 21, -100, -60, 25, 85, -46]
[-2, 68, -14, 103, 61, -27, -85, 56]
[112, -61, -35, -84, -4, 118, 84, 127]
[-115, 56, 25, 83, -1, -120, -85, -118]
[-6, -70, 8, -103, -68, 21, 81, -50]
[8, 66, -11, 95, 60, -21, -80, 61]
[-10, -73, -10, -100, -65, 18, 80, -54]
[6, 62, -22, 96, 58, -19, -79, 64]
[-12, -57, 9, -91, -63, 14, 77, -57]
[9, 61, -12, 91, 62, -13, -76, 68]
[-16, -59, 6, -92, -67, 10, 75, -64]
[16, 60, -8, 83, 61, -9, -72, 74]
[112, -70, -22, -98, -8, 120, 94, 120]
[17, 57, -16, 88, 65, -3, -71, 77]
[-19, -61, 16, -80, -62, 2, 69, -70]
[-26, -55, 13, -79, -67, -5, 63, -75]
[26, 52, -17, 67, 61, 1, -66, 86]
[109, -71, -19, -110, -16, 120, 100, 113]
[31, 54, -12, 66, 63, 8, -57, 91]
[-35, -50, 14, -68, -62, -10, 56, -83]
[35, 49, -3, 71, 62, 12, -57, 94]
[-39, -47, 8, -63, -64, -16, 51, -89]
[41, 40, -11, 63, 62, 20, -45, 97]
[102, -83, -16, -115, -27, 119, 106, 103]
[43, 43, -9, 59, 58, 21, -45, 98]
[-46, -34, 12, -58, -61, -23, 42, -98]
[47, 27, -18, 48, 56, 28, -36, 101]
[-49, -34, 20, -50, -60, -31, 35, -99]
[50, 33, -16, 47, 55, 28, -36, 103]
[97, -84, -19, -121, -30, 120, 112, 102]
[51, 36, -17, 44, 58, 31, -34, 104]
[-56, -36, 22, -43, -56, -34, 29, -99]
[-93, 84, 25, 121, 35, -119, -115, -83]
[61, 19, -22, 35, 51, 41, -22, 108]
[89, -87, -2, -125, -34, 114, 117, 84]
[64, 29, -35, 31, 55, 44, -19, 112]
[-65, -25, 22, -34, -54, -45, 18, -106]
[-94, 94, 29, 127, 36, -116, -120, -74]
[-65, -21, 21, -33, -56, -46, 17, -106]
[61, 13, -17, 31, 48, 46, -18, 113]
[90, -85, -34, -126, -40, 110, 117, 77]
[69, 22, -24, 25, 48, 50, -15, 113]
[-69, -19, 16, -26, -47, -51, 12, -106]
[-86, 88, 5, 127, 34, -111, -118, -61]
[-71, -12, 18, -24, -51, -55, 9, -109]
[72, 14, -18, 27, 44, 53, -11, 119]
[86, -93, -19, -128, -43, 111, 120, 70]
[74, 21, -28, 21, 46, 56, -9, 119]
[-74, -21, 25, -22, -47, -58, 7, -110]
[73, 9, -28, 22, 47, 59, -8, 118]
[-76, -17, 26, -20, -43, -60, 4, -110]
[76, 7, -31, 17, 46, 61, -5, 119]
[-76, -13, 21, -16, -45, -61, 4, -112]
[-84, -12, 33, -2, -45, -69, -4, -115]
[82, 8, -28, 0, 43, 69, 4, 124]
[-84, -7, 22, -6, -48, -71, -5, -118]
[84, 3, -19, 4, 43, 72, 7, 127]
[-83, -7, 19, 10, -41, -74, -9, -119]
[85, 2, -14, -4, 40, 75, 10, 127]
[-90, -1, 16, 6, -39, -77, -13, -120]
[89, -5, -32, -19, 40, 78, 15, 127]
[-90, 8, 23, 20, -34, -80, -15, -124]
[92, -5, -39, -24, 30, 81, 19, 127]
[-93, 12, 27, 23, -39, -84, -21, -125]
[-96, 11, 25, 30, -32, -86, -26, -128]
[95, -14, -22, -30, 32, 86, 26, 127]
[-96, 14, 28, 34, -34, -88, -29, -128]
[96, -21, -38, -41, 27, 88, 31, 127]
[-98, 25, 21, 36, -28, -90, -34, -128]
[97, -26, -23, -40, 28, 91, 36, 127]
[-99, 23, 34, 40, -27, -93, -38, -128]
[100, -25, -11, -34, 31, 94, 38, 127]
[43, -85, -5, -125, -60, 71, 110, -1]
[-42, -42, 28, -59, -65, -21, 46, -93]
[-102, 37, 21, 46, -26, -97, -46, -128]
[-104, 30, 29, 49, -22, -101, -53, -128]
[103, -37, -35, -54, 17, 103, 56, 127]
[-107, 33, 35, 54, -20, -106, -57, -128]
[-55, -31, 15, -46, -55, -33, 33, -100]
[-106, 40, 35, 55, -24, -106, -59, -128]
[106, -39, -29, -58, 18, 105, 59, 127]
[-106, 39, 39, 57, -15, -106, -61, -128]
[106, -41, -30, -58, 16, 106, 60, 127]
[105, -38, -29, -59, 14, 106, 63, 127]
[-107, 40, 22, 60, -18, -108, -67, -128]
[106, -38, -36, -61, 12, 109, 65, 127]
[-109, 43, 26, 63, -13, -109, -68, -128]
[108, -40, -37, -67, 11, 108, 68, 127]
[18, -74, 2, -117, -65, 45, 97, -26]
[-17, 74, 4, 116, 59, -44, -94, 36]
[-111, 47, 33, 68, -6, -113, -73, -125]
[-10, 70, 1, 116, 63, -35, -91, 43]
[112, -57, -19, -76, 3, 115, 80, 127]
[-107, 59, 35, 78, 0, -119, -82, -121]
[108, -61, -33, -82, -1, 118, 84, 127]
[-111, 61, 32, 85, 0, -119, -85, -115]
[109, -61, -18, -88, -2, 118, 88, 121]
[-114, 60, 24, 89, 4, -120, -90, -113]
[109, -73, -17, -93, -6, 119, 91, 122]
[-113, 61, 20, 97, 2, -121, -93, -114]
[-112, 69, 23, 101, 10, -120, -96, -110]
[110, -68, -32, -102, -13, 120, 96, 118]
[95, -10, -24, -30, 31, 83, 23, 127]
[106, -72, -24, -106, -13, 119, 97, 115]
[-108, 73, 18, 108, 14, -119, -100, -105]
[31, 47, -24, 68, 58, 6, -61, 88]
[-107, 76, 35, 108, 14, -119, -101, -104]
[104, -82, -37, -112, -21, 119, 103, 111]
[105, -77, -26, -115, -18, 121, 106, 110]
[-103, 74, 13, 116, 23, -119, -107, -102]
[105, -77, -22, -117, -25, 119, 106, 107]
[-102, 84, 25, 116, 25, -119, -110, -102]
[-47, -42, 22, -51, -53, -24, 42, -97]
[-102, 83, 17, 119, 29, -119, -110, -97]
[95, -80, -18, -120, -31, 118, 110, 104]
[-95, 83, 20, 118, 28, -118, -110, -86]
[94, -85, -15, -122, -32, 115, 113, 94]
[-94, 90, 22, 123, 31, -118, -118, -81]
[93, -85, -18, -124, -35, 115, 116, 87]
[-65, -21, 13, -34, -54, -47, 18, -105]
[-86, 92, 34, 126, 39, -110, -117, -66]
[69, 20, -23, 26, 48, 53, -13, 116]
[-88, 83, 9, 127, 38, -112, -118, -62]
[85, -89, 1, -128, -41, 111, 117, 67]
[-77, -23, 26, -15, -46, -60, 3, -111]
[79, -91, -25, -128, -47, 103, 116, 56]
[-77, 91, 16, 127, 46, -101, -117, -43]
[81, 2, -34, 1, 38, 68, 4, 125]
[72, -88, -10, -128, -52, 98, 119, 43]
[-92, 0, 31, 13, -37, -78, -16, -121]
[65, -90, 9, -128, -50, 90, 116, 31]
[-63, 88, 3, 127, 54, -89, -118, -19]
[-59, 86, 18, 127, 53, -86, -119, -10]
[54, -92, -17, -128, -58, 82, 115, 15]
[-54, 83, -3, 127, 54, -78, -115, -1]
[47, -78, 11, -127, -59, 73, 110, 2]
[-45, 81, -1, 127, 59, -71, -110, 5]
[42, -91, 1, -128, -58, 72, 110, -1]
[37, -85, -7, -123, -58, 66, 106, -10]
[-34, 79, -4, 120, 59, -62, -103, 13]
[31, -82, 0, -120, -61, 61, 104, -11]
[-32, 85, -11, 120, 59, -59, -104, 18]
[26, -88, -4, -120, -61, 59, 103, -14]
[-107, 42, 26, 66, -13, -108, -69, -128]
[22, -77, 16, -111, -62, 47, 93, -22]
[-17, 80, 5, 117, 63, -45, -93, 33]
[15, -76, -15, -120, -64, 45, 93, -29]
[-12, 80, 10, 116, 64, -41, -92, 40]
[5, -78, -3, -114, -64, 35, 90, -37]
[3, -72, 5, -112, -63, 29, 85, -43]
[-2, 66, -9, 106, 61, -27, -83, 55]
[0, -67, -5, -101, -64, 21, 82, -49]
[7, 65, -1, 99, 63, -21, -79, 60]
[-6, -64, 4, -103, -67, 19, 79, -53]
[7, 60, -5, 106, 64, -18, -79, 65]
[-13, -64, 12, -89, -64, 14, 76, -60]
[11, 58, -20, 81, 61, -9, -73, 72]
[109, -62, -23, -99, -12, 119, 94, 119]
[-111, 73, 13, 102, 8, -121, -97, -109]
[-22, -56, 18, -80, -62, 1, 65, -71]
[-108, 70, 24, 107, 12, -120, -99, -107]
[30, 49, -26, 65, 60, 7, -61, 88]
[105, -78, -17, -112, -20, 119, 101, 111]
[32, 45, -17, 63, 58, 11, -51, 94]
[-36, -46, 21, -64, -59, -15, 49, -88]
[-102, 78, 19, 114, 24, -119, -107, -103]
[44, 43, -22, 55, 57, 23, -42, 99]
[97, -84, -46, -119, -30, 120, 110, 104]
[51, 35, -21, 47, 55, 29, -34, 102]
[-55, -32, 21, -42, -52, -34, 29, -98]
[-88, 88, 31, 122, 34, -116, -116, -80]
[-58, -25, 27, -39, -56, -40, 23, -103]
[59, 26, -29, 38, 53, 41, -24, 111]
[90, -91, -24, -126, -39, 112, 117, 83]
[63, 20, -5, 39, 54, 48, -18, 113]
[-64, -23, 12, -34, -51, -48, 16, -105]
[-88, 78, 26, 125, 37, -113, -118, -66]
[68, 18, -24, 25, 46, 54, -11, 115]
[-73, -16, 17, -23, -49, -58, 9, -109]
[73, 16, -27, 18, 43, 59, -5, 118]
[-79, -27, 32, -17, -46, -65, 2, -112]
[76, 8, -32, 10, 45, 65, 0, 122]
[-78, -1, 25, -9, -45, -69, -2, -116]
[79, 6, -27, 4, 44, 69, 3, 125]
[-83, 0, 32, -5, -43, -73, -6, -118]
[87, 2, -28, -3, 39, 73, 11, 127]
[-87, 0, 28, 8, -45, -75, -12, -119]
[86, -3, -33, -11, 39, 77, 14, 127]
[-88, 4, 27, 21, -41, -79, -16, -122]
[66, -92, -9, -128, -50, 93, 117, 33]
[-91, 10, 31, 20, -32, -82, -22, -124]
[91, -16, -34, -33, 34, 83, 23, 127]
[-92, 12, 32, 28, -32, -84, -23, -127]
[92, -17, -29, -34, 32, 85, 26, 127]
[-96, 16, 24, 34, -33, -88, -29, -128]
[94, -17, -22, -38, 27, 88, 30, 127]
[-95, 18, 24, 36, -33, -89, -33, -128]
[-34, -45, 31, -66, -61, -15, 53, -86]
[-99, 22, 16, 40, -28, -92, -38, -128]
[97, -25, -20, -42, 29, 95, 43, 127]
[41, -84, 0, -124, -58, 69, 110, -4]
[-102, 26, 13, 48, -25, -99, -50, -128]
[101, -35, -17, -48, 23, 101, 53, 127]
[-105, 37, 17, 52, -20, -103, -55, -128]
[104, -33, -24, -55, 17, 103, 56, 127]
[-106, 39, 19, 56, -16, -104, -59, -128]
[105, -41, -9, -57, 17, 106, 64, 127]
[-107, 40, 29, 61, -16, -108, -67, -128]
[108, -45, -37, -68, 11, 109, 70, 127]
[-110, 45, 23, 66, -13, -112, -73, -125]
[109, -51, -31, -71, 7, 113, 76, 127]
[-112, 48, 36, 73, -9, -115, -78, -123]
[-113, 56, 25, 77, -1, -119, -83, -120]
[112, -59, -36, -82, -5, 118, 84, 126]
[110, -61, -25, -86, -3, 117, 88, 124]
[-112, 64, 24, 92, 7, -119, -90, -114]
[109, -64, -23, -95, -9, 119, 91, 120]
[-111, 63, 28, 98, 9, -119, -93, -110]
[107, -68, -26, -101, -14, 118, 95, 117]
[-22, -61, 13, -75, -64, 0, 66, -72]
[106, -73, -22, -109, -16, 119, 96, 116]
[-107, 75, 22, 108, 14, -121, -100, -107]
[29, 51, -24, 68, 59, 7, -59, 89]
[-105, 73, 32, 112, 16, -120, -102, -104]
[104, -78, -27, -113, -20, 119, 101, 112]
[-104, 75, 30, 113, 21, -120, -104, -103]
[101, -75, -26, -115, -22, 118, 105, 108]
[-102, 79, 11, 114, 21, -117, -105, -102]
[36, -80, 11, -120, -59, 62, 101, -11]
[-96, 78, 12, 117, 24, -118, -111, -90]
[94, -84, -21, -121, -28, 118, 111, 99]
[-95, 85, 27, 122, 34, -119, -115, -81]
[91, -92, -21, -124, -37, 115, 115, 87]
[-90, 88, 20, 125, 36, -113, -116, -72]
[87, -87, -9, -127, -37, 109, 116, 76]
[-86, 90, 25, 127, 40, -114, -118, -63]
[89, -86, -28, -128, -44, 107, 118, 67]
[-85, 95, 9, 127, 40, -108, -119, -56]
[79, -89, -8, -128, -45, 104, 118, 58]
[-79, 83, 18, 127, 45, -103, -118, -43]
[75, -91, -21, -128, -51, 100, 117, 47]
[111, -60, -34, -91, -8, 118, 88, 125]
[71, -90, -19, -128, -49, 97, 119, 43]
[-73, 93, 23, 127, 52, -94, -119, -29]
[67, -91, -13, -128, -46, 94, 118, 36]
[-67, 88, 11, 127, 47, -94, -118, -25]
[-113, 70, 38, 101, 8, -120, -96, -109]
[-65, 91, 16, 127, 50, -89, -118, -17]
[63, -79, -15, -128, -54, 84, 114, 20]
[-60, 87, 3, 127, 53, -83, -116, -8]
[53, -91, -9, -128, -54, 80, 112, 13]
[-55, 83, 3, 127, 56, -80, -114, -3]
[94, -22, -24, -40, 27, 92, 35, 127]
[-48, 85, 4, 127, 54, -77, -115, 2]
[43, -89, 0, -128, -58, 73, 109, -3]
[-101, 30, 35, 48, -20, -98, -47, -128]
[37, -85, -14, -125, -60, 64, 105, -10]
[-38, 79, -10, 122, 58, -63, -104, 12]
[-26, 85, -3, 120, 60, -55, -102, 21]
[19, -74, 7, -117, -58, 52, 97, -20]
[-19, 72, -1, 117, 60, -47, -97, 33]
[-11, 74, 6, 115, 63, -36, -89, 43]
[5, -73, 9, -101, -61, 29, 85, -40]
[-4, 66, -1, 102, 60, -27, -85, 54]
[-2, -67, 2, -105, -66, 21, 83, -50]
[7, 62, -24, 99, 64, -16, -78, 63]
[-11, -58, 18, -94, -66, 13, 75, -59]
[17, 64, -12, 87, 62, -11, -72, 72]
[-17, -57, 18, -81, -63, 4, 67, -68]
[22, 44, -12, 70, 59, 2, -63, 82]
[32, 48, -22, 62, 60, 13, -54, 93]
[-48, 78, -6, 127, 58, -72, -110, 3]
[40, 38, -13, 57, 56, 20, -47, 97]
[-44, -39, 14, -55, -60, -26, 40, -97]
[-54, -31, 28, -38, -53, -34, 30, -99]
[57, 19, -24, 35, 50, 40, -23, 106]
[-62, -26, 22, -34, -51, -43, 18, -103]
[63, 19, -32, 27, 49, 48, -15, 112]
[-66, -16, 23, -25, -52, -55, 11, -108]
[69, 14, -17, 19, 49, 58, -7, 118]
[77, 10, -20, 13, 44, 67, 0, 122]
[79, 1, -27, -1, 41, 71, 7, 126]
[-86, 6, 21, 8, -40, -76, -13, -119]
[-90, 11, 21, 25, -34, -83, -22, -123]
[91, -17, -18, -33, 29, 86, 27, 127]
[-96, 13, 24, 35, -27, -89, -33, -128]
[-100, 29, 29, 45, -25, -98, -49, -128]
[-51, -36, 15, -48, -57, -30, 34, -98]
[-104, 37, 23, 56, -21, -105, -60, -128]
[107, -37, -29, -61, 12, 106, 66, 127]
[106, -50, -30, -69, 9, 112, 73, 127]
[-108, 51, 23, 71, -4, -114, -77, -121]
[0, 68, -23, 101, 62, -25, -82, 55]
[-109, 57, 24, 80, 1, -118, -85, -116]
[109, -64, -32, -87, -5, 118, 89, 123]
[-111, 64, 39, 97, 9, -120, -93, -112]
[108, -70, -32, -101, -14, 119, 95, 118]
[-107, 70, 33, 106, 16, -119, -98, -106]
[-107, 73, 22, 111, 20, -119, -103, -102]
[103, -78, -5, -116, -25, 118, 103, 107]
[-47, -38, 26, -52, -57, -26, 39, -96]
[97, -71, -24, -119, -29, 117, 109, 105]
[-100, 79, 25, 121, 35, -119, -112, -90]
[56, 19, -25, 39, 56, 38, -24, 106]
[-91, 86, 4, 123, 33, -117, -117, -77]
[93, -86, -20, -126, -36, 110, 115, 80]
[-85, 86, 34, 126, 40, -110, -116, -64]
[-81, 85, 17, 127, 44, -105, -118, -51]
[78, -93, -25, -128, -48, 103, 118, 56]
[-77, 89, 20, 127, 47, -102, -119, -42]
[71, -90, -16, -128, -48, 97, 118, 45]
[-70, 85, 12, 127, 48, -91, -117, -24]
[62, -87, -8, -127, -51, 88, 113, 26]
[105, -71, -45, -104, -15, 119, 96, 115]
[55, -93, -11, -127, -57, 80, 112, 15]
[48, -86, -9, -128, -58, 76, 111, -1]
[-42, 84, 4, 127, 60, -67, -108, 5]
[-36, 80, 1, 121, 58, -62, -103, 15]
[31, -79, 0, -122, -61, 56, 100, -14]
[91, -84, -15, -123, -33, 116, 116, 92]
[20, -77, 4, -119, -62, 47, 96, -23]
[-17, 76, 8, 116, 59, -44, -94, 35]
[107, -54, -42, -73, 3, 111, 77, 127]
[-9, 69, -13, 108, 62, -37, -88, 45]
[6, -72, 10, -110, -64, 32, 88, -41]
[77, -93, -17, -128, -45, 105, 118, 57]
[0, -67, 1, -106, -61, 23, 82, -47]
[6, 65, -5, 101, 61, -18, -79, 61]
[107, -72, -28, -91, -6, 116, 90, 119]
[11, 61, -11, 86, 59, -11, -74, 69]
[-17, -60, 10, -85, -63, 6, 70, -65]
[23, 55, -15, 74, 64, -2, -66, 79]
[-27, -54, 9, -67, -63, -2, 60, -75]
[26, 49, -16, 72, 60, 9, -56, 89]
[104, -75, -27, -114, -18, 119, 103, 112]
[-103, 76, 22, 115, 18, -121, -106, -103]
[-40, -40, 17, -61, -60, -20, 46, -88]
[-100, 77, 25, 118, 29, -118, -108, -98]
[-48, -42, 25, -53, -65, -28, 38, -98]
[50, 38, -19, 45, 54, 30, -34, 101]
[95, -86, -23, -122, -34, 116, 112, 99]
[54, 30, -20, 39, 53, 36, -28, 105]
[-59, -31, 11, -36, -54, -45, 20, -101]
[-86, 84, -8, 125, 36, -111, -116, -66]
[-64, -13, 19, -25, -51, -53, 11, -106]
[69, 9, -26, 16, 46, 58, -6, 117]
[74, -86, 0, -126, -45, 101, 119, 49]
[-85, 4, 21, 2, -43, -74, -13, -120]
[86, -7, -36, -15, 39, 78, 16, 127]
[-92, 8, 16, 20, -34, -82, -21, -124]
[89, -23, -16, -25, 38, 86, 25, 127]
[-92, 19, 18, 34, -32, -89, -32, -128]
[95, -24, -23, -41, 22, 92, 38, 127]
[-99, 26, 15, 44, -23, -96, -44, -128]
[103, -25, -33, -50, 19, 98, 49, 127]
[47, 27, -20, 44, 55, 29, -36, 100]
[104, -34, -36, -56, 16, 103, 58, 127]
[-106, 34, 26, 59, -15, -106, -64, -128]
[-107, 45, 38, 65, -8, -110, -70, -126]
[106, -48, -19, -68, 4, 112, 74, 127]
[-109, 52, 18, 73, 3, -112, -77, -120]
[107, -53, -33, -76, -1, 114, 80, 127]
[-110, 56, 29, 83, 5, -120, -85, -117]
[9, 64, -6, 98, 69, -17, -76, 64]
[-110, 64, 31, 92, 5, -119, -91, -113]
[108, -72, -28, -97, -10, 119, 92, 119]
[-109, 60, 27, 102, 11, -120, -96, -109]
[106, -76, -23, -106, -18, 118, 96, 116]
[-105, 59, 14, 108, 19, -119, -99, -106]
[105, -69, -29, -112, -21, 118, 99, 113]
[-105, 76, 21, 111, 20, -119, -102, -105]
[104, -78, -17, -114, -23, 119, 103, 111]
[-100, 80, 28, 116, 25, -119, -105, -102]
[98, -81, -26, -117, -25, 117, 106, 103]
[-98, 82, 26, 118, 27, -117, -107, -94]
[48, 36, -4, 51, 60, 34, -31, 102]
[91, -84, -25, -122, -41, 115, 114, 94]
[-61, -26, 39, -29, -51, -46, 15, -103]
[86, -87, -23, -124, -39, 111, 115, 78]
[-83, 88, 23, 125, 45, -110, -115, -61]
[81, -88, -21, -128, -45, 105, 115, 65]
[-80, 88, 17, 127, 40, -106, -118, -49]
[76, -90, -6, -127, -46, 101, 118, 52]
[8, 62, -8, 90, 62, -15, -75, 67]
[68, -88, -16, -128, -54, 95, 117, 36]
[-66, 90, 8, 127, 52, -91, -118, -21]
[91, -9, -28, -31, 31, 83, 24, 127]
[-56, 86, 17, 127, 56, -82, -114, -6]
[51, -86, -12, -128, -54, 75, 110, 7]
[-99, 18, 26, 46, -26, -95, -41, -128]
[43, -83, 1, -127, -62, 68, 106, -8]
[-36, 84, 12, 126, 57, -64, -106, 10]
[104, -30, -14, -59, 17, 104, 58, 127]
[-29, 77, -14, 117, 58, -56, -102, 21]
[21, -78, -1, -120, -65, 48, 95, -22]
[-12, 72, -20, 114, 69, -39, -89, 37]
[6, -69, 12, -104, -61, 35, 87, -37]
[-2, 67, -12, 100, 59, -29, -83, 51]
[-2, -66, 1, -104, -65, 22, 79, -50]
[8, 62, -19, 87, 57, -16, -76, 66]
[-20, -61, 5, -74, -62, 5, 65, -66]
[18, 49, -14, 71, 56, -2, -63, 80]
[30, 45, -19, 66, 63, 13, -53, 93]
[-36, -40, 18, -62, -58, -19, 46, -93]
[34, -83, 1, -122, -59, 62, 104, -9]
[-51, -32, 27, -45, -55, -32, 30, -97]
[55, 25, -18, 39, 53, 37, -25, 104]
[87, -88, -14, -125, -40, 110, 116, 79]
[62, 14, -34, 25, 46, 49, -14, 112]
[-70, -17, 18, -21, -46, -56, 9, -109]
[-80, 83, 7, 127, 44, -104, -119, -45]
[-77, -5, 22, -10, -44, -69, -5, -115]
[80, -2, -22, 0, 40, 73, 9, 126]
[67, -92, -11, -128, -53, 91, 116, 32]
[88, -10, -28, -27, 33, 80, 19, 127]
[-91, 11, 27, 29, -31, -84, -25, -126]
[-50, 83, 3, 126, 56, -74, -111, 2]
[-96, 18, 28, 38, -28, -93, -38, -128]
[99, -23, -35, -45, 22, 95, 45, 127]
[35, -80, -8, -126, -63, 60, 102, -10]
[101, -37, -33, -56, 15, 103, 58, 127]
[-102, 41, 29, 62, -13, -106, -65, -125]
[-16, 73, -10, 112, 60, -41, -92, 36]
[-108, 47, 35, 69, -5, -111, -74, -121]
[108, -49, -25, -75, 1, 116, 80, 127]
[-3, -66, 7, -104, -64, 22, 82, -50]
[-107, 66, 31, 90, 8, -118, -91, -111]
[17, 52, -10, 82, 61, -3, -66, 78]
[-107, 65, 17, 103, 18, -120, -97, -107]
[103, -73, -17, -107, -21, 118, 98, 112]
[-38, -49, 15, -59, -58, -16, 48, -88]
[99, -86, -19, -117, -29, 118, 105, 104]
[-99, 82, 6, 116, 25, -119, -108, -93]
[50, 31, -19, 43, 53, 33, -30, 103]
[-97, 80, -2, 122, 33, -118, -116, -85]
[92, -86, -17, -124, -39, 112, 114, 87]
[-66, -13, 23, -28, -47, -51, 13, -106]
[84, -83, 0, -126, -42, 105, 116, 69]
[-80, 81, 12, 123, 40, -106, -116, -52]
[75, -87, -22, -127, -44, 103, 117, 55]
[-73, 92, 8, 127, 48, -101, -118, -37]
[69, -90, -6, -126, -49, 94, 118, 37]
[-66, 86, -1, 126, 53, -89, -118, -20]
[60, -89, -27, -128, -59, 85, 114, 21]
[-57, 85, 14, 127, 57, -82, -114, -7]
[50, -84, -6, -127, -54, 77, 112, 9]
[-99, 29, 28, 45, -27, -95, -44, -128]
[41, -85, 2, -127, -57, 67, 106, -9]
[-37, 81, 3, 123, 57, -64, -104, 10]
[102, -38, -31, -58, 15, 104, 60, 127]
[24, -73, 24, -110, -59, 48, 97, -22]
[-15, 75, 1, 115, 57, -44, -92, 36]
[7, -75, 2, -110, -62, 35, 88, -37]
[-5, 60, -8, 103, 63, -28, -85, 51]
[106, -69, -40, -87, -6, 118, 88, 123]
[-14, -61, 17, -78, -63, 12, 74, -62]
[-109, 68, 27, 104, 14, -119, -97, -107]
[-25, -51, 16, -73, -59, -2, 63, -74]
[28, 52, -10, 67, 59, 9, -55, 89]
[99, -82, -24, -114, -24, 117, 104, 108]
[35, 40, -22, 52, 53, 19, -47, 95]
[-44, -31, 16, -52, -59, -26, 38, -95]
[-93, 80, 15, 119, 31, -116, -113, -85]
[-54, -30, 35, -37, -51, -38, 24, -99]
[58, 25, -24, 34, 50, 43, -20, 108]
[85, -95, -17, -127, -40, 109, 117, 73]
[67, 10, -22, 24, 47, 53, -8, 115]
[-74, -14, 17, -16, -45, -55, 1, -112]
[-73, 88, 8, 122, 46, -97, -119, -36]
[-81, -8, 28, 2, -39, -72, -11, -118]
[86, -1, -26, -7, 37, 75, 17, 127]
[58, -85, -11, -126, -51, 83, 114, 20]
[90, -16, -34, -30, 32, 84, 27, 127]
[-95, 20, 32, 33, -31, -90, -35, -128]
[-44, 84, 0, 126, 56, -72, -108, 3]
[-99, 28, 39, 49, -23, -98, -45, -128]
[99, -35, -21, -52, 20, 100, 53, 127]
[-103, 30, 28, 57, -16, -105, -57, -128]
[103, -41, -38, -63, 15, 106, 64, 127]
[-106, 36, 16, 63, -17, -110, -70, -126]
[-12, 68, -6, 114, 63, -38, -91, 40]
[108, -54, -31, -79, -3, 115, 81, 127]
[-6, -60, 8, -98, -64, 18, 76, -54]
[105, -59, -21, -90, -9, 117, 90, 122]
[-108, 63, 18, 95, 11, -120, -93, -112]
[107, -71, -30, -102, -21, 118, 95, 117]
[-26, -56, 12, -72, -63, -5, 59, -78]
[101, -75, -19, -111, -13, 118, 99, 111]
[-98, 76, 11, 111, 21, -118, -103, -102]
[98, -77, -4, -114, -22, 117, 105, 103]
[-96, 79, 17, 117, 29, -117, -108, -92]
[94, -84, -24, -121, -33, 114, 110, 98]
[-94, 85, 25, 123, 35, -117, -115, -81]
[88, -89, -11, -125, -39, 111, 115, 81]
[-85, 86, 13, 125, 39, -109, -116, -60]
[79, -87, -12, -125, -45, 102, 116, 59]
[-76, 84, 11, 125, 48, -102, -118, -41]
[71, -88, -13, -128, -52, 96, 118, 43]
[-87, 11, 36, 20, -34, -80, -20, -122]
[88, -16, -4, -17, 29, 84, 26, 127]
[49, -86, -6, -124, -58, 76, 109, 7]
[-47, 82, -5, 125, 58, -72, -110, 3]
[37, -83, -15, -126, -59, 66, 103, -9]
[26, -77, 3, -119, -60, 54, 101, -16]
[-20, 71, -2, 115, 64, -45, -95, 31]
[15, -73, 1, -116, -64, 38, 90, -30]
[-9, 62, -6, 108, 61, -33, -87, 45]
[-1, -62, 13, -94, -59, 23, 82, -47]
[-107, 63, 17, 87, 6, -119, -91, -113]
[-12, -61, 11, -79, -65, 10, 73, -62]
[17, 54, -17, 72, 60, -2, -68, 78]
[99, -69, -23, -111, -24, 117, 99, 110]
[32, 42, -27, 62, 57, 13, -54, 92]
[-41, -42, 15, -63, -59, -20, 44, -92]
[-95, 79, 21, 120, 25, -118, -110, -88]
[-50, -31, 21, -43, -51, -34, 30, -97]
[52, 23, -24, 37, 50, 39, -23, 106]
[89, -86, -17, -126, -39, 110, 115, 78]
[65, 15, -28, 25, 45, 52, -14, 114]
[-72, -17, 17, -23, -46, -58, 7, -110]
[-74, 93, 22, 127, 49, -100, -116, -40]
[-75, 6, 35, -3, -42, -70, -6, -115]
[78, -4, -36, -7, 34, 73, 11, 127]
[60, -86, 4, -127, -54, 87, 113, 24]
[88, -13, -17, -17, 34, 83, 25, 127]
[-90, 19, 32, 30, -31, -89, -31, -128]
[-47, 89, -4, 125, 60, -71, -108, 3]
[-98, 22, 23, 42, -20, -95, -43, -128]
[99, -27, -19, -49, 24, 99, 50, 127]
[-101, 35, 14, 54, -17, -102, -58, -128]
[-23, 83, 3, 117, 58, -47, -97, 27]
[-104, 44, 28, 64, -11, -109, -69, -123]
[105, -51, -33, -72, 4, 109, 73, 127]
[-106, 51, 40, 77, 2, -110, -79, -119]
[106, -61, -36, -82, -5, 116, 84, 126]
[-107, 59, 19, 86, 6, -118, -89, -112]
[18, 60, -17, 74, 58, -4, -67, 77]
[-108, 67, 32, 104, 13, -121, -97, -107]
[103, -74, -23, -110, -19, 118, 98, 113]
[-37, -45, 18, -61, -55, -18, 45, -92]
[98, -80, -23, -117, -25, 117, 105, 104]
[-94, 78, 23, 119, 30, -117, -107, -91]
[55, 26, -11, 39, 52, 40, -23, 105]
[-90, 87, 28, 123, 36, -113, -114, -71]
[86, -88, -15, -126, -39, 109, 116, 73]
[105, -53, -19, -74, 1, 113, 78, 127]
[76, -88, -16, -123, -44, 101, 116, 52]
[-70, 83, 8, 121, 48, -95, -117, -31]
[-60, 86, -2, 127, 49, -88, -115, -15]
[58, -85, -3, -127, -57, 79, 112, 15]
[-96, 19, 32, 41, -22, -93, -39, -128]
[-42, 85, -9, 125, 59, -69, -107, 5]
[100, -34, -25, -55, 14, 102, 53, 127]
[-31, 78, -8, 120, 60, -62, -103, 16]
[26, -74, 14, -117, -60, 53, 97, -17]
[-22, 73, -9, 117, 62, -46, -95, 28]
[14, -77, 0, -115, -62, 41, 92, -29]
[-12, 71, -9, 109, 59, -37, -88, 43]
[106, -54, -24, -79, 3, 116, 83, 127]
[1, 64, -15, 100, 60, -25, -82, 58]
[-8, -67, 21, -86, -63, 14, 75, -57]
[-106, 65, 34, 100, 13, -118, -94, -108]
[-22, -55, 34, -73, -64, -1, 63, -73]
[27, 48, -25, 60, 56, 10, -55, 88]
[-35, -48, 14, -62, -58, -15, 48, -87]
[39, 38, -27, 54, 53, 22, -39, 96]
[-46, -31, 21, -48, -58, -31, 33, -96]
[-92, 80, 15, 123, 33, -117, -114, -76]
[-59, -24, 16, -29, -47, -41, 17, -102]
[62, 17, -34, 20, 48, 53, -12, 112]
[-7, 70, -4, 102, 60, -30, -85, 49]
[74, 6, -39, 5, 44, 65, 1, 121]
[-83, -4, 22, 4, -42, -72, -11, -118]
[84, -4, -4, -11, 33, 77, 20, 127]
[-89, 14, 10, 23, -31, -84, -27, -125]
[91, -19, -26, -39, 26, 89, 32, 127]
[-95, 17, 22, 39, -26, -94, -40, -128]
[99, -29, -35, -50, 23, 99, 51, 127]
[-101, 33, 26, 53, -17, -104, -60, -128]
[103, -43, -24, -58, 13, 104, 64, 127]
[17, -74, -4, -114, -63, 42, 93, -30]
[105, -44, -14, -72, 4, 111, 75, 127]
[-105, 53, 31, 75, 0, -114, -80, -118]
[71, 7, -26, 12, 45, 64, 1, 118]
[-106, 60, 30, 88, 7, -116, -90, -111]
[104, -70, -27, -97, -11, 119, 93, 120]
[-23, -54, 13, -72, -59, -2, 58, -75]
[103, -66, -20, -108, -22, 118, 99, 113]
[-99, 73, 12, 112, 21, -117, -103, -102]
[43, 32, -27, 45, 51, 26, -37, 98]
[-96, 77, 19, 120, 27, -118, -108, -90]
[91, -83, -19, -122, -35, 112, 113, 94]
[-89, 83, 15, 124, 34, -114, -115, -71]
[83, -82, 8, -123, -39, 107, 115, 71]
[-78, 74, 3, 121, 43, -102, -116, -46]
[-106, 58, 26, 85, 6, -116, -87, -113]
[-69, 84, 6, 127, 51, -93, -117, -26]
[60, -87, 3, -125, -48, 90, 114, 26]
[-56, 83, -4, 125, 54, -81, -112, -5]
[49, -82, -5, -128, -55, 77, 110, 6]
[-41, 82, 6, 126, 55, -69, -107, 5]
[99, -34, -9, -56, 20, 103, 57, 127]
[21, -80, -4, -117, -61, 45, 94, -25]
[-13, 71, -17, 108, 59, -39, -89, 39]
[-74, -12, 27, 0, -43, -66, -3, -114]
[2, 68, -13, 95, 58, -23, -82, 56]
[107, -65, -22, -95, -13, 117, 92, 119]
[14, 54, -19, 74, 56, -7, -69, 75]
[-23, -57, 18, -72, -60, -2, 61, -74]
[29, 47, -28, 63, 55, 10, -53, 91]
[-97, 25, 28, 46, -24, -98, -49, -128]
[42, 35, -26, 53, 54, 27, -39, 97]
[-49, -33, 30, -41, -50, -34, 28, -96]
[-63, -19, 12, -27, -48, -49, 14, -104]
[68, 13, -19, 15, 42, 57, -6, 116]
[1, 56, -8, 97, 64, -21, -82, 57]
[80, 1, -7, 1, 39, 71, 10, 126]
[-83, 5, 23, 17, -39, -79, -19, -122]
[-94, 18, 29, 34, -25, -89, -33, -128]
[94, -26, -30, -43, 23, 94, 41, 127]
[-98, 31, 17, 47, -19, -100, -49, -128]
[99, -36, -25, -57, 18, 102, 56, 127]
[19, -75, 4, -118, -61, 45, 94, -24]
[-106, 48, 35, 73, -7, -113, -77, -119]
[106, -53, -28, -79, 2, 115, 82, 127]
[-107, 60, 24, 84, 4, -117, -87, -115]
[105, -65, -40, -93, -13, 115, 91, 118]
[-103, 63, 33, 100, 13, -118, -95, -105]
[-93, 21, 32, 33, -27, -89, -35, -128]
[-100, 69, 16, 113, 21, -119, -104, -105]
[97, -72, -12, -117, -26, 119, 107, 106]
[99, -37, -37, -59, 15, 102, 58, 127]
[90, -83, -17, -125, -34, 113, 113, 90]
[-87, 84, 11, 125, 38, -112, -115, -70]
[67, 15, -33, 23, 46, 56, -7, 116]
[-80, 88, 15, 124, 43, -105, -117, -51]
[72, -88, -33, -128, -46, 98, 117, 47]
[-79, 14, 37, 17, -33, -77, -17, -120]
[60, -86, -12, -126, -53, 86, 113, 26]
[-58, 88, 11, 125, 51, -84, -114, -8]
[94, -23, -46, -38, 23, 92, 36, 127]
[-47, 86, -2, 125, 51, -74, -108, 3]
[40, -86, -6, -123, -57, 66, 103, -8]
[29, -83, 9, -119, -61, 54, 97, -16]
[-23, 75, -3, 117, 66, -47, -93, 27]
[-65, -21, 16, -25, -48, -53, 10, -108]
[-11, 70, -8, 109, 62, -37, -89, 42]
[4, -71, 12, -108, -61, 27, 84, -42]
[-106, 58, 25, 84, 5, -118, -88, -114]
[-66, 85, 22, 124, 48, -93, -117, -26]
[14, 57, -15, 84, 59, -7, -69, 73]
[-56, 88, -13, 124, 50, -85, -114, -10]
[26, 52, -10, 70, 59, 7, -57, 87]
[-32, -45, 33, -59, -59, -13, 49, -85]
[37, 31, -23, 56, 55, 20, -43, 96]
[-35, 79, 12, 125, 61, -61, -101, 13]
[49, 29, -24, 43, 52, 34, -30, 101]
[88, -82, -40, -124, -36, 111, 113, 85]
[-66, -17, 10, -23, -47, -53, 9, -106]
[-74, 82, 18, 120, 48, -100, -116, -44]
[-75, -4, 24, -5, -46, -67, -5, -114]
[79, -4, -31, -5, 38, 72, 11, 126]
[-85, 7, 30, 19, -40, -80, -21, -123]
[88, -14, -30, -33, 32, 86, 32, 127]
[-94, 20, 23, 37, -25, -93, -39, -128]
[96, -27, -21, -47, 22, 98, 48, 127]
[49, 36, -33, 39, 52, 33, -31, 100]
[102, -42, -35, -63, 13, 106, 65, 127]
[-104, 46, 26, 69, -6, -109, -72, -122]
[-6, 65, -19, 102, 61, -30, -85, 48]
[-106, 54, 21, 77, 0, -115, -83, -117]
[106, -55, -31, -85, -7, 116, 88, 123]
[104, -72, -28, -102, -19, 118, 95, 116]
[-101, 72, 9, 107, 19, -118, -99, -102]
[37, 45, -8, 60, 55, 20, -42, 94]
[-97, 81, 21, 116, 30, -118, -106, -98]
[92, -83, -14, -120, -31, 113, 109, 97]
[-19, 77, -9, 114, 60, -43, -94, 32]
[84, -89, -12, -126, -41, 107, 115, 76]
[-81, 83, 15, 124, 42, -103, -115, -54]
[-106, 56, 32, 80, 2, -116, -86, -116]
[-72, 79, 6, 124, 45, -97, -118, -33]
[63, -84, 8, -120, -46, 90, 114, 29]
[-57, 86, -3, 119, 51, -82, -112, -7]
[-99, 71, 16, 110, 21, -117, -101, -103]
[-42, 84, 13, 127, 58, -68, -105, 4]
[-31, 78, -18, 119, 61, -59, -101, 18]
[25, -76, 24, -118, -64, 46, 96, -21]
[7, -68, -12, -105, -64, 28, 85, -40]
[0, 65, -6, 95, 60, -20, -78, 57]
[103, -73, -34, -95, -13, 116, 91, 118]
[18, 52, -13, 71, 58, -3, -66, 77]
[-26, -51, 6, -69, -58, -7, 55, -78]
[-100, 68, 27, 114, 25, -119, -105, -102]
[-42, -43, 8, -53, -56, -23, 38, -93]
[45, 33, -23, 44, 51, 31, -31, 101]
[86, -89, -25, -126, -41, 110, 114, 84]
[60, 18, -21, 30, 50, 50, -14, 109]
[-68, -20, 16, -19, -46, -59, 6, -107]
[73, 11, -17, 6, 38, 64, 2, 120]
[67, -84, -16, -125, -51, 91, 115, 36]
[84, -7, -30, -12, 37, 78, 18, 127]
[52, -92, -9, -127, -57, 79, 110, 14]
[-97, 21, 21, 40, -23, -96, -41, -128]
[-101, 35, 22, 56, -13, -104, -59, -128]
[99, -37, -25, -63, 7, 104, 67, 127]
[-102, 44, 26, 68, -10, -109, -73, -122]
[72, -84, -15, -124, -47, 99, 116, 50]
[-106, 52, 9, 82, 2, -116, -86, -114]
[104, -71, -30, -91, -10, 116, 89, 121]
[101, -70, -17, -104, -12, 118, 97, 114]
[-100, 73, 21, 112, 18, -119, -103, -103]
[97, -77, -15, -117, -25, 120, 106, 104]
[-50, -25, 29, -40, -51, -33, 29, -97]
[90, -79, -11, -122, -31, 112, 112, 93]
[-88, 85, 24, 125, 38, -112, -115, -71]
[81, -86, -19, -126, -41, 105, 115, 70]
[-74, 84, 5, 122, 40, -100, -116, -45]
[68, -87, -18, -127, -50, 96, 117, 44]
[-64, 83, -2, 123, 52, -90, -114, -21]
[58, -80, -6, -125, -56, 81, 109, 17]
[-93, 22, 29, 39, -27, -92, -39, -128]
[44, -91, 1, -126, -57, 70, 106, -6]
[-36, 80, 10, 124, 58, -61, -102, 12]
[100, -38, -40, -63, 13, 104, 64, 127]
[-21, 76, -4, 117, 59, -46, -93, 31]
[12, -69, 18, -111, -61, 35, 88, -33]
[-106, 56, 32, 80, 3, -115, -84, -117]
[-5, -57, 9, -92, -63, 19, 79, -53]
[11, 56, -19, 81, 59, -10, -70, 71]
[100, -70, -34, -105, -19, 117, 96, 112]
[26, 40, -20, 69, 60, 8, -52, 89]
[-36, -35, 21, -54, -58, -18, 43, -91]
[-92, 84, 20, 122, 31, -115, -111, -84]
[87, -77, -16, -126, -36, 109, 113, 85]
[57, 18, -17, 30, 48, 45, -15, 108]
[-69, -13, 27, -14, -47, -58, 8, -108]
[73, 4, -38, -1, 39, 63, 0, 120]
[-77, -4, 24, 5, -39, -70, -10, -118]
[-59, 81, -5, 123, 47, -85, -114, -12]
[-87, 13, 19, 31, -23, -84, -28, -127]
[90, -27, -33, -36, 22, 90, 35, 127]
[39, -86, -5, -127, -61, 63, 101, -8]
[98, -30, -9, -54, 15, 101, 53, 127]
[-101, 39, 25, 59, -17, -106, -64, -125]
[-15, 63, 0, 113, 58, -41, -92, 36]
[-104, 52, 41, 71, -1, -112, -76, -120]
[104, -58, -25, -77, 1, 114, 81, 127]
[-9, -58, 2, -83, -60, 14, 71, -58]
[102, -65, -35, -96, -10, 117, 91, 118]
[-102, 67, 11, 103, 17, -118, -96, -107]
[100, -72, -25, -107, -23, 118, 98, 111]
[93, -80, -19, -119, -31, 115, 106, 107]
[-93, 82, 17, 121, 33, -116, -112, -85]
[88, -84, -28, -124, -37, 110, 114, 86]
[-85, 81, 4, 125, 38, -110, -115, -65]
[79, -83, 3, -124, -44, 102, 116, 63]
[-75, 79, 13, 123, 44, -102, -116, -43]
[68, -82, -13, -124, -50, 93, 117, 40]
[-61, 82, 4, 124, 51, -89, -115, -18]
[55, -84, -9, -127, -52, 82, 111, 15]
[-49, 88, 22, 127, 58, -74, -109, 2]
[38, -76, 4, -128, -61, 66, 101, -6]
[-36, 77, 11, 124, 63, -58, -101, 14]
[26, -75, -5, -122, -62, 51, 97, -18]
[-16, 65, -9, 115, 58, -44, -92, 33]
[-1, 63, -19, 93, 59, -24, -80, 55]
[-5, -67, -11, -100, -60, 18, 76, -56]
[14, 56, -18, 74, 59, -6, -68, 74]
[-23, -52, 13, -71, -58, -2, 58, -76]
[28, 40, -7, 67, 54, 12, -50, 91]
[-38, -45, 28, -49, -50, -20, 41, -92]
[42, 31, -30, 49, 51, 29, -31, 98]
[-52, -22, 23, -34, -49, -40, 22, -98]
[-80, 91, 23, 122, 47, -105, -114, -56]
[-71, -12, 21, -14, -43, -60, 3, -108]
[74, 16, -24, 2, 39, 66, 5, 121]
[64, -89, -13, -128, -56, 90, 114, 32]
[84, -6, -22, -27, 29, 80, 19, 127]
[49, -87, -4, -126, -56, 75, 108, 6]
[-40, 82, -3, 126, 59, -66, -103, 5]
[97, -33, -28, -55, 11, 102, 58, 127]
[17, -73, 11, -117, -64, 41, 90, -27]
[-105, 51, 18, 78, 2, -113, -81, -115]
[10, 55, -17, 79, 57, -11, -69, 69]
[-102, 63, 33, 96, 11, -117, -94, -109]
[102, -67, -24, -105, -15, 119, 97, 116]
[-36, -40, 25, -59, -54, -20, 43, -91]
[94, -77, -22, -116, -30, 116, 105, 105]
[-94, 81, 22, 121, 32, -116, -109, -84]
[90, -81, -39, -124, -36, 112, 112, 89]
[-84, 87, 36, 126, 38, -111, -117, -66]
[81, -87, -16, -127, -43, 106, 117, 65]
[-77, -7, 23, 11, -37, -69, -8, -115]
[-103, 61, 23, 92, 10, -116, -90, -109]
[-60, 82, 14, 126, 52, -88, -115, -17]
[53, -84, -9, -128, -57, 79, 108, 12]
[-47, 80, 2, 126, 57, -71, -104, 3]
[35, -76, -6, -124, -62, 60, 100, -7]
[-28, 75, 3, 120, 59, -51, -97, 22]
[19, -74, 29, -110, -57, 44, 94, -26]
[-12, 72, -13, 105, 57, -34, -89, 43]
[1, -68, 7, -93, -60, 23, 81, -47]
[-101, 64, 28, 93, 8, -118, -93, -111]
[-16, -52, 6, -83, -60, 6, 65, -67]
[23, 45, -7, 74, 61, 4, -58, 85]
[95, -76, -37, -114, -27, 117, 103, 107]
[35, 34, -27, 56, 55, 20, -43, 95]
[-44, -28, 18, -45, -53, -29, 32, -95]
[51, 26, -16, 39, 48, 38, -21, 102]
[-58, -21, 14, -27, -52, -48, 12, -103]
[65, 12, -17, 11, 41, 56, -4, 114]
[71, -88, -15, -128, -48, 97, 116, 47]
[-82, 5, 35, 18, -30, -78, -19, -123]
[-26, -51, 12, -65, -57, -9, 54, -79]
[-92, 13, 36, 39, -25, -91, -37, -128]
[92, -25, -29, -45, 20, 96, 46, 127]
[-97, 33, 20, 53, -22, -102, -50, -128]
[103, -38, -41, -61, 11, 104, 63, 127]
[-103, 44, 36, 68, -4, -107, -71, -121]
[102, -47, -21, -73, 2, 111, 77, 127]
[-104, 51, 20, 80, 4, -115, -84, -118]
[105, -60, -12, -86, -11, 116, 88, 123]
[-19, -54, 17, -74, -58, 3, 61, -71]
[99, -68, -50, -105, -21, 116, 97, 112]
[-100, 68, 24, 108, 22, -119, -102, -103]
[41, 36, -12, 54, 54, 24, -39, 96]
[-96, 77, 15, 120, 30, -118, -108, -90]
[89, -79, -12, -123, -33, 112, 111, 92]
[-62, -18, 22, -24, -48, -51, 12, -105]
[78, -84, -26, -128, -44, 104, 115, 67]
[-73, 84, 16, 124, 49, -99, -116, -44]
[76, -2, -33, -10, 35, 72, 12, 127]
[-67, 81, 0, 126, 46, -94, -117, -24]
[58, -89, -15, -127, -56, 86, 112, 21]
[-89, 21, 27, 37, -27, -92, -40, -128]
[45, -81, -12, -127, -54, 70, 105, -6]
[-32, 78, 8, 124, 58, -62, -102, 12]
[99, -39, -30, -64, 11, 104, 66, 127]
[-22, 75, -13, 115, 59, -46, -94, 30]
[10, -73, 23, -100, -63, 34, 86, -34]
[-3, 67, -3, 101, 63, -24, -82, 52]
[-6, -67, 22, -86, -62, 17, 75, -54]
[12, 55, -18, 70, 58, -9, -68, 73]
[-21, -49, 10, -73, -57, 0, 59, -74]
[-37, -40, 14, -58, -56, -20, 42, -92]
[42, 37, -23, 47, 52, 28, -32, 98]
[87, -83, -16, -124, -31, 114, 112, 89]
[55, 24, -28, 29, 46, 42, -18, 108]
[-65, -17, 34, -17, -47, -53, 10, -107]
[-72, 84, 17, 122, 46, -98, -116, -40]
[-75, -2, 33, 4, -38, -69, -7, -115]
[79, -6, -15, -4, 35, 74, 16, 127]
[57, -84, -9, -128, -54, 84, 111, 19]
[87, -14, -27, -33, 23, 87, 31, 127]
[-92, 16, 24, 37, -21, -92, -39, -128]
[-36, 80, -5, 120, 54, -61, -98, 13]
[-97, 33, 18, 54, -12, -103, -62, -125]
[99, -40, -35, -65, 9, 104, 67, 127]
[-102, 46, 14, 68, -6, -109, -73, -122]
[-104, 58, 14, 78, 4, -116, -85, -117]
[103, -62, -20, -89, -11, 116, 90, 121]
[-103, 62, 32, 98, 16, -118, -93, -108]
[100, -75, -28, -105, -17, 117, 97, 114]
[-37, -45, 9, -61, -59, -17, 45, -90]
[96, -77, -12, -117, -30, 117, 104, 104]
[-93, 71, 8, 118, 29, -117, -109, -88]
[53, 23, -28, 32, 46, 40, -21, 105]
[-88, 82, 6, 125, 38, -110, -114, -69]
[83, -87, -22, -128, -44, 104, 116, 67]
[-75, 74, 2, 121, 47, -99, -115, -42]
[64, -81, -22, -125, -50, 91, 114, 37]
[-60, 86, 27, 123, 50, -86, -112, -15]
[90, -18, -30, -37, 19, 91, 38, 127]
[-44, 84, 13, 127, 58, -69, -105, 3]
[34, -77, -5, -124, -60, 57, 98, -9]
[-104, 42, 34, 65, -9, -108, -68, -123]
[102, -49, -34, -72, -1, 110, 75, 127]
[-8, 66, 6, 107, 63, -30, -86, 45]
[102, -60, -20, -86, -6, 116, 87, 123]
[-16, -57, -9, -84, -62, 2, 62, -69]
[-98, 70, 21, 110, 24, -116, -100, -103]
[-36, -41, 9, -59, -60, -21, 40, -90]
[43, 35, -10, 48, 51, 32, -32, 97]
[85, -80, -18, -125, -36, 110, 113, 81]
[12, -71, 5, -111, -65, 34, 91, -33]
[-68, -13, 10, -18, -48, -61, 2, -110]
[75, 2, -8, -1, 41, 69, 8, 123]
[-80, 4, 20, 17, -36, -76, -16, -121]
[87, -11, -28, -29, 31, 83, 27, 127]
[-92, 18, 27, 38, -28, -91, -38, -128]
[-101, 30, 30, 56, -14, -104, -61, -126]
[97, -51, -34, -67, 10, 106, 68, 127]
[-101, 50, 25, 71, 0, -110, -75, -120]
[101, -58, -27, -82, -4, 113, 83, 126]
[-103, 55, 24, 88, 8, -116, -90, -110]
[100, -60, -29, -99, -15, 114, 94, 115]
[-99, 73, 16, 106, 18, -116, -98, -103]
[94, -75, -17, -114, -27, 119, 102, 106]
[97, -33, -34, -55, 11, 101, 58, 127]
[86, -82, -14, -125, -37, 110, 111, 87]
[-82, 84, 19, 124, 39, -107, -114, -61]
[-103, 54, 26, 78, 1, -114, -82, -117]
[-72, 88, 13, 124, 46, -96, -118, -36]
[64, -87, -9, -128, -52, 92, 116, 33]
[99, -79, -39, -105, -21, 116, 96, 114]
[47, -80, -15, -126, -54, 76, 107, 6]
[-43, 76, 9, 126, 59, -67, -105, 4]
[-93, 83, 36, 120, 40, -115, -108, -85]
[-27, 64, 4, 120, 59, -53, -96, 23]
[17, -72, -7, -115, -61, 41, 92, -28]
[-101, 54, 28, 78, 3, -112, -82, -115]
[-2, -61, 9, -94, -61, 19, 76, -51]
[12, 59, -5, 78, 57, -9, -69, 70]
[99, -69, -12, -105, -19, 118, 97, 113]
[26, 43, -24, 63, 52, 10, -53, 90]
[-39, -43, 19, -57, -53, -23, 39, -92]
[-88, 80, 12, 123, 31, -112, -112, -75]
[-55, -28, 21, -26, -40, -43, 17, -100]
[63, 15, -27, 19, 41, 55, -7, 111]
[64, -82, -14, -119, -51, 92, 114, 40]
[74, -1, -8, -11, 32, 74, 15, 126]
[-84, 11, 18, 24, -28, -81, -27, -125]
[-44, 81, -9, 122, 57, -69, -104, 2]
[97, -35, -25, -57, 10, 104, 61, 127]
[14, -76, 1, -107, -59, 38, 89, -31]
[100, -45, -15, -74, -3, 109, 76, 127]
[-101, 52, 24, 82, 7, -114, -83, -114]
[12, 57, -12, 78, 59, -8, -69, 72]
[-101, 67, 16, 98, 13, -119, -95, -107]
[102, -73, -30, -106, -20, 119, 98, 111]
[-97, 74, 20, 111, 22, -120, -104, -101]
[91, -77, -15, -118, -25, 119, 106, 106]
[-90, 78, 15, 122, 32, -115, -112, -79]
[83, -76, 5, -125, -39, 105, 114, 77]
[-79, 85, 11, 122, 40, -103, -114, -52]
[72, -92, -17, -117, -45, 97, 115, 50]
[-67, 84, 12, 123, 50, -92, -117, -26]
[-99, 66, 21, 101, 14, -117, -97, -104]
[-52, 82, -1, 123, 54, -78, -111, -1]
[42, -82, -11, -128, -61, 69, 106, -5]
[47, 26, -24, 41, 53, 36, -26, 100]
[24, -77, 3, -118, -61, 52, 96, -16]
[-21, 69, -7, 114, 58, -43, -91, 31]
[-79, 78, -2, 120, 38, -105, -115, -53]
[-5, 64, -12, 96, 59, -27, -83, 51]
[0, -61, 15, -90, -59, 18, 76, -53]
[61, -83, 0, -124, -45, 89, 114, 28]
[-20, -49, 23, -67, -57, -1, 59, -73]
[27, 46, -21, 62, 52, 11, -52, 90]
[-37, -40, 14, -60, -60, -22, 41, -91]
[41, 36, -15, 48, 57, 29, -32, 98]
[-52, -22, 28, -35, -47, -38, 22, -98]
[-68, -16, 24, -15, -41, -58, 4, -107]
[71, 5, -28, 5, 40, 66, 5, 120]
[63, -84, -13, -124, -51, 91, 113, 33]
[-17, -51, 10, -76, -60, 2, 62, -71]
[-88, 15, 25, 32, -26, -86, -33, -127]
[-40, 87, 9, 123, 57, -66, -101, 7]
[-95, 30, 32, 48, -20, -100, -52, -128]
[98, -36, -20, -54, 13, 103, 62, 127]
[15, -72, 16, -113, -63, 40, 92, -30]
[103, -45, -35, -76, -2, 109, 77, 127]
[-102, 54, 24, 81, 3, -112, -83, -115]
[-79, 0, 31, 19, -35, -76, -15, -119]
[-100, 62, 22, 97, 15, -117, -94, -107]
[98, -65, -19, -105, -23, 117, 97, 111]
[-39, -41, 24, -49, -54, -25, 35, -92]
[92, -73, -22, -117, -30, 116, 107, 101]
[-91, 75, 21, 123, 36, -114, -112, -76]
